# This file was generated by Animated Java via MC-Build. It is not recommended to edit this file directly.
$data merge entity $(bone_llegdown) { transformation: [-0.9998938756778106f,-0.014528815792987437f,0.0010727971199457117f,0.1679592608860178f,-0.013647341029850204f,0.9599042086504909f,0.2799958219293456f,-1.5015062745859558f,-0.005097790190081577f,0.27995146673437565f,-0.9600006191708679f,0.10851634288531295f,0f,0f,0f,1f], start_interpolation: 0, interpolation_duration: 1 }
$data merge entity $(bone_lleg) { transformation: [-0.9975682084298317f,-0.06873481741762848f,0.0115409880279375f,0.125f,-0.06969465403535256f,0.9824100393375295f,-0.1732430945455732f,-0.8875f,0.0005698499699348876f,-0.1736261486165007f,-0.9848114722055246f,1.5308084989341915e-17f,0f,0f,0f,1f], start_interpolation: 0, interpolation_duration: 1 }
$data merge entity $(bone_rlegdown) { transformation: [-0.9975624277154355f,0.06910643850927178f,0.009669693224233195f,-0.16783572478219125f,0.0697359179734136f,0.9824118377286439f,0.17321628917348894f,-1.501514905364016f,0.002470739745880807f,0.17346838688127775f,-0.984836338788286f,0.10851634288531294f,0f,0f,0f,1f], start_interpolation: 0, interpolation_duration: 1 }
$data merge entity $(bone_rleg) { transformation: [-0.9975682266758154f,0.06853715965150599f,-0.01266060321521352f,-0.125f,0.06969439287260389f,0.9824238485824256f,-0.17316487328154734f,-0.8875f,0.0005698499699348876f,-0.17362614861650072f,-0.9848114722055246f,-1.5308084989341915e-17f,0f,0f,0f,1f], start_interpolation: 0, interpolation_duration: 1 }
$data merge entity $(bone_head) { transformation: [-0.9991990418937086f,-0.012086588954390357f,-0.03814694019370651f,0.004583140321155338f,-0.021649028192260035f,0.9650136294329817f,0.2613044480809972f,-0.037863446629923136f,0.033654037752182744f,0.2619209983487988f,-0.9645023568488276f,0.22772158894316805f,0f,0f,0f,1f], start_interpolation: 0, interpolation_duration: 1 }
$data merge entity $(bone_lknife) { transformation: [-0.9613979074281562f,-0.018379625036091918f,0.27454736016996234f,0.46689207494887763f,-0.13279367612090348f,0.9048751014049858f,-0.40443403719223914f,-1.0633234544746852f,-0.24099772441883957f,-0.42528019027559877f,-0.8723857269488604f,0.3400724983235872f,0f,0f,0f,1f], start_interpolation: 0, interpolation_duration: 1 }
$data merge entity $(bone_larmdown) { transformation: [-0.9613979074281562f,-0.018379625036091918f,0.27454736016996234f,0.45655353586607594f,-0.13279367612090348f,0.9048751014049858f,-0.40443403719223914f,-0.5543312099343807f,-0.24099772441883957f,-0.42528019027559877f,-0.8723857269488604f,0.10085239129356292f,0f,0f,0f,1f], start_interpolation: 0, interpolation_duration: 1 }
$data merge entity $(bone_larm) { transformation: [-0.9613979074281562f,-0.1905552510149081f,0.19850128438729986f,0.25301087511853415f,-0.13279367612090348f,0.9531397311906874f,0.2718280566976868f,-0.1539317870535679f,-0.24099772441883957f,0.23497520962090782f,-0.9416510753397732f,0.17352932995035514f,0f,0f,0f,1f], start_interpolation: 0, interpolation_duration: 1 }
$data merge entity $(bone_rknife) { transformation: [-0.9292296315663687f,-0.09739295988471047f,-0.35643639430328355f,-0.4003302047904343f,0.06826628305289413f,0.9027816349074486f,-0.4246469525052268f,-1.0550862201288442f,0.3631418544001404f,-0.41892711900607404f,-0.8322427906230836f,0.3510019683172635f,0f,0f,0f,1f], start_interpolation: 0, interpolation_duration: 1 }
$data merge entity $(bone_rarmdown) { transformation: [-0.894006558162974f,-0.06595687158081079f,-0.44317261315752066f,-0.4651292333769854f,0.0980184531761193f,0.9363566987805207f,-0.3370882903421684f,-0.5494535952111868f,0.4372009341236062f,-0.344798236277562f,-0.8306440389609309f,0.10513770797607669f,0f,0f,0f,1f], start_interpolation: 0, interpolation_duration: 1 }
$data merge entity $(bone_rarm) { transformation: [-0.894006558162974f,0.23433996973006788f,-0.38188617747766657f,-0.25085467684970897f,0.0980184531761193f,0.9339670222804133f,0.34365387256601504f,-0.15309532961052083f,0.4372009341236062f,0.2697969234064186f,-0.8579422843769137f,0.16852374520093405f,0f,0f,0f,1f], start_interpolation: 0, interpolation_duration: 1 }
$data merge entity $(bone_upperbody) { transformation: [-0.9934754100888501f,-0.00047105820133055976f,-0.11404555078108909f,-0.18864469916882318f,-0.024494633877244286f,0.9775359911436465f,0.20934039010670732f,-0.3959484127791047f,0.11138501901068548f,0.21076803392113244f,-0.9711695080762212f,0.10887017303248309f,0f,0f,0f,1f], start_interpolation: 0, interpolation_duration: 1 }
$data merge entity $(bone_downbody) { transformation: [-0.9934754100888501f,0.009470459002733451f,-0.11365262845648823f,0f,-0.024494633877244286f,0.9555709543843256f,0.29374166209145225f,-0.8875f,0.11138501901068548f,0.29460899772971416f,-0.9491042703500403f,0f,0f,0f,0f,1f], start_interpolation: 0, interpolation_duration: 1 }