# This file was generated by Animated Java via MC-Build. It is not recommended to edit this file directly.
$data merge entity $(bone_front_leg_right_under2) {transformation: [-0.9996f,-0.0001f,0.0273f,-0.9192f,0f,1f,0.0055f,-1.0875f,-0.0273f,0.0055f,-0.9996f,-1.4789f,0f,0f,0f,1f],start_interpolation: 0,interpolation_duration: 1}
$data merge entity $(bone_rear_leg_right) {transformation: [-0.9996f,0.0015f,0.0272f,-0.8624f,0f,0.9985f,-0.0545f,-0.2331f,-0.0273f,-0.0545f,-0.9981f,-1.7178f,0f,0f,0f,1f],start_interpolation: 0,interpolation_duration: 1}
$data merge entity $(bone_front_leg_left_under2) {transformation: [-0.9996f,-0.0037f,0.027f,0.9184f,0f,0.9907f,0.1359f,-1.1102f,-0.0273f,0.1359f,-0.9903f,-1.5328f,0f,0f,0f,1f],start_interpolation: 0,interpolation_duration: 1}
$data merge entity $(bone_rear_leg_left) {transformation: [-0.9996f,-0.0018f,0.0272f,0.8719f,0f,0.9979f,0.0654f,-0.2331f,-0.0273f,0.0654f,-0.9975f,-1.6705f,0f,0f,0f,1f],start_interpolation: 0,interpolation_duration: 1}
$data merge entity $(bone_head) {transformation: [-1f,0f,0f,-0.0234f,0f,1f,0f,-0.2859f,0f,0f,-1f,0.98f,0f,0f,0f,1f],start_interpolation: 0,interpolation_duration: 1}
$data merge entity $(bone_front_leg_left_under) {transformation: [-1f,0f,0f,1.1444f,0f,0.9914f,-0.1305f,-1.093f,0f,-0.1305f,-0.9914f,0.8037f,0f,0f,0f,1f],start_interpolation: 0,interpolation_duration: 1}
$data merge entity $(bone_front_leg_left) {transformation: [-1f,0f,0f,0.9691f,0f,0.9979f,-0.0654f,-0.2331f,0f,-0.0654f,-0.9979f,0.6788f,0f,0f,0f,1f],start_interpolation: 0,interpolation_duration: 1}
$data merge entity $(bone_front_leg_right_under) {transformation: [-1f,0f,0f,-1.2941f,0f,1f,0f,-1.0669f,0f,0f,-1f,0.609f,0f,0f,0f,1f],start_interpolation: 0,interpolation_duration: 1}
$data merge entity $(bone_front_leg_right) {transformation: [-1f,0f,0f,-1.1409f,0f,0.9971f,0.0763f,-0.2331f,0f,0.0763f,-0.9971f,0.6788f,0f,0f,0f,1f],start_interpolation: 0,interpolation_duration: 1}
$data merge entity $(bone_front_body) {transformation: [-2.2812f,0f,0f,-0.0859f,0f,2.2813f,0f,0.1348f,0f,0f,-2.2812f,-0.6634f,0f,0f,0f,1f],start_interpolation: 0,interpolation_duration: 1}
$data merge entity $(bone_rear_body) {transformation: [-0.9996f,0f,0.0273f,0.0156f,0f,1f,0f,-0.3414f,-0.0273f,0f,-0.9996f,-1.5203f,0f,0f,0f,1f],start_interpolation: 0,interpolation_duration: 1}