# This file was generated by Animated Java via MC-Build. It is not recommended to edit this file directly.
$data merge entity $(bone_front_leg_right_under2) {transformation: [-0.9941f,-0.0339f,0.1035f,-0.9275f,0f,0.9504f,0.3111f,-1.0915f,-0.1089f,0.3092f,-0.9447f,-1.4824f,0f,0f,0f,1f],start_interpolation: 0,interpolation_duration: 1}
$data merge entity $(bone_rear_leg_right) {transformation: [-0.9941f,0.0154f,0.1078f,-0.8434f,0f,0.99f,-0.1413f,-0.2613f,-0.1089f,-0.1405f,-0.9841f,-1.7889f,0f,0f,0f,1f],start_interpolation: 0,interpolation_duration: 1}
$data merge entity $(bone_front_leg_left_under2) {transformation: [-0.9941f,-0.0795f,0.0744f,0.9385f,0f,0.6836f,0.7299f,-1.1463f,-0.1089f,0.7255f,-0.6795f,-1.6605f,0f,0f,0f,1f],start_interpolation: 0,interpolation_duration: 1}
$data merge entity $(bone_rear_leg_left) {transformation: [-0.9941f,-0.0316f,0.1042f,0.8813f,0f,0.9569f,0.2903f,-0.2613f,-0.1089f,0.2886f,-0.9513f,-1.6f,0f,0f,0f,1f],start_interpolation: 0,interpolation_duration: 1}
$data merge entity $(bone_head) {transformation: [-1f,0f,0f,-0.0931f,0f,1f,0f,-0.314f,0f,0f,-1f,0.9688f,0f,0f,0f,1f],start_interpolation: 0,interpolation_duration: 1}
$data merge entity $(bone_front_leg_left_under) {transformation: [-1f,0f,0f,1.0747f,0f,0.8605f,-0.5094f,-1.0803f,0f,-0.5094f,-0.8605f,0.9579f,0f,0f,0f,1f],start_interpolation: 0,interpolation_duration: 1}
$data merge entity $(bone_front_leg_left) {transformation: [-1f,0f,0f,0.8994f,0f,0.9659f,-0.2588f,-0.2613f,0f,-0.2588f,-0.9659f,0.6676f,0f,0f,0f,1f],start_interpolation: 0,interpolation_duration: 1}
$data merge entity $(bone_front_leg_right_under) {transformation: [-1f,0f,0f,-1.3638f,0f,0.9537f,0.3007f,-1.0574f,0f,0.3007f,-0.9537f,0.4103f,0f,0f,0f,1f],start_interpolation: 0,interpolation_duration: 1}
$data merge entity $(bone_front_leg_right) {transformation: [-1f,0f,0f,-1.2106f,0f,0.9537f,0.3007f,-0.2613f,0f,0.3007f,-0.9537f,0.6676f,0f,0f,0f,1f],start_interpolation: 0,interpolation_duration: 1}
$data merge entity $(bone_front_body) {transformation: [-2.2813f,0f,0f,-0.1556f,0f,2.2813f,0f,0.1067f,0f,0f,-2.2813f,-0.6746f,0f,0f,0f,1f],start_interpolation: 0,interpolation_duration: 1}
$data merge entity $(bone_rear_body) {transformation: [-0.9941f,0f,0.1089f,0.0156f,0f,1f,0f,-0.3695f,-0.1089f,0f,-0.9941f,-1.5203f,0f,0f,0f,1f],start_interpolation: 0,interpolation_duration: 1}