# This file was generated by Animated Java via MC-Build. It is not recommended to edit this file directly.
$data merge entity $(bone_front_leg_right_under2) {transformation: [-0.9985f,-0.0238f,0.049f,-0.9172f,0f,0.8993f,0.4374f,-1.1067f,-0.0545f,0.4367f,-0.8979f,-1.556f,0f,0f,0f,1f],start_interpolation: 0,interpolation_duration: 1}
$data merge entity $(bone_rear_leg_right) {transformation: [-0.9985f,-0.0003f,0.0545f,-0.8567f,0f,1f,0.0055f,-0.2394f,-0.0545f,0.0054f,-0.9985f,-1.7416f,0f,0f,0f,1f],start_interpolation: 0,interpolation_duration: 1}
$data merge entity $(bone_front_leg_left_under2) {transformation: [-0.9985f,-0.0344f,0.0423f,0.924f,0f,0.7765f,0.6302f,-1.1262f,-0.0545f,0.6292f,-0.7753f,-1.6092f,0f,0f,0f,1f],start_interpolation: 0,interpolation_duration: 1}
$data merge entity $(bone_rear_leg_left) {transformation: [-0.9985f,-0.0098f,0.0536f,0.8757f,0f,0.9838f,0.179f,-0.2394f,-0.0545f,0.1788f,-0.9824f,-1.6471f,0f,0f,0f,1f],start_interpolation: 0,interpolation_duration: 1}
$data merge entity $(bone_head) {transformation: [-1f,0f,0f,-0.0467f,0f,1f,0f,-0.2921f,0f,0f,-1f,0.9769f,0f,0f,0f,1f],start_interpolation: 0,interpolation_duration: 1}
$data merge entity $(bone_front_leg_left_under) {transformation: [-1f,0f,0f,1.121f,0f,0.9616f,-0.2746f,-1.0893f,0f,-0.2746f,-0.9616f,0.8566f,0f,0f,0f,1f],start_interpolation: 0,interpolation_duration: 1}
$data merge entity $(bone_front_leg_left) {transformation: [-1f,0f,0f,0.9458f,0f,0.9914f,-0.1305f,-0.2394f,0f,-0.1305f,-0.9914f,0.6757f,0f,0f,0f,1f],start_interpolation: 0,interpolation_duration: 1}
$data merge entity $(bone_front_leg_right_under) {transformation: [-1f,0f,0f,-1.3174f,0f,0.9884f,0.1521f,-1.0654f,0f,0.1521f,-0.9884f,0.5425f,0f,0f,0f,1f],start_interpolation: 0,interpolation_duration: 1}
$data merge entity $(bone_front_leg_right) {transformation: [-1f,0f,0f,-1.1642f,0f,0.9884f,0.1521f,-0.2394f,0f,0.1521f,-0.9884f,0.6757f,0f,0f,0f,1f],start_interpolation: 0,interpolation_duration: 1}
$data merge entity $(bone_front_body) {transformation: [-2.2812f,0f,0f,-0.1092f,0f,2.2813f,0f,0.1286f,0f,0f,-2.2812f,-0.6665f,0f,0f,0f,1f],start_interpolation: 0,interpolation_duration: 1}
$data merge entity $(bone_rear_body) {transformation: [-0.9985f,0f,0.0545f,0.0156f,0f,1f,0f,-0.3477f,-0.0545f,0f,-0.9985f,-1.5203f,0f,0f,0f,1f],start_interpolation: 0,interpolation_duration: 1}