# This file was generated by Animated Java via MC-Build. It is not recommended to edit this file directly.
$data merge entity $(bone_front_leg_right_under2) {transformation: [-0.9985f,0.0362f,-0.0408f,-0.9297f,0f,0.7482f,0.6634f,-1.1202f,0.0545f,0.6625f,-0.7471f,-1.7138f,0f,0f,0f,1f],start_interpolation: 0,interpolation_duration: 1}
$data merge entity $(bone_rear_leg_right) {transformation: [-0.9985f,0.0161f,-0.0521f,-0.8756f,0f,0.9553f,0.2955f,-0.2355f,0.0545f,0.2951f,-0.9539f,-1.6453f,0f,0f,0f,1f],start_interpolation: 0,interpolation_duration: 1}
$data merge entity $(bone_front_leg_left_under2) {transformation: [-0.9985f,0.0217f,-0.05f,0.9198f,0f,0.9175f,0.3977f,-1.0912f,0.0545f,0.3972f,-0.9161f,-1.5074f,0f,0f,0f,1f],start_interpolation: 0,interpolation_duration: 1}
$data merge entity $(bone_rear_leg_left) {transformation: [-0.9985f,-0.0027f,-0.0544f,0.8568f,0f,0.9988f,-0.0491f,-0.2355f,0.0545f,-0.049f,-0.9973f,-1.7399f,0f,0f,0f,1f],start_interpolation: 0,interpolation_duration: 1}
$data merge entity $(bone_head) {transformation: [-1f,0f,0f,0.047f,0f,1f,0f,-0.2882f,0f,0f,-1f,0.9854f,0f,0f,0f,1f],start_interpolation: 0,interpolation_duration: 1}
$data merge entity $(bone_front_leg_left_under) {transformation: [-1f,0f,0f,1.2147f,0f,0.9921f,0.1251f,-1.1032f,0f,0.1251f,-0.9921f,0.6389f,0f,0f,0f,1f],start_interpolation: 0,interpolation_duration: 1}
$data merge entity $(bone_front_leg_left) {transformation: [-1f,0f,0f,1.0395f,0f,0.9914f,0.1305f,-0.2355f,0f,0.1305f,-0.9914f,0.6842f,0f,0f,0f,1f],start_interpolation: 0,interpolation_duration: 1}
$data merge entity $(bone_front_leg_right_under) {transformation: [-1f,0f,0f,-1.2237f,0f,0.9884f,-0.1521f,-1.0633f,0f,-0.1521f,-0.9884f,0.8056f,0f,0f,0f,1f],start_interpolation: 0,interpolation_duration: 1}
$data merge entity $(bone_front_leg_right) {transformation: [-1f,0f,0f,-1.0705f,0f,0.9884f,-0.1521f,-0.2355f,0f,-0.1521f,-0.9884f,0.6842f,0f,0f,0f,1f],start_interpolation: 0,interpolation_duration: 1}
$data merge entity $(bone_front_body) {transformation: [-2.2812f,0f,0f,-0.0155f,0f,2.2813f,0f,0.1325f,0f,0f,-2.2812f,-0.658f,0f,0f,0f,1f],start_interpolation: 0,interpolation_duration: 1}
$data merge entity $(bone_rear_body) {transformation: [-0.9985f,0f,-0.0545f,0.0156f,0f,1f,0f,-0.3437f,0.0545f,0f,-0.9985f,-1.5203f,0f,0f,0f,1f],start_interpolation: 0,interpolation_duration: 1}