# This file was generated by Animated Java via MC-Build. It is not recommended to edit this file directly.
$data merge entity $(bone_front_leg_right_under2) {transformation: [-0.9941f,0.0826f,-0.0709f,-0.9529f,0f,0.6511f,0.759f,-1.1181f,0.1089f,0.7545f,-0.6472f,-1.7902f,0f,0f,0f,1f],start_interpolation: 0,interpolation_duration: 1}
$data merge entity $(bone_rear_leg_right) {transformation: [-0.9941f,0.0471f,-0.0982f,-0.8811f,0f,0.9016f,0.4325f,-0.2534f,0.1089f,0.4299f,-0.8963f,-1.5966f,0f,0f,0f,1f],start_interpolation: 0,interpolation_duration: 1}
$data merge entity $(bone_front_leg_left_under2) {transformation: [-0.9941f,0.0293f,-0.1048f,0.9297f,0f,0.963f,0.2693f,-1.0766f,0.1089f,0.2677f,-0.9573f,-1.461f,0f,0f,0f,1f],start_interpolation: 0,interpolation_duration: 1}
$data merge entity $(bone_rear_leg_left) {transformation: [-0.9941f,-0.0177f,-0.1074f,0.8436f,0f,0.9866f,-0.1629f,-0.2534f,0.1089f,-0.1619f,-0.9808f,-1.7855f,0f,0f,0f,1f],start_interpolation: 0,interpolation_duration: 1}
$data merge entity $(bone_head) {transformation: [-1f,0f,0f,0.094f,0f,1f,0f,-0.3062f,0f,0f,-1f,0.9858f,0f,0f,0f,1f],start_interpolation: 0,interpolation_duration: 1}
$data merge entity $(bone_front_leg_left_under) {transformation: [-1f,0f,0f,1.2618f,0f,0.963f,0.2693f,-1.1079f,0f,0.2693f,-0.963f,0.5265f,0f,0f,0f,1f],start_interpolation: 0,interpolation_duration: 1}
$data merge entity $(bone_front_leg_left) {transformation: [-1f,0f,0f,1.0865f,0f,0.9659f,0.2588f,-0.2534f,0f,0.2588f,-0.9659f,0.6846f,0f,0f,0f,1f],start_interpolation: 0,interpolation_duration: 1}
$data merge entity $(bone_front_leg_right_under) {transformation: [-1f,0f,0f,-1.1767f,0f,0.9537f,-0.3007f,-1.0532f,0f,-0.3007f,-0.9537f,0.9305f,0f,0f,0f,1f],start_interpolation: 0,interpolation_duration: 1}
$data merge entity $(bone_front_leg_right) {transformation: [-1f,0f,0f,-1.0235f,0f,0.9537f,-0.3007f,-0.2534f,0f,-0.3007f,-0.9537f,0.6846f,0f,0f,0f,1f],start_interpolation: 0,interpolation_duration: 1}
$data merge entity $(bone_front_body) {transformation: [-2.2812f,0f,0f,0.0315f,0f,2.2813f,0f,0.1145f,0f,0f,-2.2812f,-0.6575f,0f,0f,0f,1f],start_interpolation: 0,interpolation_duration: 1}
$data merge entity $(bone_rear_body) {transformation: [-0.9941f,0f,-0.1089f,0.0156f,0f,1f,0f,-0.3617f,0.1089f,0f,-0.9941f,-1.5203f,0f,0f,0f,1f],start_interpolation: 0,interpolation_duration: 1}