# This file was generated by Animated Java via MC-Build. It is not recommended to edit this file directly.
$data merge entity $(bone_front_leg_right_under2) {transformation: [-0.9866f,0.1369f,-0.0883f,-0.9865f,0f,0.5419f,0.8404f,-1.0973f,0.1629f,0.8292f,-0.5347f,-1.86f,0f,0f,0f,1f],start_interpolation: 0,interpolation_duration: 1}
$data merge entity $(bone_rear_leg_right) {transformation: [-0.9866f,0.0912f,-0.1349f,-0.884f,0f,0.8284f,0.5601f,-0.2714f,0.1629f,0.5526f,-0.8174f,-1.5476f,0f,0f,0f,1f],start_interpolation: 0,interpolation_duration: 1}
$data merge entity $(bone_front_leg_left_under2) {transformation: [-0.9866f,0.0221f,-0.1614f,0.9465f,0f,0.9907f,0.1359f,-1.0513f,0.1629f,0.1341f,-0.9775f,-1.4203f,0f,0f,0f,1f],start_interpolation: 0,interpolation_duration: 1}
$data merge entity $(bone_rear_leg_left) {transformation: [-0.9866f,-0.0447f,-0.1566f,0.8279f,0f,0.9616f,-0.2746f,-0.2714f,0.1629f,-0.2709f,-0.9487f,-1.8302f,0f,0f,0f,1f],start_interpolation: 0,interpolation_duration: 1}
$data merge entity $(bone_head) {transformation: [-1f,0f,0f,0.141f,0f,1f,0f,-0.3242f,0f,0f,-1f,0.9837f,0f,0f,0f,1f],start_interpolation: 0,interpolation_duration: 1}
$data merge entity $(bone_front_leg_left_under) {transformation: [-1f,0f,0f,1.3088f,0f,0.9131f,0.4077f,-1.0979f,0f,0.4077f,-0.9131f,0.4142f,0f,0f,0f,1f],start_interpolation: 0,interpolation_duration: 1}
$data merge entity $(bone_front_leg_left) {transformation: [-1f,0f,0f,1.1335f,0f,0.9239f,0.3827f,-0.2714f,0f,0.3827f,-0.9239f,0.6825f,0f,0f,0f,1f],start_interpolation: 0,interpolation_duration: 1}
$data merge entity $(bone_front_leg_right_under) {transformation: [-1f,0f,0f,-1.1297f,0f,0.8969f,-0.4423f,-1.0244f,0f,-0.4423f,-0.8969f,1.0472f,0f,0f,0f,1f],start_interpolation: 0,interpolation_duration: 1}
$data merge entity $(bone_front_leg_right) {transformation: [-1f,0f,0f,-0.9765f,0f,0.8969f,-0.4423f,-0.2714f,0f,-0.4423f,-0.8969f,0.6825f,0f,0f,0f,1f],start_interpolation: 0,interpolation_duration: 1}
$data merge entity $(bone_front_body) {transformation: [-2.2812f,0f,0f,0.0785f,0f,2.2813f,0f,0.0965f,0f,0f,-2.2812f,-0.6597f,0f,0f,0f,1f],start_interpolation: 0,interpolation_duration: 1}
$data merge entity $(bone_rear_body) {transformation: [-0.9866f,0f,-0.1629f,0.0156f,0f,1f,0f,-0.3797f,0.1629f,0f,-0.9866f,-1.5203f,0f,0f,0f,1f],start_interpolation: 0,interpolation_duration: 1}