# This file was generated by Animated Java via MC-Build. It is not recommended to edit this file directly.
$data merge entity $(bone_front_leg_right_under2) {transformation: [-0.9763f,0.1962f,-0.0915f,-1.029f,0f,0.4226f,0.9063f,-1.0587f,0.2164f,0.8848f,-0.4126f,-1.9198f,0f,0f,0f,1f],start_interpolation: 0,interpolation_duration: 1}
$data merge entity $(bone_rear_leg_right) {transformation: [-0.9763f,0.1462f,-0.1596f,-0.8841f,0f,0.7373f,0.6756f,-0.2894f,0.2164f,0.6596f,-0.7198f,-1.4985f,0f,0f,0f,1f],start_interpolation: 0,interpolation_duration: 1}
$data merge entity $(bone_front_leg_left_under2) {transformation: [-0.9763f,0f,-0.2164f,0.9693f,0f,1f,0f,-1.0157f,0.2164f,0f,-0.9763f,-1.3869f,0f,0f,0f,1f],start_interpolation: 0,interpolation_duration: 1}
$data merge entity $(bone_rear_leg_left) {transformation: [-0.9763f,-0.0828f,-0.2f,0.8098f,0f,0.9239f,-0.3827f,-0.2894f,0.2164f,-0.3736f,-0.902f,-1.874f,0f,0f,0f,1f],start_interpolation: 0,interpolation_duration: 1}
$data merge entity $(bone_head) {transformation: [-1f,0f,0f,0.1879f,0f,1f,0f,-0.3421f,0f,0f,-1f,0.979f,0f,0f,0f,1f],start_interpolation: 0,interpolation_duration: 1}
$data merge entity $(bone_front_leg_left_under) {transformation: [-1f,0f,0f,1.3556f,0f,0.8434f,0.5373f,-1.0737f,0f,0.5373f,-0.8434f,0.3039f,0f,0f,0f,1f],start_interpolation: 0,interpolation_duration: 1}
$data merge entity $(bone_front_leg_left) {transformation: [-1f,0f,0f,1.1804f,0f,0.866f,0.5f,-0.2894f,0f,0.5f,-0.866f,0.6778f,0f,0f,0f,1f],start_interpolation: 0,interpolation_duration: 1}
$data merge entity $(bone_front_leg_right_under) {transformation: [-1f,0f,0f,-1.0828f,0f,0.8192f,-0.5736f,-0.9782f,0f,-0.5736f,-0.8192f,1.1528f,0f,0f,0f,1f],start_interpolation: 0,interpolation_duration: 1}
$data merge entity $(bone_front_leg_right) {transformation: [-1f,0f,0f,-0.9296f,0f,0.8192f,-0.5736f,-0.2894f,0f,-0.5736f,-0.8192f,0.6778f,0f,0f,0f,1f],start_interpolation: 0,interpolation_duration: 1}
$data merge entity $(bone_front_body) {transformation: [-2.2812f,0f,0f,0.1254f,0f,2.2813f,0f,0.0786f,0f,0f,-2.2812f,-0.6644f,0f,0f,0f,1f],start_interpolation: 0,interpolation_duration: 1}
$data merge entity $(bone_rear_body) {transformation: [-0.9763f,0f,-0.2164f,0.0156f,0f,1f,0f,-0.3977f,0.2164f,0f,-0.9763f,-1.5203f,0f,0f,0f,1f],start_interpolation: 0,interpolation_duration: 1}