# This file was generated by Animated Java via MC-Build. It is not recommended to edit this file directly.
$data merge entity $(bone_front_leg_right_under2) {transformation: [-0.9818f,0.1589f,-0.1037f,-1.0038f,0f,0.5465f,0.8375f,-1.0878f,0.1897f,0.8223f,-0.5365f,-1.8763f,0f,0f,0f,1f],start_interpolation: 0,interpolation_duration: 1}
$data merge entity $(bone_rear_leg_right) {transformation: [-0.9818f,0.1147f,-0.1512f,-0.8844f,0f,0.7967f,0.6044f,-0.2808f,0.1897f,0.5934f,-0.7822f,-1.523f,0f,0f,0f,1f],start_interpolation: 0,interpolation_duration: 1}
$data merge entity $(bone_front_leg_left_under2) {transformation: [-0.9818f,0f,-0.1897f,0.9584f,0f,1f,0f,-1.0313f,0.1897f,0f,-0.9818f,-1.3965f,0f,0f,0f,1f],start_interpolation: 0,interpolation_duration: 1}
$data merge entity $(bone_rear_leg_left) {transformation: [-0.9818f,-0.0639f,-0.1786f,0.8191f,0f,0.9415f,-0.3369f,-0.2808f,0.1897f,-0.3308f,-0.9244f,-1.8522f,0f,0f,0f,1f],start_interpolation: 0,interpolation_duration: 1}
$data merge entity $(bone_head) {transformation: [-1f,0f,0f,0.1645f,0f,1f,0f,-0.3335f,0f,0f,-1f,0.9817f,0f,0f,0f,1f],start_interpolation: 0,interpolation_duration: 1}
$data merge entity $(bone_front_leg_left_under) {transformation: [-1f,0f,0f,1.3322f,0f,0.8793f,0.4762f,-1.0879f,0f,0.4762f,-0.8793f,0.3586f,0f,0f,0f,1f],start_interpolation: 0,interpolation_duration: 1}
$data merge entity $(bone_front_leg_left) {transformation: [-1f,0f,0f,1.157f,0f,0.8969f,0.4423f,-0.2808f,0f,0.4423f,-0.8969f,0.6805f,0f,0f,0f,1f],start_interpolation: 0,interpolation_duration: 1}
$data merge entity $(bone_front_leg_right_under) {transformation: [-1f,0f,0f,-1.1062f,0f,0.8605f,-0.5094f,-1.0038f,0f,-0.5094f,-0.8605f,1.1015f,0f,0f,0f,1f],start_interpolation: 0,interpolation_duration: 1}
$data merge entity $(bone_front_leg_right) {transformation: [-1f,0f,0f,-0.953f,0f,0.8605f,-0.5094f,-0.2808f,0f,-0.5094f,-0.8605f,0.6805f,0f,0f,0f,1f],start_interpolation: 0,interpolation_duration: 1}
$data merge entity $(bone_front_body) {transformation: [-2.2812f,0f,0f,0.102f,0f,2.2813f,0f,0.0872f,0f,0f,-2.2812f,-0.6617f,0f,0f,0f,1f],start_interpolation: 0,interpolation_duration: 1}
$data merge entity $(bone_rear_body) {transformation: [-0.9818f,0f,-0.1897f,0.0156f,0f,1f,0f,-0.3891f,0.1897f,0f,-0.9818f,-1.5203f,0f,0f,0f,1f],start_interpolation: 0,interpolation_duration: 1}