# This file was generated by Animated Java via MC-Build. It is not recommended to edit this file directly.
$data merge entity $(bone_front_leg_right_under2) {transformation: [-0.9866f,0.1225f,-0.1074f,-0.9813f,0f,0.6593f,0.7518f,-1.1099f,0.1629f,0.7418f,-0.6505f,-1.8287f,0f,0f,0f,1f],start_interpolation: 0,interpolation_duration: 1}
$data merge entity $(bone_rear_leg_right) {transformation: [-0.9866f,0.086f,-0.1383f,-0.884f,0f,0.8492f,0.5281f,-0.2722f,0.1629f,0.521f,-0.8379f,-1.5476f,0f,0f,0f,1f],start_interpolation: 0,interpolation_duration: 1}
$data merge entity $(bone_front_leg_left_under2) {transformation: [-0.9866f,0f,-0.1629f,0.9486f,0f,1f,0f,-1.045f,0.1629f,0f,-0.9866f,-1.4077f,0f,0f,0f,1f],start_interpolation: 0,interpolation_duration: 1}
$data merge entity $(bone_rear_leg_left) {transformation: [-0.9866f,-0.0473f,-0.1559f,0.8279f,0f,0.9569f,-0.2903f,-0.2722f,0.1629f,-0.2864f,-0.9442f,-1.8302f,0f,0f,0f,1f],start_interpolation: 0,interpolation_duration: 1}
$data merge entity $(bone_head) {transformation: [-1f,0f,0f,0.141f,0f,1f,0f,-0.3249f,0f,0f,-1f,0.9837f,0f,0f,0f,1f],start_interpolation: 0,interpolation_duration: 1}
$data merge entity $(bone_front_leg_left_under) {transformation: [-1f,0f,0f,1.3088f,0f,0.9109f,0.4127f,-1.0987f,0f,0.4127f,-0.9109f,0.4142f,0f,0f,0f,1f],start_interpolation: 0,interpolation_duration: 1}
$data merge entity $(bone_front_leg_left) {transformation: [-1f,0f,0f,1.1335f,0f,0.9239f,0.3827f,-0.2722f,0f,0.3827f,-0.9239f,0.6825f,0f,0f,0f,1f],start_interpolation: 0,interpolation_duration: 1}
$data merge entity $(bone_front_leg_right_under) {transformation: [-1f,0f,0f,-1.1297f,0f,0.8969f,-0.4423f,-1.0252f,0f,-0.4423f,-0.8969f,1.0472f,0f,0f,0f,1f],start_interpolation: 0,interpolation_duration: 1}
$data merge entity $(bone_front_leg_right) {transformation: [-1f,0f,0f,-0.9765f,0f,0.8969f,-0.4423f,-0.2722f,0f,-0.4423f,-0.8969f,0.6825f,0f,0f,0f,1f],start_interpolation: 0,interpolation_duration: 1}
$data merge entity $(bone_front_body) {transformation: [-2.2812f,0f,0f,0.0785f,0f,2.2813f,0f,0.0958f,0f,0f,-2.2812f,-0.6597f,0f,0f,0f,1f],start_interpolation: 0,interpolation_duration: 1}
$data merge entity $(bone_rear_body) {transformation: [-0.9866f,0f,-0.1629f,0.0156f,0f,1f,0f,-0.3805f,0.1629f,0f,-0.9866f,-1.5203f,0f,0f,0f,1f],start_interpolation: 0,interpolation_duration: 1}