# This file was generated by Animated Java via MC-Build. It is not recommended to edit this file directly.
$data merge entity $(bone_front_leg_right_under2) {transformation: [-0.9907f,0.0885f,-0.1032f,-0.9618f,0f,0.759f,0.6511f,-1.1249f,0.1359f,0.6451f,-0.7519f,-1.7777f,0f,0f,0f,1f],start_interpolation: 0,interpolation_duration: 1}
$data merge entity $(bone_rear_leg_right) {transformation: [-0.9907f,0.0608f,-0.1216f,-0.8829f,0f,0.8944f,0.4472f,-0.2636f,0.1359f,0.443f,-0.8861f,-1.5721f,0f,0f,0f,1f],start_interpolation: 0,interpolation_duration: 1}
$data merge entity $(bone_front_leg_left_under2) {transformation: [-0.9907f,0f,-0.1359f,0.9399f,0f,1f,0f,-1.0569f,0.1359f,0f,-0.9907f,-1.4204f,0f,0f,0f,1f],start_interpolation: 0,interpolation_duration: 1}
$data merge entity $(bone_rear_leg_left) {transformation: [-0.9907f,-0.033f,-0.1319f,0.836f,0f,0.97f,-0.243f,-0.2636f,0.1359f,-0.2407f,-0.961f,-1.8079f,0f,0f,0f,1f],start_interpolation: 0,interpolation_duration: 1}
$data merge entity $(bone_head) {transformation: [-1f,0f,0f,0.1175f,0f,1f,0f,-0.3163f,0f,0f,-1f,0.9851f,0f,0f,0f,1f],start_interpolation: 0,interpolation_duration: 1}
$data merge entity $(bone_front_leg_left_under) {transformation: [-1f,0f,0f,1.2853f,0f,0.9378f,0.3471f,-1.1058f,0f,0.3471f,-0.9378f,0.4702f,0f,0f,0f,1f],start_interpolation: 0,interpolation_duration: 1}
$data merge entity $(bone_front_leg_left) {transformation: [-1f,0f,0f,1.11f,0f,0.9469f,0.3214f,-0.2636f,0f,0.3214f,-0.9469f,0.6839f,0f,0f,0f,1f],start_interpolation: 0,interpolation_duration: 1}
$data merge entity $(bone_front_leg_right_under) {transformation: [-1f,0f,0f,-1.1532f,0f,0.928f,-0.3726f,-1.0423f,0f,-0.3726f,-0.928f,0.9901f,0f,0f,0f,1f],start_interpolation: 0,interpolation_duration: 1}
$data merge entity $(bone_front_leg_right) {transformation: [-1f,0f,0f,-1f,0f,0.928f,-0.3726f,-0.2636f,0f,-0.3726f,-0.928f,0.6839f,0f,0f,0f,1f],start_interpolation: 0,interpolation_duration: 1}
$data merge entity $(bone_front_body) {transformation: [-2.2812f,0f,0f,0.055f,0f,2.2813f,0f,0.1043f,0f,0f,-2.2812f,-0.6583f,0f,0f,0f,1f],start_interpolation: 0,interpolation_duration: 1}
$data merge entity $(bone_rear_body) {transformation: [-0.9907f,0f,-0.1359f,0.0156f,0f,1f,0f,-0.3719f,0.1359f,0f,-0.9907f,-1.5203f,0f,0f,0f,1f],start_interpolation: 0,interpolation_duration: 1}