# This file was generated by Animated Java via MC-Build. It is not recommended to edit this file directly.
$data merge entity $(bone_front_leg_right_under2) {transformation: [-0.9985f,-0.0006f,0.0545f,-0.9225f,0f,0.9999f,0.0109f,-1.0638f,-0.0545f,0.0109f,-0.9985f,-1.4583f,0f,0f,0f,1f],start_interpolation: 0,interpolation_duration: 1}
$data merge entity $(bone_rear_leg_right) {transformation: [-0.9985f,0.0059f,0.0542f,-0.8567f,0f,0.9941f,-0.1089f,-0.2237f,-0.0545f,-0.1087f,-0.9926f,-1.7416f,0f,0f,0f,1f],start_interpolation: 0,interpolation_duration: 1}
$data merge entity $(bone_front_leg_left_under2) {transformation: [-0.9985f,-0.0147f,0.0525f,0.9216f,0f,0.963f,0.2693f,-1.1078f,-0.0545f,0.2689f,-0.9616f,-1.5658f,0f,0f,0f,1f],start_interpolation: 0,interpolation_duration: 1}
$data merge entity $(bone_rear_leg_left) {transformation: [-0.9985f,-0.0071f,0.054f,0.8757f,0f,0.9914f,0.1305f,-0.2237f,-0.0545f,0.1303f,-0.99f,-1.6471f,0f,0f,0f,1f],start_interpolation: 0,interpolation_duration: 1}
$data merge entity $(bone_head) {transformation: [-1f,0f,0f,-0.0467f,0f,1f,0f,-0.2765f,0f,0f,-1f,0.9769f,0f,0f,0f,1f],start_interpolation: 0,interpolation_duration: 1}
$data merge entity $(bone_front_leg_left_under) {transformation: [-1f,0f,0f,1.121f,0f,0.9659f,-0.2588f,-1.0737f,0f,-0.2588f,-0.9659f,0.8566f,0f,0f,0f,1f],start_interpolation: 0,interpolation_duration: 1}
$data merge entity $(bone_front_leg_left) {transformation: [-1f,0f,0f,0.9458f,0f,0.9914f,-0.1305f,-0.2237f,0f,-0.1305f,-0.9914f,0.6757f,0f,0f,0f,1f],start_interpolation: 0,interpolation_duration: 1}
$data merge entity $(bone_front_leg_right_under) {transformation: [-1f,0f,0f,-1.3174f,0f,1f,0f,-1.0498f,0f,0f,-1f,0.5425f,0f,0f,0f,1f],start_interpolation: 0,interpolation_duration: 1}
$data merge entity $(bone_front_leg_right) {transformation: [-1f,0f,0f,-1.1642f,0f,0.9884f,0.1521f,-0.2237f,0f,0.1521f,-0.9884f,0.6757f,0f,0f,0f,1f],start_interpolation: 0,interpolation_duration: 1}
$data merge entity $(bone_front_body) {transformation: [-2.2812f,0f,0f,-0.1092f,0f,2.2813f,0f,0.1442f,0f,0f,-2.2812f,-0.6665f,0f,0f,0f,1f],start_interpolation: 0,interpolation_duration: 1}
$data merge entity $(bone_rear_body) {transformation: [-0.9985f,0f,0.0545f,0.0156f,0f,1f,0f,-0.332f,-0.0545f,0f,-0.9985f,-1.5203f,0f,0f,0f,1f],start_interpolation: 0,interpolation_duration: 1}