# This file was generated by Animated Java via MC-Build. It is not recommended to edit this file directly.
$data merge entity $(bone_front_leg_right_under2) {transformation: [-0.9941f,0.0585f,-0.0918f,-0.9457f,0f,0.8434f,0.5373f,-1.1324f,0.1089f,0.5341f,-0.8384f,-1.7241f,0f,0f,0f,1f],start_interpolation: 0,interpolation_duration: 1}
$data merge entity $(bone_rear_leg_right) {transformation: [-0.9941f,0.0395f,-0.1015f,-0.8811f,0f,0.932f,0.3624f,-0.255f,0.1089f,0.3603f,-0.9265f,-1.5966f,0f,0f,0f,1f],start_interpolation: 0,interpolation_duration: 1}
$data merge entity $(bone_front_leg_left_under2) {transformation: [-0.9941f,0f,-0.1089f,0.9326f,0f,1f,0f,-1.0669f,0.1089f,0f,-0.9941f,-1.4344f,0f,0f,0f,1f],start_interpolation: 0,interpolation_duration: 1}
$data merge entity $(bone_rear_leg_left) {transformation: [-0.9941f,-0.0212f,-0.1068f,0.8436f,0f,0.9808f,-0.1951f,-0.255f,0.1089f,-0.1939f,-0.975f,-1.7855f,0f,0f,0f,1f],start_interpolation: 0,interpolation_duration: 1}
$data merge entity $(bone_head) {transformation: [-1f,0f,0f,0.094f,0f,1f,0f,-0.3077f,0f,0f,-1f,0.9858f,0f,0f,0f,1f],start_interpolation: 0,interpolation_duration: 1}
$data merge entity $(bone_front_leg_left_under) {transformation: [-1f,0f,0f,1.2618f,0f,0.96f,0.2798f,-1.1094f,0f,0.2798f,-0.96f,0.5265f,0f,0f,0f,1f],start_interpolation: 0,interpolation_duration: 1}
$data merge entity $(bone_front_leg_left) {transformation: [-1f,0f,0f,1.0865f,0f,0.9659f,0.2588f,-0.255f,0f,0.2588f,-0.9659f,0.6846f,0f,0f,0f,1f],start_interpolation: 0,interpolation_duration: 1}
$data merge entity $(bone_front_leg_right_under) {transformation: [-1f,0f,0f,-1.1767f,0f,0.9537f,-0.3007f,-1.0547f,0f,-0.3007f,-0.9537f,0.9305f,0f,0f,0f,1f],start_interpolation: 0,interpolation_duration: 1}
$data merge entity $(bone_front_leg_right) {transformation: [-1f,0f,0f,-1.0235f,0f,0.9537f,-0.3007f,-0.255f,0f,-0.3007f,-0.9537f,0.6846f,0f,0f,0f,1f],start_interpolation: 0,interpolation_duration: 1}
$data merge entity $(bone_front_body) {transformation: [-2.2812f,0f,0f,0.0315f,0f,2.2813f,0f,0.1129f,0f,0f,-2.2812f,-0.6575f,0f,0f,0f,1f],start_interpolation: 0,interpolation_duration: 1}
$data merge entity $(bone_rear_body) {transformation: [-0.9941f,0f,-0.1089f,0.0156f,0f,1f,0f,-0.3633f,0.1089f,0f,-0.9941f,-1.5203f,0f,0f,0f,1f],start_interpolation: 0,interpolation_duration: 1}