# This file was generated by Animated Java via MC-Build. It is not recommended to edit this file directly.
$data merge entity $(bone_front_leg_right_under2) {transformation: [-0.9967f,0.0337f,-0.0744f,-0.9331f,0f,0.9109f,0.4127f,-1.1379f,0.0817f,0.4113f,-0.9078f,-1.6687f,0f,0f,0f,1f],start_interpolation: 0,interpolation_duration: 1}
$data merge entity $(bone_rear_leg_right) {transformation: [-0.9967f,0.0224f,-0.0786f,-0.8787f,0f,0.9616f,0.2746f,-0.2519f,0.0817f,0.2737f,-0.9583f,-1.621f,0f,0f,0f,1f],start_interpolation: 0,interpolation_duration: 1}
$data merge entity $(bone_front_leg_left_under2) {transformation: [-0.9967f,0f,-0.0817f,0.9266f,0f,1f,0f,-1.0804f,0.0817f,0f,-0.9967f,-1.4496f,0f,0f,0f,1f],start_interpolation: 0,interpolation_duration: 1}
$data merge entity $(bone_rear_leg_left) {transformation: [-0.9967f,-0.012f,-0.0808f,0.8505f,0f,0.9892f,-0.1467f,-0.2519f,0.0817f,-0.1462f,-0.9859f,-1.7628f,0f,0f,0f,1f],start_interpolation: 0,interpolation_duration: 1}
$data merge entity $(bone_head) {transformation: [-1f,0f,0f,0.0705f,0f,1f,0f,-0.3046f,0f,0f,-1f,0.986f,0f,0f,0f,1f],start_interpolation: 0,interpolation_duration: 1}
$data merge entity $(bone_front_leg_left_under) {transformation: [-1f,0f,0f,1.2383f,0f,0.9775f,0.2111f,-1.1148f,0f,0.2111f,-0.9775f,0.5828f,0f,0f,0f,1f],start_interpolation: 0,interpolation_duration: 1}
$data merge entity $(bone_front_leg_left) {transformation: [-1f,0f,0f,1.063f,0f,0.9808f,0.1951f,-0.2519f,0f,0.1951f,-0.9808f,0.6848f,0f,0f,0f,1f],start_interpolation: 0,interpolation_duration: 1}
$data merge entity $(bone_front_leg_right_under) {transformation: [-1f,0f,0f,-1.2002f,0f,0.9739f,-0.2271f,-1.068f,0f,-0.2271f,-0.9739f,0.8689f,0f,0f,0f,1f],start_interpolation: 0,interpolation_duration: 1}
$data merge entity $(bone_front_leg_right) {transformation: [-1f,0f,0f,-1.047f,0f,0.9739f,-0.2271f,-0.2519f,0f,-0.2271f,-0.9739f,0.6848f,0f,0f,0f,1f],start_interpolation: 0,interpolation_duration: 1}
$data merge entity $(bone_front_body) {transformation: [-2.2812f,0f,0f,0.008f,0f,2.2813f,0f,0.1161f,0f,0f,-2.2812f,-0.6574f,0f,0f,0f,1f],start_interpolation: 0,interpolation_duration: 1}
$data merge entity $(bone_rear_body) {transformation: [-0.9967f,0f,-0.0817f,0.0156f,0f,1f,0f,-0.3602f,0.0817f,0f,-0.9967f,-1.5203f,0f,0f,0f,1f],start_interpolation: 0,interpolation_duration: 1}