# This file was generated by Animated Java via MC-Build. It is not recommended to edit this file directly.
$data merge entity $(bone_front_leg_right_under2) {transformation: [-0.9985f,0.0153f,-0.0523f,-0.9242f,0f,0.96f,0.2798f,-1.1358f,0.0545f,0.2794f,-0.9586f,-1.6123f,0f,0f,0f,1f],start_interpolation: 0,interpolation_duration: 1}
$data merge entity $(bone_rear_leg_right) {transformation: [-0.9985f,0.0101f,-0.0536f,-0.8756f,0f,0.9829f,0.1844f,-0.2488f,0.0545f,0.1841f,-0.9814f,-1.6453f,0f,0f,0f,1f],start_interpolation: 0,interpolation_duration: 1}
$data merge entity $(bone_front_leg_left_under2) {transformation: [-0.9985f,0f,-0.0545f,0.9221f,0f,1f,0f,-1.0919f,0.0545f,0f,-0.9985f,-1.4657f,0f,0f,0f,1f],start_interpolation: 0,interpolation_duration: 1}
$data merge entity $(bone_rear_leg_left) {transformation: [-0.9985f,-0.0053f,-0.0543f,0.8568f,0f,0.9952f,-0.098f,-0.2488f,0.0545f,-0.0979f,-0.9937f,-1.7399f,0f,0f,0f,1f],start_interpolation: 0,interpolation_duration: 1}
$data merge entity $(bone_head) {transformation: [-1f,0f,0f,0.047f,0f,1f,0f,-0.3015f,0f,0f,-1f,0.9854f,0f,0f,0f,1f],start_interpolation: 0,interpolation_duration: 1}
$data merge entity $(bone_front_leg_left_under) {transformation: [-1f,0f,0f,1.2147f,0f,0.99f,0.1413f,-1.1165f,0f,0.1413f,-0.99f,0.6389f,0f,0f,0f,1f],start_interpolation: 0,interpolation_duration: 1}
$data merge entity $(bone_front_leg_left) {transformation: [-1f,0f,0f,1.0395f,0f,0.9914f,0.1305f,-0.2488f,0f,0.1305f,-0.9914f,0.6842f,0f,0f,0f,1f],start_interpolation: 0,interpolation_duration: 1}
$data merge entity $(bone_front_leg_right_under) {transformation: [-1f,0f,0f,-1.2237f,0f,0.9884f,-0.1521f,-1.0766f,0f,-0.1521f,-0.9884f,0.8056f,0f,0f,0f,1f],start_interpolation: 0,interpolation_duration: 1}
$data merge entity $(bone_front_leg_right) {transformation: [-1f,0f,0f,-1.0705f,0f,0.9884f,-0.1521f,-0.2488f,0f,-0.1521f,-0.9884f,0.6842f,0f,0f,0f,1f],start_interpolation: 0,interpolation_duration: 1}
$data merge entity $(bone_front_body) {transformation: [-2.2812f,0f,0f,-0.0155f,0f,2.2813f,0f,0.1192f,0f,0f,-2.2812f,-0.658f,0f,0f,0f,1f],start_interpolation: 0,interpolation_duration: 1}
$data merge entity $(bone_rear_body) {transformation: [-0.9985f,0f,-0.0545f,0.0156f,0f,1f,0f,-0.357f,0.0545f,0f,-0.9985f,-1.5203f,0f,0f,0f,1f],start_interpolation: 0,interpolation_duration: 1}