# This file was generated by Animated Java via MC-Build. It is not recommended to edit this file directly.
$data merge entity $(bone_front_leg_right_under2) {transformation: [-0.9996f,0.0039f,-0.027f,-0.9191f,0f,0.99f,0.1413f,-1.1261f,0.0273f,0.1413f,-0.9896f,-1.556f,0f,0f,0f,1f],start_interpolation: 0,interpolation_duration: 1}
$data merge entity $(bone_rear_leg_right) {transformation: [-0.9996f,0.0025f,-0.0272f,-0.8719f,0f,0.9957f,0.0926f,-0.2456f,0.0273f,0.0926f,-0.9953f,-1.6696f,0f,0f,0f,1f],start_interpolation: 0,interpolation_duration: 1}
$data merge entity $(bone_front_leg_left_under2) {transformation: [-0.9996f,0f,-0.0273f,0.9191f,0f,1f,0f,-1.1013f,0.0273f,0f,-0.9996f,-1.4827f,0f,0f,0f,1f],start_interpolation: 0,interpolation_duration: 1}
$data merge entity $(bone_rear_leg_left) {transformation: [-0.9996f,-0.0013f,-0.0272f,0.8625f,0f,0.9988f,-0.0491f,-0.2456f,0.0273f,-0.049f,-0.9984f,-1.7169f,0f,0f,0f,1f],start_interpolation: 0,interpolation_duration: 1}
$data merge entity $(bone_head) {transformation: [-1f,0f,0f,0.0235f,0f,1f,0f,-0.2984f,0f,0f,-1f,0.9843f,0f,0f,0f,1f],start_interpolation: 0,interpolation_duration: 1}
$data merge entity $(bone_front_leg_left_under) {transformation: [-1f,0f,0f,1.1912f,0f,0.9975f,0.0708f,-1.1145f,0f,0.0708f,-0.9975f,0.6946f,0f,0f,0f,1f],start_interpolation: 0,interpolation_duration: 1}
$data merge entity $(bone_front_leg_left) {transformation: [-1f,0f,0f,1.016f,0f,0.9979f,0.0654f,-0.2456f,0f,0.0654f,-0.9979f,0.6831f,0f,0f,0f,1f],start_interpolation: 0,interpolation_duration: 1}
$data merge entity $(bone_front_leg_right_under) {transformation: [-1f,0f,0f,-1.2472f,0f,0.9971f,-0.0763f,-1.0803f,0f,-0.0763f,-0.9971f,0.7409f,0f,0f,0f,1f],start_interpolation: 0,interpolation_duration: 1}
$data merge entity $(bone_front_leg_right) {transformation: [-1f,0f,0f,-1.094f,0f,0.9971f,-0.0763f,-0.2456f,0f,-0.0763f,-0.9971f,0.6831f,0f,0f,0f,1f],start_interpolation: 0,interpolation_duration: 1}
$data merge entity $(bone_front_body) {transformation: [-2.2812f,0f,0f,-0.039f,0f,2.2813f,0f,0.1223f,0f,0f,-2.2812f,-0.6591f,0f,0f,0f,1f],start_interpolation: 0,interpolation_duration: 1}
$data merge entity $(bone_rear_body) {transformation: [-0.9996f,0f,-0.0273f,0.0156f,0f,1f,0f,-0.3539f,0.0273f,0f,-0.9996f,-1.5203f,0f,0f,0f,1f],start_interpolation: 0,interpolation_duration: 1}