# This file was generated by Animated Java via MC-Build. It is not recommended to edit this file directly.
$data merge entity $(bone_front_leg_right_under2) {transformation: [-0.9967f,-0.0013f,0.0817f,-0.9276f,0f,0.9999f,0.0164f,-1.0376f,-0.0817f,0.0163f,-0.9965f,-1.4387f,0f,0f,0f,1f],start_interpolation: 0,interpolation_duration: 1}
$data merge entity $(bone_rear_leg_right) {transformation: [-0.9967f,0.0133f,0.0806f,-0.8504f,0f,0.9866f,-0.1629f,-0.2144f,-0.0817f,-0.1624f,-0.9833f,-1.7653f,0f,0f,0f,1f],start_interpolation: 0,interpolation_duration: 1}
$data merge entity $(bone_front_leg_left_under2) {transformation: [-0.9967f,-0.0325f,0.075f,0.9272f,0f,0.9175f,0.3977f,-1.1017f,-0.0817f,0.3964f,-0.9144f,-1.5989f,0f,0f,0f,1f],start_interpolation: 0,interpolation_duration: 1}
$data merge entity $(bone_rear_leg_left) {transformation: [-0.9967f,-0.0159f,0.0802f,0.8788f,0f,0.9808f,0.1951f,-0.2144f,-0.0817f,0.1944f,-0.9775f,-1.6236f,0f,0f,0f,1f],start_interpolation: 0,interpolation_duration: 1}
$data merge entity $(bone_head) {transformation: [-1f,0f,0f,-0.07f,0f,1f,0f,-0.2671f,0f,0f,-1f,0.9732f,0f,0f,0f,1f],start_interpolation: 0,interpolation_duration: 1}
$data merge entity $(bone_front_leg_left_under) {transformation: [-1f,0f,0f,1.0978f,0f,0.9239f,-0.3827f,-1.0506f,0f,-0.3827f,-0.9239f,0.908f,0f,0f,0f,1f],start_interpolation: 0,interpolation_duration: 1}
$data merge entity $(bone_front_leg_left) {transformation: [-1f,0f,0f,0.9225f,0f,0.9808f,-0.1951f,-0.2144f,0f,-0.1951f,-0.9808f,0.672f,0f,0f,0f,1f],start_interpolation: 0,interpolation_duration: 1}
$data merge entity $(bone_front_leg_right_under) {transformation: [-1f,0f,0f,-1.3407f,0f,1f,0f,-1.0278f,0f,0f,-1f,0.4762f,0f,0f,0f,1f],start_interpolation: 0,interpolation_duration: 1}
$data merge entity $(bone_front_leg_right) {transformation: [-1f,0f,0f,-1.1875f,0f,0.9739f,0.2271f,-0.2144f,0f,0.2271f,-0.9739f,0.672f,0f,0f,0f,1f],start_interpolation: 0,interpolation_duration: 1}
$data merge entity $(bone_front_body) {transformation: [-2.2812f,0f,0f,-0.1325f,0f,2.2813f,0f,0.1536f,0f,0f,-2.2812f,-0.6702f,0f,0f,0f,1f],start_interpolation: 0,interpolation_duration: 1}
$data merge entity $(bone_rear_body) {transformation: [-0.9967f,0f,0.0817f,0.0156f,0f,1f,0f,-0.3227f,-0.0817f,0f,-0.9967f,-1.5203f,0f,0f,0f,1f],start_interpolation: 0,interpolation_duration: 1}