# This file was generated by Animated Java via MC-Build. It is not recommended to edit this file directly.
$data merge entity $(bone_front_leg_right_under2) {transformation: [-0.9941f,-0.0024f,0.1088f,-0.9343f,0f,0.9998f,0.0218f,-1.0089f,-0.1089f,0.0217f,-0.9938f,-1.4203f,0f,0f,0f,1f],start_interpolation: 0,interpolation_duration: 1}
$data merge entity $(bone_rear_leg_right) {transformation: [-0.9941f,0.0236f,0.1063f,-0.8434f,0f,0.9763f,-0.2164f,-0.205f,-0.1089f,-0.2152f,-0.9705f,-1.7889f,0f,0f,0f,1f],start_interpolation: 0,interpolation_duration: 1}
$data merge entity $(bone_front_leg_left_under2) {transformation: [-0.9941f,-0.0565f,0.0931f,0.9354f,0f,0.8549f,0.5188f,-1.0918f,-0.1089f,0.5157f,-0.8498f,-1.6317f,0f,0f,0f,1f],start_interpolation: 0,interpolation_duration: 1}
$data merge entity $(bone_rear_leg_left) {transformation: [-0.9941f,-0.0282f,0.1052f,0.8813f,0f,0.9659f,0.2588f,-0.205f,-0.1089f,0.2573f,-0.9602f,-1.6f,0f,0f,0f,1f],start_interpolation: 0,interpolation_duration: 1}
$data merge entity $(bone_head) {transformation: [-1f,0f,0f,-0.0931f,0f,1f,0f,-0.2577f,0f,0f,-1f,0.9688f,0f,0f,0f,1f],start_interpolation: 0,interpolation_duration: 1}
$data merge entity $(bone_front_leg_left_under) {transformation: [-1f,0f,0f,1.0747f,0f,0.866f,-0.5f,-1.024f,0f,-0.5f,-0.866f,0.9579f,0f,0f,0f,1f],start_interpolation: 0,interpolation_duration: 1}
$data merge entity $(bone_front_leg_left) {transformation: [-1f,0f,0f,0.8994f,0f,0.9659f,-0.2588f,-0.205f,0f,-0.2588f,-0.9659f,0.6676f,0f,0f,0f,1f],start_interpolation: 0,interpolation_duration: 1}
$data merge entity $(bone_front_leg_right_under) {transformation: [-1f,0f,0f,-1.3638f,0f,1f,0f,-1.0011f,0f,0f,-1f,0.4103f,0f,0f,0f,1f],start_interpolation: 0,interpolation_duration: 1}
$data merge entity $(bone_front_leg_right) {transformation: [-1f,0f,0f,-1.2106f,0f,0.9537f,0.3007f,-0.205f,0f,0.3007f,-0.9537f,0.6676f,0f,0f,0f,1f],start_interpolation: 0,interpolation_duration: 1}
$data merge entity $(bone_front_body) {transformation: [-2.2813f,0f,0f,-0.1556f,0f,2.2813f,0f,0.1629f,0f,0f,-2.2813f,-0.6746f,0f,0f,0f,1f],start_interpolation: 0,interpolation_duration: 1}
$data merge entity $(bone_rear_body) {transformation: [-0.9941f,0f,0.1089f,0.0156f,0f,1f,0f,-0.3133f,-0.1089f,0f,-0.9941f,-1.5203f,0f,0f,0f,1f],start_interpolation: 0,interpolation_duration: 1}