# This file was generated by Animated Java via MC-Build. It is not recommended to edit this file directly.
$data merge entity $(bone_front_leg_right_under2) {transformation: [-0.9907f,-0.0037f,0.1359f,-0.9426f,0f,0.9996f,0.0273f,-1.0122f,-0.1359f,0.027f,-0.9903f,-1.4034f,0f,0f,0f,1f],start_interpolation: 0,interpolation_duration: 1}
$data merge entity $(bone_rear_leg_right) {transformation: [-0.9907f,0.0366f,0.1309f,-0.8357f,0f,0.963f,-0.2693f,-0.23f,-0.1359f,-0.2668f,-0.9541f,-1.8122f,0f,0f,0f,1f],start_interpolation: 0,interpolation_duration: 1}
$data merge entity $(bone_front_leg_left_under2) {transformation: [-0.9907f,-0.0857f,0.1055f,0.9459f,0f,0.7765f,0.6302f,-1.1124f,-0.1359f,0.6243f,-0.7693f,-1.664f,0f,0f,0f,1f],start_interpolation: 0,interpolation_duration: 1}
$data merge entity $(bone_rear_leg_left) {transformation: [-0.9907f,-0.0437f,0.1287f,0.8832f,0f,0.9469f,0.3214f,-0.23f,-0.1359f,0.3185f,-0.9381f,-1.5763f,0f,0f,0f,1f],start_interpolation: 0,interpolation_duration: 1}
$data merge entity $(bone_head) {transformation: [-1f,0f,0f,-0.1161f,0f,1f,0f,-0.2827f,0f,0f,-1f,0.9638f,0f,0f,0f,1f],start_interpolation: 0,interpolation_duration: 1}
$data merge entity $(bone_front_leg_left_under) {transformation: [-1f,0f,0f,1.0517f,0f,0.7934f,-0.6088f,-1.0283f,0f,-0.6088f,-0.7934f,1.0058f,0f,0f,0f,1f],start_interpolation: 0,interpolation_duration: 1}
$data merge entity $(bone_front_leg_left) {transformation: [-1f,0f,0f,0.8764f,0f,0.9469f,-0.3214f,-0.23f,0f,-0.3214f,-0.9469f,0.6627f,0f,0f,0f,1f],start_interpolation: 0,interpolation_duration: 1}
$data merge entity $(bone_front_leg_right_under) {transformation: [-1f,0f,0f,-1.3868f,0f,0.9884f,0.1521f,-1.0042f,0f,0.1521f,-0.9884f,0.3454f,0f,0f,0f,1f],start_interpolation: 0,interpolation_duration: 1}
$data merge entity $(bone_front_leg_right) {transformation: [-1f,0f,0f,-1.2336f,0f,0.928f,0.3726f,-0.23f,0f,0.3726f,-0.928f,0.6627f,0f,0f,0f,1f],start_interpolation: 0,interpolation_duration: 1}
$data merge entity $(bone_front_body) {transformation: [-2.2812f,0f,0f,-0.1786f,0f,2.2813f,0f,0.1379f,0f,0f,-2.2812f,-0.6795f,0f,0f,0f,1f],start_interpolation: 0,interpolation_duration: 1}
$data merge entity $(bone_rear_body) {transformation: [-0.9907f,0f,0.1359f,0.0156f,0f,1f,0f,-0.3383f,-0.1359f,0f,-0.9907f,-1.5203f,0f,0f,0f,1f],start_interpolation: 0,interpolation_duration: 1}