# This file was generated by Animated Java via MC-Build. It is not recommended to edit this file directly.
$data merge entity $(bone_front_leg_right_under2) {transformation: [-0.9866f,-0.0053f,0.1628f,-0.9522f,0f,0.9995f,0.0327f,-1.0131f,-0.1629f,0.0323f,-0.9861f,-1.3881f,0f,0f,0f,1f],start_interpolation: 0,interpolation_duration: 1}
$data merge entity $(bone_rear_leg_right) {transformation: [-0.9866f,0.0524f,0.1543f,-0.8275f,0f,0.9469f,-0.3214f,-0.255f,-0.1629f,-0.3171f,-0.9343f,-1.8353f,0f,0f,0f,1f],start_interpolation: 0,interpolation_duration: 1}
$data merge entity $(bone_front_leg_left_under2) {transformation: [-0.9866f,-0.1189f,0.1114f,0.9589f,0f,0.6836f,0.7299f,-1.1293f,-0.1629f,0.7201f,-0.6745f,-1.6953f,0f,0f,0f,1f],start_interpolation: 0,interpolation_duration: 1}
$data merge entity $(bone_rear_leg_left) {transformation: [-0.9866f,-0.0623f,0.1505f,0.8844f,0f,0.9239f,0.3827f,-0.255f,-0.1629f,0.3776f,-0.9115f,-1.5527f,0f,0f,0f,1f],start_interpolation: 0,interpolation_duration: 1}
$data merge entity $(bone_head) {transformation: [-1f,0f,0f,-0.1389f,0f,1f,0f,-0.3077f,0f,0f,-1f,0.9582f,0f,0f,0f,1f],start_interpolation: 0,interpolation_duration: 1}
$data merge entity $(bone_front_leg_left_under) {transformation: [-1f,0f,0f,1.0288f,0f,0.7071f,-0.7071f,-1.0292f,0f,-0.7071f,-0.7071f,1.0517f,0f,0f,0f,1f],start_interpolation: 0,interpolation_duration: 1}
$data merge entity $(bone_front_leg_left) {transformation: [-1f,0f,0f,0.8536f,0f,0.9239f,-0.3827f,-0.255f,0f,-0.3827f,-0.9239f,0.657f,0f,0f,0f,1f],start_interpolation: 0,interpolation_duration: 1}
$data merge entity $(bone_front_leg_right_under) {transformation: [-1f,0f,0f,-1.4096f,0f,0.9537f,0.3007f,-1.0027f,0f,0.3007f,-0.9537f,0.2816f,0f,0f,0f,1f],start_interpolation: 0,interpolation_duration: 1}
$data merge entity $(bone_front_leg_right) {transformation: [-1f,0f,0f,-1.2564f,0f,0.8969f,0.4423f,-0.255f,0f,0.4423f,-0.8969f,0.657f,0f,0f,0f,1f],start_interpolation: 0,interpolation_duration: 1}
$data merge entity $(bone_front_body) {transformation: [-2.2812f,0f,0f,-0.2014f,0f,2.2813f,0f,0.1129f,0f,0f,-2.2812f,-0.6851f,0f,0f,0f,1f],start_interpolation: 0,interpolation_duration: 1}
$data merge entity $(bone_rear_body) {transformation: [-0.9866f,0f,0.1629f,0.0156f,0f,1f,0f,-0.3633f,-0.1629f,0f,-0.9866f,-1.5203f,0f,0f,0f,1f],start_interpolation: 0,interpolation_duration: 1}