# This file was generated by Animated Java via MC-Build. It is not recommended to edit this file directly.
$data merge entity $(bone_front_leg_right_under2) {transformation: [-0.9818f,-0.0072f,0.1896f,-0.9632f,0f,0.9993f,0.0382f,-1.0118f,-0.1897f,0.0375f,-0.9811f,-1.3746f,0f,0f,0f,1f],start_interpolation: 0,interpolation_duration: 1}
$data merge entity $(bone_rear_leg_right) {transformation: [-0.9818f,0.0707f,0.1761f,-0.8186f,0f,0.928f,-0.3726f,-0.28f,-0.1897f,-0.3658f,-0.9111f,-1.8582f,0f,0f,0f,1f],start_interpolation: 0,interpolation_duration: 1}
$data merge entity $(bone_front_leg_left_under2) {transformation: [-0.9818f,-0.1548f,0.1097f,0.9741f,0f,0.578f,0.816f,-1.1424f,-0.1897f,0.8012f,-0.5675f,-1.7253f,0f,0f,0f,1f],start_interpolation: 0,interpolation_duration: 1}
$data merge entity $(bone_rear_leg_left) {transformation: [-0.9818f,-0.0839f,0.1702f,0.8849f,0f,0.8969f,0.4423f,-0.28f,-0.1897f,0.4343f,-0.8806f,-1.529f,0f,0f,0f,1f],start_interpolation: 0,interpolation_duration: 1}
$data merge entity $(bone_head) {transformation: [-1f,0f,0f,-0.1616f,0f,1f,0f,-0.3327f,0f,0f,-1f,0.952f,0f,0f,0f,1f],start_interpolation: 0,interpolation_duration: 1}
$data merge entity $(bone_front_leg_left_under) {transformation: [-1f,0f,0f,1.0061f,0f,0.6088f,-0.7934f,-1.0267f,0f,-0.7934f,-0.6088f,1.0953f,0f,0f,0f,1f],start_interpolation: 0,interpolation_duration: 1}
$data merge entity $(bone_front_leg_left) {transformation: [-1f,0f,0f,0.8309f,0f,0.8969f,-0.4423f,-0.28f,0f,-0.4423f,-0.8969f,0.6508f,0f,0f,0f,1f],start_interpolation: 0,interpolation_duration: 1}
$data merge entity $(bone_front_leg_right_under) {transformation: [-1f,0f,0f,-1.4323f,0f,0.8969f,0.4423f,-0.9969f,0f,0.4423f,-0.8969f,0.2194f,0f,0f,0f,1f],start_interpolation: 0,interpolation_duration: 1}
$data merge entity $(bone_front_leg_right) {transformation: [-1f,0f,0f,-1.2791f,0f,0.8605f,0.5094f,-0.28f,0f,0.5094f,-0.8605f,0.6508f,0f,0f,0f,1f],start_interpolation: 0,interpolation_duration: 1}
$data merge entity $(bone_front_body) {transformation: [-2.2812f,0f,0f,-0.2241f,0f,2.2813f,0f,0.0879f,0f,0f,-2.2812f,-0.6914f,0f,0f,0f,1f],start_interpolation: 0,interpolation_duration: 1}
$data merge entity $(bone_rear_body) {transformation: [-0.9818f,0f,0.1897f,0.0156f,0f,1f,0f,-0.3883f,-0.1897f,0f,-0.9818f,-1.5203f,0f,0f,0f,1f],start_interpolation: 0,interpolation_duration: 1}