# This file was generated by Animated Java via MC-Build. It is not recommended to edit this file directly.
$data merge entity $(bone_front_leg_right_under2) {transformation: [-0.9763f,-0.0094f,0.2162f,-0.9753f,0f,0.999f,0.0436f,-1.0084f,-0.2164f,0.0426f,-0.9754f,-1.3632f,0f,0f,0f,1f],start_interpolation: 0,interpolation_duration: 1}
$data merge entity $(bone_rear_leg_right) {transformation: [-0.9763f,0.0915f,0.1962f,-0.809f,0f,0.9063f,-0.4226f,-0.305f,-0.2164f,-0.4126f,-0.8848f,-1.8808f,0f,0f,0f,1f],start_interpolation: 0,interpolation_duration: 1}
$data merge entity $(bone_front_leg_left_under2) {transformation: [-0.9763f,-0.192f,0.0999f,0.9914f,0f,0.4617f,0.887f,-1.1519f,-0.2164f,0.866f,-0.4508f,-1.7538f,0f,0f,0f,1f],start_interpolation: 0,interpolation_duration: 1}
$data merge entity $(bone_rear_leg_left) {transformation: [-0.9763f,-0.1082f,0.1874f,0.8848f,0f,0.866f,0.5f,-0.305f,-0.2164f,0.4881f,-0.8455f,-1.5053f,0f,0f,0f,1f],start_interpolation: 0,interpolation_duration: 1}
$data merge entity $(bone_head) {transformation: [-1f,0f,0f,-0.1842f,0f,1f,0f,-0.3577f,0f,0f,-1f,0.9452f,0f,0f,0f,1f],start_interpolation: 0,interpolation_duration: 1}
$data merge entity $(bone_front_leg_left_under) {transformation: [-1f,0f,0f,0.9836f,0f,0.5f,-0.866f,-1.021f,0f,-0.866f,-0.5f,1.1363f,0f,0f,0f,1f],start_interpolation: 0,interpolation_duration: 1}
$data merge entity $(bone_front_leg_left) {transformation: [-1f,0f,0f,0.8083f,0f,0.866f,-0.5f,-0.305f,0f,-0.5f,-0.866f,0.644f,0f,0f,0f,1f],start_interpolation: 0,interpolation_duration: 1}
$data merge entity $(bone_front_leg_right_under) {transformation: [-1f,0f,0f,-1.4549f,0f,0.8192f,0.5736f,-0.9869f,0f,0.5736f,-0.8192f,0.1592f,0f,0f,0f,1f],start_interpolation: 0,interpolation_duration: 1}
$data merge entity $(bone_front_leg_right) {transformation: [-1f,0f,0f,-1.3017f,0f,0.8192f,0.5736f,-0.305f,0f,0.5736f,-0.8192f,0.644f,0f,0f,0f,1f],start_interpolation: 0,interpolation_duration: 1}
$data merge entity $(bone_front_body) {transformation: [-2.2812f,0f,0f,-0.2467f,0f,2.2813f,0f,0.0629f,0f,0f,-2.2812f,-0.6982f,0f,0f,0f,1f],start_interpolation: 0,interpolation_duration: 1}
$data merge entity $(bone_rear_body) {transformation: [-0.9763f,0f,0.2164f,0.0156f,0f,1f,0f,-0.4133f,-0.2164f,0f,-0.9763f,-1.5203f,0f,0f,0f,1f],start_interpolation: 0,interpolation_duration: 1}