# This file was generated by Animated Java via MC-Build. It is not recommended to edit this file directly.
$data merge entity $(bone_front_leg_right_under2) {transformation: [-0.9866f,-0.0292f,0.1603f,-0.9475f,0f,0.9838f,0.179f,-1.0583f,-0.1629f,0.1766f,-0.9707f,-1.417f,0f,0f,0f,1f],start_interpolation: 0,interpolation_duration: 1}
$data merge entity $(bone_rear_leg_right) {transformation: [-0.9866f,0.0464f,0.1561f,-0.8275f,0f,0.9585f,-0.2851f,-0.2831f,-0.1629f,-0.2813f,-0.9457f,-1.8353f,0f,0f,0f,1f],start_interpolation: 0,interpolation_duration: 1}
$data merge entity $(bone_front_leg_left_under2) {transformation: [-0.9866f,-0.1329f,0.0942f,0.9612f,0f,0.578f,0.816f,-1.1548f,-0.1629f,0.8051f,-0.5703f,-1.7094f,0f,0f,0f,1f],start_interpolation: 0,interpolation_duration: 1}
$data merge entity $(bone_rear_leg_left) {transformation: [-0.9866f,-0.0648f,0.1495f,0.8844f,0f,0.9175f,0.3977f,-0.2831f,-0.1629f,0.3924f,-0.9052f,-1.5527f,0f,0f,0f,1f],start_interpolation: 0,interpolation_duration: 1}
$data merge entity $(bone_head) {transformation: [-1f,0f,0f,-0.1389f,0f,1f,0f,-0.3359f,0f,0f,-1f,0.9582f,0f,0f,0f,1f],start_interpolation: 0,interpolation_duration: 1}
$data merge entity $(bone_front_leg_left_under) {transformation: [-1f,0f,0f,1.0288f,0f,0.7032f,-0.711f,-1.0573f,0f,-0.711f,-0.7032f,1.0517f,0f,0f,0f,1f],start_interpolation: 0,interpolation_duration: 1}
$data merge entity $(bone_front_leg_left) {transformation: [-1f,0f,0f,0.8536f,0f,0.9239f,-0.3827f,-0.2831f,0f,-0.3827f,-0.9239f,0.657f,0f,0f,0f,1f],start_interpolation: 0,interpolation_duration: 1}
$data merge entity $(bone_front_leg_right_under) {transformation: [-1f,0f,0f,-1.4096f,0f,0.8969f,0.4423f,-1.0309f,0f,0.4423f,-0.8969f,0.2816f,0f,0f,0f,1f],start_interpolation: 0,interpolation_duration: 1}
$data merge entity $(bone_front_leg_right) {transformation: [-1f,0f,0f,-1.2564f,0f,0.8969f,0.4423f,-0.2831f,0f,0.4423f,-0.8969f,0.657f,0f,0f,0f,1f],start_interpolation: 0,interpolation_duration: 1}
$data merge entity $(bone_front_body) {transformation: [-2.2812f,0f,0f,-0.2014f,0f,2.2813f,0f,0.0848f,0f,0f,-2.2812f,-0.6851f,0f,0f,0f,1f],start_interpolation: 0,interpolation_duration: 1}
$data merge entity $(bone_rear_body) {transformation: [-0.9866f,0f,0.1629f,0.0156f,0f,1f,0f,-0.3914f,-0.1629f,0f,-0.9866f,-1.5203f,0f,0f,0f,1f],start_interpolation: 0,interpolation_duration: 1}