# This file was generated by Animated Java via MC-Build. It is not recommended to edit this file directly.
$data merge entity $(bone_rear_leg_right_under) {transformation: [-1f,0f,0f,0.4688f,0f,0.9986f,-0.0523f,-1.1999f,0f,-0.0523f,-0.9986f,-1.294f,0f,0f,0f,1f],start_interpolation: 0,interpolation_duration: 1}
$data merge entity $(bone_rear_leg_left) {transformation: [-1f,0f,0f,0.4688f,0f,0.9962f,0.0872f,-0.5625f,0f,0.0872f,-0.9962f,-1.05f,0f,0f,0f,1f],start_interpolation: 0,interpolation_duration: 1}
$data merge entity $(bone_right_leg_left_under) {transformation: [-1f,0f,0f,-0.5625f,0f,0.9986f,-0.0523f,-1.1999f,0f,-0.0523f,-0.9986f,-1.294f,0f,0f,0f,1f],start_interpolation: 0,interpolation_duration: 1}
$data merge entity $(bone_rear_leg_right) {transformation: [-1f,0f,0f,-0.4687f,0f,0.9962f,0.0872f,-0.5625f,0f,0.0872f,-0.9962f,-1.05f,0f,0f,0f,1f],start_interpolation: 0,interpolation_duration: 1}
$data merge entity $(bone_tale) {transformation: [-1.3229f,0f,0f,0f,0f,1.3229f,0f,-0.2578f,0f,0f,-1.3229f,-1.4953f,0f,0f,0f,1f],start_interpolation: 0,interpolation_duration: 1}
$data merge entity $(bone_rear_body) {transformation: [-1.1719f,0f,0f,0f,0f,1.1719f,0f,-0.5859f,0f,0f,-1.1719f,0.2391f,0f,0f,0f,1f],start_interpolation: 0,interpolation_duration: 1}
$data merge entity $(bone_head) {transformation: [-1f,0f,0f,-0.0156f,0f,0.9985f,0.0545f,0.1633f,0f,0.0545f,-0.9985f,0.9869f,0f,0f,0f,1f],start_interpolation: 0,interpolation_duration: 1}
$data merge entity $(bone_talon_left) {transformation: [-1.0104f,0f,0f,0.6152f,0f,0.9579f,-0.3217f,-1.5859f,0f,-0.3217f,-0.9579f,0.7231f,0f,0f,0f,1f],start_interpolation: 0,interpolation_duration: 1}
$data merge entity $(bone_front_leg_left_under) {transformation: [-1f,0f,0f,0.6006f,0f,0.9741f,-0.226f,-1.1226f,0f,-0.226f,-0.9741f,0.6456f,0f,0f,0f,1f],start_interpolation: 0,interpolation_duration: 1}
$data merge entity $(bone_front_leg_left) {transformation: [-1f,0f,0f,0.5625f,0f,0.9741f,-0.226f,-0.5165f,0f,-0.226f,-0.9741f,0.3546f,0f,0f,0f,1f],start_interpolation: 0,interpolation_duration: 1}
$data merge entity $(bone_talon_right) {transformation: [-1.0104f,0f,0f,-0.6299f,0f,0.9592f,-0.3175f,-1.5862f,0f,-0.3175f,-0.9592f,0.7241f,0f,0f,0f,1f],start_interpolation: 0,interpolation_duration: 1}
$data merge entity $(bone_front_leg_right_under) {transformation: [-1f,0f,0f,-0.5625f,0f,0.9751f,-0.2218f,-1.1356f,0f,-0.2218f,-0.9751f,0.5916f,0f,0f,0f,1f],start_interpolation: 0,interpolation_duration: 1}
$data merge entity $(bone_front_leg_right) {transformation: [-1f,0f,0f,-0.5625f,0f,0.9751f,-0.2218f,-0.5165f,0f,-0.2218f,-0.9751f,0.3546f,0f,0f,0f,1f],start_interpolation: 0,interpolation_duration: 1}
$data merge entity $(bone_front_body) {transformation: [-1f,0f,0f,0f,0f,0.9982f,-0.06f,-0.5469f,0f,-0.06f,-0.9982f,0.2391f,0f,0f,0f,1f],start_interpolation: 0,interpolation_duration: 1}