# This file was generated by Animated Java via MC-Build. It is not recommended to edit this file directly.
$data merge entity $(bone_rear_leg_right_under) {transformation: [-1f,0f,0f,0.4688f,0f,0.9932f,-0.1161f,-1.1703f,0f,-0.1161f,-0.9932f,-0.8313f,0f,0f,0f,1f],start_interpolation: 0,interpolation_duration: 1}
$data merge entity $(bone_rear_leg_left) {transformation: [-1f,0f,0f,0.4688f,0f,0.9813f,0.1927f,-0.5625f,0f,0.1927f,-0.9813f,-0.5208f,0f,0f,0f,1f],start_interpolation: 0,interpolation_duration: 1}
$data merge entity $(bone_right_leg_left_under) {transformation: [-1f,0f,0f,-0.5625f,0f,0.9932f,-0.1161f,-1.1703f,0f,-0.1161f,-0.9932f,-0.8313f,0f,0f,0f,1f],start_interpolation: 0,interpolation_duration: 1}
$data merge entity $(bone_rear_leg_right) {transformation: [-1f,0f,0f,-0.4687f,0f,0.9813f,0.1927f,-0.5625f,0f,0.1927f,-0.9813f,-0.5208f,0f,0f,0f,1f],start_interpolation: 0,interpolation_duration: 1}
$data merge entity $(bone_tale) {transformation: [-1.3229f,0f,0f,0f,0f,1.3229f,0f,-0.2578f,0f,0f,-1.3229f,-0.9661f,0f,0f,0f,1f],start_interpolation: 0,interpolation_duration: 1}
$data merge entity $(bone_rear_body) {transformation: [-1.1719f,0f,0f,0f,0f,1.1719f,0f,-0.5859f,0f,0f,-1.1719f,0.7682f,0f,0f,0f,1f],start_interpolation: 0,interpolation_duration: 1}
$data merge entity $(bone_head) {transformation: [-1f,0f,0f,-0.0156f,0f,0.958f,0.2868f,0.5009f,0f,0.2868f,-0.958f,1.3084f,0f,0f,0f,1f],start_interpolation: 0,interpolation_duration: 1}
$data merge entity $(bone_talon_left) {transformation: [-1.0104f,0f,0f,0.6152f,0f,0.1426f,-1.0003f,-0.5995f,0f,-1.0003f,-0.1426f,1.9677f,0f,0f,0f,1f],start_interpolation: 0,interpolation_duration: 1}
$data merge entity $(bone_front_leg_left_under) {transformation: [-1f,0f,0f,0.6006f,0f,0.3475f,-0.9377f,-0.4092f,0f,-0.9377f,-0.3475f,1.5384f,0f,0f,0f,1f],start_interpolation: 0,interpolation_duration: 1}
$data merge entity $(bone_front_leg_left) {transformation: [-1f,0f,0f,0.5625f,0f,0.3475f,-0.9377f,-0.3185f,0f,-0.9377f,-0.3475f,0.8721f,0f,0f,0f,1f],start_interpolation: 0,interpolation_duration: 1}
$data merge entity $(bone_talon_right) {transformation: [-1.0104f,0f,0f,-0.6299f,0f,0.1658f,-0.9967f,-0.6195f,0f,-0.9967f,-0.1658f,1.963f,0f,0f,0f,1f],start_interpolation: 0,interpolation_duration: 1}
$data merge entity $(bone_front_leg_right_under) {transformation: [-1f,0f,0f,-0.5625f,0f,0.3692f,-0.9293f,-0.4737f,0f,-0.9293f,-0.3692f,1.5166f,0f,0f,0f,1f],start_interpolation: 0,interpolation_duration: 1}
$data merge entity $(bone_front_leg_right) {transformation: [-1f,0f,0f,-0.5625f,0f,0.3692f,-0.9293f,-0.3185f,0f,-0.9293f,-0.3692f,0.8721f,0f,0f,0f,1f],start_interpolation: 0,interpolation_duration: 1}
$data merge entity $(bone_front_body) {transformation: [-1f,0f,0f,0f,0f,0.9492f,-0.3145f,-0.3776f,0f,-0.3145f,-0.9492f,0.7682f,0f,0f,0f,1f],start_interpolation: 0,interpolation_duration: 1}