# This file was generated by Animated Java via MC-Build. It is not recommended to edit this file directly.
$data merge entity $(bone_rear_leg_right_under) {transformation: [-1f,0f,0f,0.4688f,0f,0.9659f,-0.2588f,-1.078f,0f,-0.2588f,-0.9659f,-1.9473f,0f,0f,0f,1f],start_interpolation: 0,interpolation_duration: 1}
$data merge entity $(bone_rear_leg_left) {transformation: [-1f,0f,0f,0.4688f,0f,0.9063f,0.4226f,-0.5625f,0f,0.4226f,-0.9063f,-1.5f,0f,0f,0f,1f],start_interpolation: 0,interpolation_duration: 1}
$data merge entity $(bone_right_leg_left_under) {transformation: [-1f,0f,0f,-0.5625f,0f,0.9659f,-0.2588f,-1.078f,0f,-0.2588f,-0.9659f,-1.9473f,0f,0f,0f,1f],start_interpolation: 0,interpolation_duration: 1}
$data merge entity $(bone_rear_leg_right) {transformation: [-1f,0f,0f,-0.4687f,0f,0.9063f,0.4226f,-0.5625f,0f,0.4226f,-0.9063f,-1.5f,0f,0f,0f,1f],start_interpolation: 0,interpolation_duration: 1}
$data merge entity $(bone_tale) {transformation: [-1.3229f,0f,0f,0f,0f,1.3229f,0f,-0.2578f,0f,0f,-1.3229f,-1.9453f,0f,0f,0f,1f],start_interpolation: 0,interpolation_duration: 1}
$data merge entity $(bone_rear_body) {transformation: [-1.1719f,0f,0f,0f,0f,1.1719f,0f,-0.5859f,0f,0f,-1.1719f,-0.2109f,0f,0f,0f,1f],start_interpolation: 0,interpolation_duration: 1}
$data merge entity $(bone_head) {transformation: [-1f,0f,0f,-0.0156f,0f,0.963f,0.2693f,0.477f,0f,0.2693f,-0.963f,0.3467f,0f,0f,0f,1f],start_interpolation: 0,interpolation_duration: 1}
$data merge entity $(bone_talon_left) {transformation: [-1.0104f,0f,0f,0.6152f,0f,-0.0496f,-1.0092f,-0.697f,0f,-1.0092f,0.0496f,0.9652f,0f,0f,0f,1f],start_interpolation: 0,interpolation_duration: 1}
$data merge entity $(bone_front_leg_left_under) {transformation: [-1f,0f,0f,0.6006f,0f,0.4177f,-0.9086f,-0.4746f,0f,-0.9086f,-0.4177f,0.5515f,0f,0f,0f,1f],start_interpolation: 0,interpolation_duration: 1}
$data merge entity $(bone_front_leg_left) {transformation: [-1f,0f,0f,0.5625f,0f,0.4177f,-0.9086f,-0.3336f,0f,-0.9086f,-0.4177f,-0.1059f,0f,0f,0f,1f],start_interpolation: 0,interpolation_duration: 1}
$data merge entity $(bone_talon_right) {transformation: [-1.0104f,0f,0f,-0.6299f,0f,-0.0276f,-1.01f,-0.715f,0f,-1.01f,0.0276f,0.9596f,0f,0f,0f,1f],start_interpolation: 0,interpolation_duration: 1}
$data merge entity $(bone_front_leg_right_under) {transformation: [-1f,0f,0f,-0.5625f,0f,0.4374f,-0.8993f,-0.5363f,0f,-0.8993f,-0.4374f,0.5252f,0f,0f,0f,1f],start_interpolation: 0,interpolation_duration: 1}
$data merge entity $(bone_front_leg_right) {transformation: [-1f,0f,0f,-0.5625f,0f,0.4374f,-0.8993f,-0.3336f,0f,-0.8993f,-0.4374f,-0.1059f,0f,0f,0f,1f],start_interpolation: 0,interpolation_duration: 1}
$data merge entity $(bone_front_body) {transformation: [-1f,0f,0f,0f,0f,0.9553f,-0.2955f,-0.3906f,0f,-0.2955f,-0.9553f,-0.2109f,0f,0f,0f,1f],start_interpolation: 0,interpolation_duration: 1}