# This file was generated by Animated Java via MC-Build. It is not recommended to edit this file directly.
$data merge entity $(bone_rear_leg_right_under) {transformation: [-1f,0f,0f,0.4688f,0f,0.973f,-0.2306f,-1.0991f,0f,-0.2306f,-0.973f,-1.7343f,0f,0f,0f,1f],start_interpolation: 0,interpolation_duration: 1}
$data merge entity $(bone_rear_leg_left) {transformation: [-1f,0f,0f,0.4688f,0f,0.9257f,0.3782f,-0.5625f,0f,0.3782f,-0.9257f,-1.3125f,0f,0f,0f,1f],start_interpolation: 0,interpolation_duration: 1}
$data merge entity $(bone_right_leg_left_under) {transformation: [-1f,0f,0f,-0.5625f,0f,0.973f,-0.2306f,-1.0991f,0f,-0.2306f,-0.973f,-1.7343f,0f,0f,0f,1f],start_interpolation: 0,interpolation_duration: 1}
$data merge entity $(bone_rear_leg_right) {transformation: [-1f,0f,0f,-0.4687f,0f,0.9257f,0.3782f,-0.5625f,0f,0.3782f,-0.9257f,-1.3125f,0f,0f,0f,1f],start_interpolation: 0,interpolation_duration: 1}
$data merge entity $(bone_tale) {transformation: [-1.3229f,0f,0f,0f,0f,1.3229f,0f,-0.2578f,0f,0f,-1.3229f,-1.7578f,0f,0f,0f,1f],start_interpolation: 0,interpolation_duration: 1}
$data merge entity $(bone_rear_body) {transformation: [-1.1719f,0f,0f,0f,0f,1.1719f,0f,-0.5859f,0f,0f,-1.1719f,-0.0234f,0f,0f,0f,1f],start_interpolation: 0,interpolation_duration: 1}
$data merge entity $(bone_head) {transformation: [-1f,0f,0f,-0.0156f,0f,0.9469f,0.3214f,0.5479f,0f,0.3214f,-0.9469f,0.4811f,0f,0f,0f,1f],start_interpolation: 0,interpolation_duration: 1}
$data merge entity $(bone_talon_left) {transformation: [-1.0104f,0f,0f,0.6152f,0f,-0.2242f,-0.9852f,-0.4003f,0f,-0.9852f,0.2242f,1.2035f,0f,0f,0f,1f],start_interpolation: 0,interpolation_duration: 1}
$data merge entity $(bone_front_leg_left_under) {transformation: [-1f,0f,0f,0.6006f,0f,0.2015f,-0.9795f,-0.2771f,0f,-0.9795f,-0.2015f,0.7503f,0f,0f,0f,1f],start_interpolation: 0,interpolation_duration: 1}
$data merge entity $(bone_front_leg_left) {transformation: [-1f,0f,0f,0.5625f,0f,0.2015f,-0.9795f,-0.2883f,0f,-0.9795f,-0.2015f,0.078f,0f,0f,0f,1f],start_interpolation: 0,interpolation_duration: 1}
$data merge entity $(bone_talon_right) {transformation: [-1.0104f,0f,0f,-0.6299f,0f,-0.1983f,-0.9908f,-0.424f,0f,-0.9908f,0.1983f,1.2015f,0f,0f,0f,1f],start_interpolation: 0,interpolation_duration: 1}
$data merge entity $(bone_front_leg_right_under) {transformation: [-1f,0f,0f,-0.5625f,0f,0.2271f,-0.9739f,-0.3461f,0f,-0.9739f,-0.2271f,0.7384f,0f,0f,0f,1f],start_interpolation: 0,interpolation_duration: 1}
$data merge entity $(bone_front_leg_right) {transformation: [-1f,0f,0f,-0.5625f,0f,0.2271f,-0.9739f,-0.2883f,0f,-0.9739f,-0.2271f,0.078f,0f,0f,0f,1f],start_interpolation: 0,interpolation_duration: 1}
$data merge entity $(bone_front_body) {transformation: [-1f,0f,0f,0f,0f,0.9359f,-0.3523f,-0.3516f,0f,-0.3523f,-0.9359f,-0.0234f,0f,0f,0f,1f],start_interpolation: 0,interpolation_duration: 1}