# This file was generated by Animated Java via MC-Build. It is not recommended to edit this file directly.
$data merge entity $(bone_bone4) {transformation: [-0.9964f,-0.0723f,-0.045f,0.1751f,-0.0763f,0.9925f,0.0955f,-1.4439f,0.0377f,0.0986f,-0.9944f,0.0717f,0f,0f,0f,1f],start_interpolation: 0,interpolation_duration: 1}
$data merge entity $(bone_bone) {transformation: [-0.9964f,-0.0802f,-0.0286f,0.125f,-0.0763f,0.9902f,-0.1173f,-0.825f,0.0377f,-0.1147f,-0.9927f,0f,0f,0f,0f,1f],start_interpolation: 0,interpolation_duration: 1}
$data merge entity $(bone_bone5) {transformation: [-0.9968f,0.0785f,0.0153f,-0.1749f,0.0799f,0.9853f,0.1513f,-1.4479f,-0.0032f,0.1521f,-0.9884f,0.0109f,0f,0f,0f,1f],start_interpolation: 0,interpolation_duration: 1}
$data merge entity $(bone_bone2) {transformation: [-0.9968f,0.0799f,0.0018f,-0.125f,0.0799f,0.9966f,-0.0177f,-0.825f,-0.0032f,-0.0175f,-0.9998f,0f,0f,0f,0f,1f],start_interpolation: 0,interpolation_duration: 1}
$data merge entity $(bone_head) {transformation: [-0.9985f,-0.0227f,-0.0489f,0.0002f,-0.0223f,0.9997f,-0.0086f,0.0466f,0.0491f,-0.0075f,-0.9988f,0.0016f,0f,0f,0f,1f],start_interpolation: 0,interpolation_duration: 1}
$data merge entity $(bone_bone6) {transformation: [-0.9323f,-0.3456f,-0.1068f,0.7074f,-0.346f,0.9381f,-0.0151f,-0.9729f,0.1054f,0.0229f,-0.9942f,-0.0909f,0f,0f,0f,1f],start_interpolation: 0,interpolation_duration: 1}
$data merge entity $(bone_left_down_arm) {transformation: [-0.9323f,-0.3456f,-0.1068f,0.513f,-0.346f,0.9381f,-0.0151f,-0.4452f,0.1054f,0.0229f,-0.9942f,-0.078f,0f,0f,0f,1f],start_interpolation: 0,interpolation_duration: 1}
$data merge entity $(bone_left_upper_arm) {transformation: [-0.9323f,-0.3384f,-0.1277f,0.2484f,-0.346f,0.9373f,0.0422f,-0.0784f,0.1054f,0.0836f,-0.9909f,-0.0283f,0f,0f,0f,1f],start_interpolation: 0,interpolation_duration: 1}
$data merge entity $(bone_bone7) {transformation: [-0.9833f,0.1541f,-0.0963f,-0.5369f,0.1648f,0.9796f,-0.1152f,-1.0286f,0.0766f,-0.1292f,-0.9887f,0.0659f,0f,0f,0f,1f],start_interpolation: 0,interpolation_duration: 1}
$data merge entity $(bone_left_down_arm2) {transformation: [-0.9833f,0.1541f,-0.0963f,-0.4562f,0.1648f,0.9796f,-0.1152f,-0.4848f,0.0766f,-0.1292f,-0.9887f,-0.0685f,0f,0f,0f,1f],start_interpolation: 0,interpolation_duration: 1}
$data merge entity $(bone_left_upper_arm2) {transformation: [-0.979f,0.1791f,-0.0976f,-0.2555f,0.165f,0.9766f,0.1377f,-0.0781f,0.12f,0.1187f,-0.9856f,-0.0316f,0f,0f,0f,1f],start_interpolation: 0,interpolation_duration: 1}
$data merge entity $(bone_upperbody) {transformation: [-0.9931f,0.0005f,-0.1175f,-0.1935f,0f,1f,0.0044f,-0.3281f,0.1175f,0.0043f,-0.9931f,-0.04f,0f,0f,0f,1f],start_interpolation: 0,interpolation_duration: 1}
$data merge entity $(bone_downbody) {transformation: [-0.9931f,0f,-0.1175f,0f,0f,1f,0f,-0.825f,0.1175f,0f,-0.9931f,0f,0f,0f,0f,1f],start_interpolation: 0,interpolation_duration: 1}