# This file was generated by Animated Java via MC-Build. It is not recommended to edit this file directly.
$data merge entity $(bone_bone4) {transformation: [-0.866f,-0.1082f,-0.4881f,0.4375f,-0.3378f,0.8464f,0.4116f,-1.4282f,0.3686f,0.5214f,-0.7696f,0.3991f,0f,0f,0f,1f],start_interpolation: 0,interpolation_duration: 1}
$data merge entity $(bone_bone) {transformation: [-0.866f,-0.5f,0f,0.125f,-0.3378f,0.5851f,-0.7373f,-1.0625f,0.3686f,-0.6385f,-0.6756f,0f,0f,0f,0f,1f],start_interpolation: 0,interpolation_duration: 1}
$data merge entity $(bone_bone5) {transformation: [-0.9179f,0.1406f,0.3711f,-0.3625f,0.3955f,0.4f,0.8268f,-1.6247f,-0.0322f,0.9056f,-0.4228f,-0.1349f,0f,0f,0f,1f],start_interpolation: 0,interpolation_duration: 1}
$data merge entity $(bone_bone2) {transformation: [-0.9179f,0.38f,0.1143f,-0.125f,0.3955f,0.8994f,0.1859f,-1.0625f,-0.0322f,0.2159f,-0.9759f,0f,0f,0f,0f,1f],start_interpolation: 0,interpolation_duration: 1}
$data merge entity $(bone_head) {transformation: [-0.88f,-0.1142f,-0.4611f,0.0151f,-0.1459f,0.9887f,0.0334f,-0.2218f,0.4521f,0.0967f,-0.8867f,0.0062f,0f,0f,0f,1f],start_interpolation: 0,interpolation_duration: 1}
$data merge entity $(bone_bone6) {transformation: [0.1092f,-0.2031f,-0.973f,0.3677f,-0.923f,-0.3841f,-0.0234f,0.152f,-0.369f,0.9007f,-0.2294f,-1.058f,0f,0f,0f,1f],start_interpolation: 0,interpolation_duration: 1}
$data merge entity $(bone_left_down_arm) {transformation: [0.1092f,-0.2031f,-0.973f,0.2535f,-0.923f,-0.3841f,-0.0234f,-0.0641f,-0.369f,0.9007f,-0.2294f,-0.5513f,0f,0f,0f,1f],start_interpolation: 0,interpolation_duration: 1}
$data merge entity $(bone_left_upper_arm) {transformation: [0.1092f,-0.369f,-0.923f,0.1057f,-0.923f,-0.3823f,0.0436f,-0.3467f,-0.369f,0.8472f,-0.3823f,-0.2268f,0f,0f,0f,1f],start_interpolation: 0,interpolation_duration: 1}
$data merge entity $(bone_bone7) {transformation: [-0.583f,-0.3564f,-0.7302f,-0.2937f,0.4015f,0.6549f,-0.6402f,-0.8956f,0.7064f,-0.6664f,-0.2387f,0.5952f,0f,0f,0f,1f],start_interpolation: 0,interpolation_duration: 1}
$data merge entity $(bone_left_down_arm2) {transformation: [-0.583f,-0.3564f,-0.7302f,-0.5398f,0.4015f,0.6549f,-0.6402f,-0.5672f,0.7064f,-0.6664f,-0.2387f,0.2055f,0f,0f,0f,1f],start_interpolation: 0,interpolation_duration: 1}
$data merge entity $(bone_left_upper_arm2) {transformation: [-0.3777f,0.7982f,-0.4692f,-0.1433f,0.0871f,0.5351f,0.8403f,-0.344f,0.9218f,0.2765f,-0.2716f,0.2112f,0f,0f,0f,1f],start_interpolation: 0,interpolation_duration: 1}
$data merge entity $(bone_upperbody) {transformation: [-0.3827f,0.0403f,-0.923f,-0.1295f,0f,0.999f,0.0436f,-0.5937f,0.9239f,0.0167f,-0.3823f,0.1493f,0f,0f,0f,1f],start_interpolation: 0,interpolation_duration: 1}
$data merge entity $(bone_downbody) {transformation: [-0.3827f,0f,-0.9239f,0f,0f,1f,0f,-1.0625f,0.9239f,0f,-0.3827f,0f,0f,0f,0f,1f],start_interpolation: 0,interpolation_duration: 1}