# This file was generated by Animated Java via MC-Build. It is not recommended to edit this file directly.
$data merge entity $(bone_bone4) {transformation: [-0.8983f,-0.2411f,-0.3672f,0.3817f,-0.3944f,0.8107f,0.4326f,-1.4361f,0.1934f,0.5334f,-0.8234f,0.4303f,0f,0f,0f,1f],start_interpolation: 0,interpolation_duration: 1}
$data merge entity $(bone_bone) {transformation: [-0.8983f,-0.4107f,0.1559f,0.125f,-0.3944f,0.5978f,-0.6979f,-1.0625f,0.1934f,-0.6885f,-0.699f,0f,0f,0f,0f,1f],start_interpolation: 0,interpolation_duration: 1}
$data merge entity $(bone_bone5) {transformation: [-0.7606f,-0.0458f,0.6477f,-0.4475f,0.5785f,0.4051f,0.708f,-1.5713f,-0.2948f,0.9131f,-0.2816f,-0.1666f,0f,0f,0f,1f],start_interpolation: 0,interpolation_duration: 1}
$data merge entity $(bone_bone2) {transformation: [-0.7606f,0.5159f,0.3942f,-0.125f,0.5785f,0.8141f,0.0506f,-1.0625f,-0.2948f,0.2665f,-0.9176f,0f,0f,0f,0f,1f],start_interpolation: 0,interpolation_duration: 1}
$data merge entity $(bone_head) {transformation: [-0.9736f,-0.0783f,-0.2143f,0.0444f,-0.0948f,0.9932f,0.0682f,-0.2252f,0.2075f,0.0868f,-0.9744f,0.0633f,0f,0f,0f,1f],start_interpolation: 0,interpolation_duration: 1}
$data merge entity $(bone_bone6) {transformation: [0.0321f,-0.9868f,0.1584f,1.228f,-0.9008f,0.0402f,0.4325f,-0.2329f,-0.4331f,-0.1566f,-0.8876f,0.0274f,0f,0f,0f,1f],start_interpolation: 0,interpolation_duration: 1}
$data merge entity $(bone_left_down_arm) {transformation: [0.0321f,-0.9868f,0.1584f,0.6729f,-0.9008f,0.0402f,0.4325f,-0.2103f,-0.4331f,-0.1566f,-0.8876f,-0.0607f,0f,0f,0f,1f],start_interpolation: 0,interpolation_duration: 1}
$data merge entity $(bone_left_upper_arm) {transformation: [0.0321f,-0.9968f,-0.0734f,0.2408f,-0.9008f,-0.0606f,0.4301f,-0.3494f,-0.4331f,0.0523f,-0.8998f,-0.0919f,0f,0f,0f,1f],start_interpolation: 0,interpolation_duration: 1}
$data merge entity $(bone_bone7) {transformation: [-0.7062f,0.313f,-0.6351f,-0.7444f,0.6631f,0.6067f,-0.4384f,-0.8453f,0.2481f,-0.7307f,-0.636f,0.504f,0f,0f,0f,1f],start_interpolation: 0,interpolation_duration: 1}
$data merge entity $(bone_left_down_arm2) {transformation: [-0.7062f,0.313f,-0.6351f,-0.6081f,0.6631f,0.6067f,-0.4384f,-0.5314f,0.2481f,-0.7307f,-0.636f,0.0532f,0f,0f,0f,1f],start_interpolation: 0,interpolation_duration: 1}
$data merge entity $(bone_left_upper_arm2) {transformation: [-0.6716f,0.7309f,-0.1217f,-0.2044f,0.518f,0.5806f,0.6282f,-0.3421f,0.5297f,0.3588f,-0.7685f,0.144f,0f,0f,0f,1f],start_interpolation: 0,interpolation_duration: 1}
$data merge entity $(bone_upperbody) {transformation: [-0.8192f,0.0666f,-0.5697f,-0.1698f,0f,0.9932f,0.1161f,-0.5904f,0.5736f,0.0951f,-0.8136f,0.0844f,0f,0f,0f,1f],start_interpolation: 0,interpolation_duration: 1}
$data merge entity $(bone_downbody) {transformation: [-0.8192f,0.0417f,-0.5721f,0f,0f,0.9974f,0.0727f,-1.0625f,0.5736f,0.0595f,-0.817f,0f,0f,0f,0f,1f],start_interpolation: 0,interpolation_duration: 1}