# This file was generated by Animated Java via MC-Build. It is not recommended to edit this file directly.
$data merge entity $(bone_bone4) {transformation: [-0.898f,-0.3686f,-0.2405f,0.3216f,-0.4399f,0.7663f,0.4682f,-1.4519f,0.0117f,0.5262f,-0.8503f,0.4476f,0f,0f,0f,1f],start_interpolation: 0,interpolation_duration: 1}
$data merge entity $(bone_bone) {transformation: [-0.898f,-0.3145f,0.3078f,0.125f,-0.4399f,0.623f,-0.6468f,-1.0625f,0.0117f,-0.7162f,-0.6978f,0f,0f,0f,0f,1f],start_interpolation: 0,interpolation_duration: 1}
$data merge entity $(bone_bone5) {transformation: [-0.5287f,-0.2065f,0.8233f,-0.5114f,0.6578f,0.5134f,0.5512f,-1.5197f,-0.5365f,0.8329f,-0.1356f,-0.1797f,0f,0f,0f,1f],start_interpolation: 0,interpolation_duration: 1}
$data merge entity $(bone_bone2) {transformation: [-0.5287f,0.6183f,0.5815f,-0.125f,0.6578f,0.7315f,-0.1797f,-1.0625f,-0.5365f,0.2875f,-0.7934f,0f,0f,0f,0f,1f],start_interpolation: 0,interpolation_duration: 1}
$data merge entity $(bone_head) {transformation: [-0.9969f,-0.0651f,0.0432f,0.006f,-0.0582f,0.9876f,0.146f,-0.2331f,-0.0521f,0.143f,-0.9883f,0.1378f,0f,0f,0f,1f],start_interpolation: 0,interpolation_duration: 1}
$data merge entity $(bone_bone6) {transformation: [0.1333f,0.0757f,0.9882f,0.4272f,-0.7805f,0.6225f,0.0576f,-0.8118f,-0.6108f,-0.779f,0.142f,0.9284f,0f,0f,0f,1f],start_interpolation: 0,interpolation_duration: 1}
$data merge entity $(bone_left_down_arm) {transformation: [0.1333f,0.0757f,0.9882f,0.4697f,-0.7805f,0.6225f,0.0576f,-0.4617f,-0.6108f,-0.779f,0.142f,0.4903f,0f,0f,0f,1f],start_interpolation: 0,interpolation_duration: 1}
$data merge entity $(bone_left_upper_arm) {transformation: [0.1333f,-0.5294f,0.8378f,0.2548f,-0.7805f,0.4649f,0.4179f,-0.3558f,-0.6108f,-0.7096f,-0.3513f,0.1035f,0f,0f,0f,1f],start_interpolation: 0,interpolation_duration: 1}
$data merge entity $(bone_bone7) {transformation: [-0.4727f,0.8434f,-0.2552f,-1.1148f,0.8806f,0.4419f,-0.1707f,-0.6555f,-0.0312f,-0.3055f,-0.9517f,0.1096f,0f,0f,0f,1f],start_interpolation: 0,interpolation_duration: 1}
$data merge entity $(bone_left_down_arm2) {transformation: [-0.4727f,0.8434f,-0.2552f,-0.6563f,0.8806f,0.4419f,-0.1707f,-0.4176f,-0.0312f,-0.3055f,-0.9517f,-0.1217f,0f,0f,0f,1f],start_interpolation: 0,interpolation_duration: 1}
$data merge entity $(bone_left_upper_arm2) {transformation: [-0.5279f,0.7837f,0.3274f,-0.2474f,0.8343f,0.4063f,0.3726f,-0.3441f,0.1589f,0.4698f,-0.8684f,0.0639f,0f,0f,0f,1f],start_interpolation: 0,interpolation_duration: 1}
$data merge entity $(bone_upperbody) {transformation: [-0.999f,0.0082f,-0.0428f,-0.1871f,0f,0.9822f,0.188f,-0.5896f,0.0436f,0.1878f,-0.9812f,0.0143f,0f,0f,0f,1f],start_interpolation: 0,interpolation_duration: 1}
$data merge entity $(bone_downbody) {transformation: [-0.999f,0.0063f,-0.0432f,0f,0f,0.9894f,0.1449f,-1.0625f,0.0436f,0.1448f,-0.9885f,0f,0f,0f,0f,1f],start_interpolation: 0,interpolation_duration: 1}