# This file was generated by Animated Java via MC-Build. It is not recommended to edit this file directly.
$data merge entity $(bone_bone4) {transformation: [-0.866f,-0.487f,-0.1137f,0.2603f,-0.4701f,0.7153f,0.517f,-1.4747f,-0.1704f,0.5012f,-0.8484f,0.4499f,0f,0f,0f,1f],start_interpolation: 0,interpolation_duration: 1}
$data merge entity $(bone_bone) {transformation: [-0.866f,-0.2164f,0.4508f,0.125f,-0.4701f,0.6596f,-0.5865f,-1.0625f,-0.1704f,-0.7198f,-0.6729f,0f,0f,0f,0f,1f],start_interpolation: 0,interpolation_duration: 1}
$data merge entity $(bone_bone5) {transformation: [-0.2825f,-0.2894f,0.9146f,-0.5666f,0.6102f,0.6814f,0.4041f,-1.4714f,-0.7402f,0.6722f,-0.0159f,-0.1685f,0f,0f,0f,1f],start_interpolation: 0,interpolation_duration: 1}
$data merge entity $(bone_bone2) {transformation: [-0.2825f,0.7066f,0.6488f,-0.125f,0.6102f,0.6543f,-0.4468f,-1.0625f,-0.7402f,0.2697f,-0.616f,0f,0f,0f,0f,1f],start_interpolation: 0,interpolation_duration: 1}
$data merge entity $(bone_head) {transformation: [-0.95f,-0.1294f,0.2841f,-0.0989f,-0.056f,0.9659f,0.2527f,-0.2453f,-0.3071f,0.2241f,-0.9249f,0.1714f,0f,0f,0f,1f],start_interpolation: 0,interpolation_duration: 1}
$data merge entity $(bone_bone6) {transformation: [0.4569f,0.8823f,0.1131f,-0.5698f,-0.5742f,0.3897f,-0.72f,-0.8715f,-0.6793f,0.264f,0.6847f,0.4064f,0f,0f,0f,1f],start_interpolation: 0,interpolation_duration: 1}
$data merge entity $(bone_left_down_arm) {transformation: [0.4569f,0.8823f,0.1131f,-0.0735f,-0.5742f,0.3897f,-0.72f,-0.6523f,-0.6793f,0.264f,0.6847f,0.5549f,0f,0f,0f,1f],start_interpolation: 0,interpolation_duration: 1}
$data merge entity $(bone_left_upper_arm) {transformation: [0.4569f,0.3432f,0.8206f,0.1338f,-0.5742f,0.8184f,-0.0226f,-0.366f,-0.6793f,-0.4609f,0.571f,0.2683f,0f,0f,0f,1f],start_interpolation: 0,interpolation_duration: 1}
$data merge entity $(bone_bone7) {transformation: [-0.1553f,0.9259f,0.3443f,-1.1667f,0.9854f,0.1208f,0.1197f,-0.331f,0.0693f,0.3579f,-0.9312f,-0.4453f,0f,0f,0f,1f],start_interpolation: 0,interpolation_duration: 1}
$data merge entity $(bone_left_down_arm2) {transformation: [-0.1553f,0.9259f,0.3443f,-0.6243f,0.9854f,0.1208f,0.1197f,-0.2556f,0.0693f,0.3579f,-0.9312f,-0.3022f,0f,0f,0f,1f],start_interpolation: 0,interpolation_duration: 1}
$data merge entity $(bone_left_upper_arm2) {transformation: [-0.2015f,0.7544f,0.6248f,-0.2691f,0.9692f,0.0614f,0.2384f,-0.3499f,0.1415f,0.6536f,-0.7435f,-0.0339f,0f,0f,0f,1f],start_interpolation: 0,interpolation_duration: 1}
$data merge entity $(bone_upperbody) {transformation: [-0.866f,-0.1294f,0.483f,-0.1826f,0f,0.9659f,0.2588f,-0.5913f,-0.5f,0.2241f,-0.8365f,-0.0587f,0f,0f,0f,1f],start_interpolation: 0,interpolation_duration: 1}
$data merge entity $(bone_downbody) {transformation: [-0.866f,-0.1082f,0.4881f,0f,0f,0.9763f,0.2164f,-1.0625f,-0.5f,0.1874f,-0.8455f,0f,0f,0f,0f,1f],start_interpolation: 0,interpolation_duration: 1}