# This file was generated by Animated Java via MC-Build. It is not recommended to edit this file directly.
$data merge entity $(bone_bone6) {transformation: [0.4569f,0.8859f,0.08f,-0.5774f,-0.5742f,0.3625f,-0.7341f,-0.856f,-0.6793f,0.2895f,0.6743f,0.3882f,0f,0f,0f,1f],start_interpolation: 0,interpolation_duration: 1}
$data merge entity $(bone_left_down_arm) {transformation: [0.4569f,0.8859f,0.08f,-0.0791f,-0.5742f,0.3625f,-0.7341f,-0.6521f,-0.6793f,0.2895f,0.6743f,0.551f,0f,0f,0f,1f],start_interpolation: 0,interpolation_duration: 1}
$data merge entity $(bone_left_upper_arm) {transformation: [0.4569f,0.3559f,0.8152f,0.1338f,-0.5742f,0.8179f,-0.0353f,-0.366f,-0.6793f,-0.452f,0.5781f,0.2683f,0f,0f,0f,1f],start_interpolation: 0,interpolation_duration: 1}
$data merge entity $(bone_bone7) {transformation: [-0.1542f,0.915f,0.3729f,-1.158f,0.9856f,0.1157f,0.1237f,-0.3267f,0.07f,0.3866f,-0.9196f,-0.4672f,0f,0f,0f,1f],start_interpolation: 0,interpolation_duration: 1}
$data merge entity $(bone_left_down_arm2) {transformation: [-0.1542f,0.915f,0.3729f,-0.62f,0.9856f,0.1157f,0.1237f,-0.2539f,0.07f,0.3866f,-0.9196f,-0.3072f,0f,0f,0f,1f],start_interpolation: 0,interpolation_duration: 1}
$data merge entity $(bone_left_upper_arm2) {transformation: [-0.2015f,0.7445f,0.6364f,-0.2691f,0.9692f,0.0577f,0.2393f,-0.3499f,0.1415f,0.6651f,-0.7332f,-0.0339f,0f,0f,0f,1f],start_interpolation: 0,interpolation_duration: 1}