# This file was generated by Animated Java via MC-Build. It is not recommended to edit this file directly.
$data merge entity $(bone_bone6) {transformation: [0.4569f,0.8883f,0.0468f,-0.5843f,-0.5742f,0.3348f,-0.7471f,-0.8401f,-0.6793f,0.3145f,0.663f,0.3701f,0f,0f,0f,1f],start_interpolation: 0,interpolation_duration: 1}
$data merge entity $(bone_left_down_arm) {transformation: [0.4569f,0.8883f,0.0468f,-0.0846f,-0.5742f,0.3348f,-0.7471f,-0.6518f,-0.6793f,0.3145f,0.663f,0.547f,0f,0f,0f,1f],start_interpolation: 0,interpolation_duration: 1}
$data merge entity $(bone_left_upper_arm) {transformation: [0.4569f,0.3686f,0.8095f,0.1338f,-0.5742f,0.8173f,-0.048f,-0.366f,-0.6793f,-0.4429f,0.5851f,0.2683f,0f,0f,0f,1f],start_interpolation: 0,interpolation_duration: 1}
$data merge entity $(bone_bone7) {transformation: [-0.1531f,0.9031f,0.4011f,-1.1487f,0.9857f,0.1105f,0.1274f,-0.3224f,0.0708f,0.4149f,-0.9071f,-0.4889f,0f,0f,0f,1f],start_interpolation: 0,interpolation_duration: 1}
$data merge entity $(bone_left_down_arm2) {transformation: [-0.1531f,0.9031f,0.4011f,-0.6156f,0.9857f,0.1105f,0.1274f,-0.2523f,0.0708f,0.4149f,-0.9071f,-0.3122f,0f,0f,0f,1f],start_interpolation: 0,interpolation_duration: 1}
$data merge entity $(bone_left_upper_arm2) {transformation: [-0.2015f,0.7345f,0.648f,-0.2691f,0.9692f,0.054f,0.2402f,-0.3499f,0.1415f,0.6764f,-0.7228f,-0.0339f,0f,0f,0f,1f],start_interpolation: 0,interpolation_duration: 1}