# This file was generated by Animated Java via MC-Build. It is not recommended to edit this file directly.
$data merge entity $(bone_bone6) {transformation: [0.4569f,0.8894f,0.0136f,-0.5904f,-0.5742f,0.3066f,-0.7591f,-0.8239f,-0.6793f,0.339f,0.6508f,0.3523f,0f,0f,0f,1f],start_interpolation: 0,interpolation_duration: 1}
$data merge entity $(bone_left_down_arm) {transformation: [0.4569f,0.8894f,0.0136f,-0.0901f,-0.5742f,0.3066f,-0.7591f,-0.6514f,-0.6793f,0.339f,0.6508f,0.543f,0f,0f,0f,1f],start_interpolation: 0,interpolation_duration: 1}
$data merge entity $(bone_left_upper_arm) {transformation: [0.4569f,0.3812f,0.8037f,0.1338f,-0.5742f,0.8164f,-0.0608f,-0.366f,-0.6793f,-0.4337f,0.5919f,0.2683f,0f,0f,0f,1f],start_interpolation: 0,interpolation_duration: 1}
$data merge entity $(bone_bone7) {transformation: [-0.152f,0.8904f,0.429f,-1.1388f,0.9858f,0.1051f,0.131f,-0.318f,0.0716f,0.4428f,-0.8938f,-0.5103f,0f,0f,0f,1f],start_interpolation: 0,interpolation_duration: 1}
$data merge entity $(bone_left_down_arm2) {transformation: [-0.152f,0.8904f,0.429f,-0.6112f,0.9858f,0.1051f,0.131f,-0.2507f,0.0716f,0.4428f,-0.8938f,-0.3171f,0f,0f,0f,1f],start_interpolation: 0,interpolation_duration: 1}
$data merge entity $(bone_left_upper_arm2) {transformation: [-0.2015f,0.7243f,0.6593f,-0.2691f,0.9692f,0.0502f,0.241f,-0.3499f,0.1415f,0.6876f,-0.7122f,-0.0339f,0f,0f,0f,1f],start_interpolation: 0,interpolation_duration: 1}