# This file was generated by Animated Java via MC-Build. It is not recommended to edit this file directly.
$data merge entity $(bone_head) {transformation: [-0.9454f,-0.1294f,0.2991f,-0.1013f,-0.052f,0.9659f,0.2536f,-0.2461f,-0.3217f,0.2242f,-0.9199f,0.1733f,0f,0f,0f,1f],start_interpolation: 0,interpolation_duration: 1}
$data merge entity $(bone_bone6) {transformation: [0.4652f,0.8846f,-0.0321f,-0.6026f,-0.5744f,0.2741f,-0.7713f,-0.8067f,-0.6735f,0.3773f,0.6356f,0.3278f,0f,0f,0f,1f],start_interpolation: 0,interpolation_duration: 1}
$data merge entity $(bone_left_down_arm) {transformation: [0.4652f,0.8846f,-0.0321f,-0.105f,-0.5744f,0.2741f,-0.7713f,-0.6525f,-0.6735f,0.3773f,0.6356f,0.5401f,0f,0f,0f,1f],start_interpolation: 0,interpolation_duration: 1}
$data merge entity $(bone_left_upper_arm) {transformation: [0.4652f,0.403f,0.7881f,0.1295f,-0.5744f,0.8149f,-0.0776f,-0.3678f,-0.6735f,-0.4166f,0.6106f,0.2736f,0f,0f,0f,1f],start_interpolation: 0,interpolation_duration: 1}
$data merge entity $(bone_bone7) {transformation: [-0.1485f,0.8699f,0.4703f,-1.1201f,0.9863f,0.0956f,0.1346f,-0.3092f,0.0722f,0.4839f,-0.8722f,-0.5453f,0f,0f,0f,1f],start_interpolation: 0,interpolation_duration: 1}
$data merge entity $(bone_left_down_arm2) {transformation: [-0.1485f,0.8699f,0.4703f,-0.6013f,0.9863f,0.0956f,0.1346f,-0.247f,0.0722f,0.4839f,-0.8722f,-0.3276f,0f,0f,0f,1f],start_interpolation: 0,interpolation_duration: 1}
$data merge entity $(bone_left_upper_arm2) {transformation: [-0.2002f,0.7033f,0.6821f,-0.2686f,0.9696f,0.0425f,0.2409f,-0.3496f,0.1404f,0.7096f,-0.6905f,-0.0348f,0f,0f,0f,1f],start_interpolation: 0,interpolation_duration: 1}
$data merge entity $(bone_upperbody) {transformation: [-0.8583f,-0.1294f,0.4966f,-0.1826f,0.0041f,0.9659f,0.2588f,-0.5913f,-0.5132f,0.2242f,-0.8285f,-0.0587f,0f,0f,0f,1f],start_interpolation: 0,interpolation_duration: 1}