# This file was generated by Animated Java via MC-Build. It is not recommended to edit this file directly.
$data merge entity $(bone_head) {transformation: [-0.9405f,-0.1294f,0.3141f,-0.1036f,-0.048f,0.9659f,0.2544f,-0.2468f,-0.3363f,0.2242f,-0.9147f,0.1753f,0f,0f,0f,1f],start_interpolation: 0,interpolation_duration: 1}
$data merge entity $(bone_bone6) {transformation: [0.4735f,0.8774f,-0.0775f,-0.6132f,-0.5747f,0.2411f,-0.7821f,-0.7891f,-0.6675f,0.4148f,0.6184f,0.3035f,0f,0f,0f,1f],start_interpolation: 0,interpolation_duration: 1}
$data merge entity $(bone_left_down_arm) {transformation: [0.4735f,0.8774f,-0.0775f,-0.1197f,-0.5747f,0.2411f,-0.7821f,-0.6535f,-0.6675f,0.4148f,0.6184f,0.5368f,0f,0f,0f,1f],start_interpolation: 0,interpolation_duration: 1}
$data merge entity $(bone_left_upper_arm) {transformation: [0.4735f,0.4243f,0.7719f,0.1251f,-0.5747f,0.8129f,-0.0943f,-0.3696f,-0.6675f,-0.3989f,0.6287f,0.2788f,0f,0f,0f,1f],start_interpolation: 0,interpolation_duration: 1}
$data merge entity $(bone_bone7) {transformation: [-0.1451f,0.8474f,0.5107f,-1.0998f,0.9867f,0.0859f,0.1377f,-0.3002f,0.0728f,0.5239f,-0.8487f,-0.5795f,0f,0f,0f,1f],start_interpolation: 0,interpolation_duration: 1}
$data merge entity $(bone_left_down_arm2) {transformation: [-0.1451f,0.8474f,0.5107f,-0.5912f,0.9867f,0.0859f,0.1377f,-0.2433f,0.0728f,0.5239f,-0.8487f,-0.3379f,0f,0f,0f,1f],start_interpolation: 0,interpolation_duration: 1}
$data merge entity $(bone_left_upper_arm2) {transformation: [-0.1989f,0.6816f,0.7041f,-0.2681f,0.97f,0.0348f,0.2404f,-0.3493f,0.1394f,0.7309f,-0.6681f,-0.0356f,0f,0f,0f,1f],start_interpolation: 0,interpolation_duration: 1}
$data merge entity $(bone_upperbody) {transformation: [-0.8503f,-0.1294f,0.5102f,-0.1826f,0.0082f,0.9659f,0.2588f,-0.5913f,-0.5263f,0.2242f,-0.8202f,-0.0587f,0f,0f,0f,1f],start_interpolation: 0,interpolation_duration: 1}