# This file was generated by Animated Java via MC-Build. It is not recommended to edit this file directly.
$data merge entity $(bone_bone4) {transformation: [-0.9912f,-0.0963f,-0.0908f,0.2007f,-0.1088f,0.9835f,0.1443f,-1.4471f,0.0754f,0.153f,-0.9854f,0.1155f,0f,0f,0f,1f],start_interpolation: 0,interpolation_duration: 1}
$data merge entity $(bone_bone) {transformation: [-0.9912f,-0.1211f,-0.0535f,0.125f,-0.1088f,0.9753f,-0.1922f,-0.8375f,0.0754f,-0.1847f,-0.9799f,0f,0f,0f,0f,1f],start_interpolation: 0,interpolation_duration: 1}
$data merge entity $(bone_bone5) {transformation: [-0.9932f,0.1104f,0.0362f,-0.1975f,0.116f,0.9596f,0.2563f,-1.4583f,-0.0064f,0.2587f,-0.9659f,-0.0054f,0f,0f,0f,1f],start_interpolation: 0,interpolation_duration: 1}
$data merge entity $(bone_bone2) {transformation: [-0.9932f,0.116f,0.0074f,-0.125f,0.116f,0.9932f,0.0078f,-0.8375f,-0.0064f,0.0086f,-0.9999f,0f,0f,0f,0f,1f],start_interpolation: 0,interpolation_duration: 1}
$data merge entity $(bone_head) {transformation: [-0.9943f,-0.0448f,-0.0972f,0.0008f,-0.0436f,0.9989f,-0.0141f,0.0307f,0.0978f,-0.0098f,-0.9952f,0.0032f,0f,0f,0f,1f],start_interpolation: 0,interpolation_duration: 1}
$data merge entity $(bone_bone6) {transformation: [-0.8396f,-0.4917f,-0.2308f,0.8366f,-0.5074f,0.8616f,0.0102f,-0.8921f,0.1939f,0.1257f,-0.9729f,-0.221f,0f,0f,0f,1f],start_interpolation: 0,interpolation_duration: 1}
$data merge entity $(bone_left_down_arm) {transformation: [-0.8396f,-0.4917f,-0.2308f,0.56f,-0.5074f,0.8616f,0.0102f,-0.4075f,0.1939f,0.1257f,-0.9729f,-0.1503f,0f,0f,0f,1f],start_interpolation: 0,interpolation_duration: 1}
$data merge entity $(bone_left_upper_arm) {transformation: [-0.8396f,-0.4834f,-0.2478f,0.2436f,-0.5074f,0.8608f,0.0402f,-0.0943f,0.1939f,0.1595f,-0.968f,-0.0562f,0f,0f,0f,1f],start_interpolation: 0,interpolation_duration: 1}
$data merge entity $(bone_bone7) {transformation: [-0.9751f,0.1306f,-0.1793f,-0.5283f,0.1641f,0.9686f,-0.1866f,-1.0275f,0.1493f,-0.2114f,-0.9659f,0.1248f,0f,0f,0f,1f],start_interpolation: 0,interpolation_duration: 1}
$data merge entity $(bone_left_down_arm2) {transformation: [-0.9751f,0.1306f,-0.1793f,-0.466f,0.1641f,0.9686f,-0.1866f,-0.4944f,0.1493f,-0.2114f,-0.9659f,-0.0545f,0f,0f,0f,1f],start_interpolation: 0,interpolation_duration: 1}
$data merge entity $(bone_left_upper_arm2) {transformation: [-0.9594f,0.2033f,-0.1957f,-0.2572f,0.1563f,0.9603f,0.231f,-0.0938f,0.2349f,0.191f,-0.9531f,-0.0003f,0f,0f,0f,1f],start_interpolation: 0,interpolation_duration: 1}
$data merge entity $(bone_upperbody) {transformation: [-0.9724f,0.002f,-0.2334f,-0.1969f,0f,1f,0.0087f,-0.3437f,0.2334f,0.0085f,-0.9723f,-0.017f,0f,0f,0f,1f],start_interpolation: 0,interpolation_duration: 1}
$data merge entity $(bone_downbody) {transformation: [-0.9724f,0f,-0.2334f,0f,0f,1f,0f,-0.8375f,0.2334f,0f,-0.9724f,0f,0f,0f,0f,1f],start_interpolation: 0,interpolation_duration: 1}