# This file was generated by Animated Java via MC-Build. It is not recommended to edit this file directly.
$data merge entity $(bone_head) {transformation: [-0.9354f,-0.1295f,0.3289f,-0.106f,-0.0439f,0.9659f,0.2552f,-0.2476f,-0.3508f,0.2243f,-0.9092f,0.1772f,0f,0f,0f,1f],start_interpolation: 0,interpolation_duration: 1}
$data merge entity $(bone_bone6) {transformation: [0.4816f,0.8678f,-0.1222f,-0.6223f,-0.575f,0.2077f,-0.7914f,-0.771f,-0.6614f,0.4514f,0.599f,0.2793f,0f,0f,0f,1f],start_interpolation: 0,interpolation_duration: 1}
$data merge entity $(bone_left_down_arm) {transformation: [0.4816f,0.8678f,-0.1222f,-0.1342f,-0.575f,0.2077f,-0.7914f,-0.6542f,-0.6614f,0.4514f,0.599f,0.5332f,0f,0f,0f,1f],start_interpolation: 0,interpolation_duration: 1}
$data merge entity $(bone_left_upper_arm) {transformation: [0.4816f,0.445f,0.755f,0.1207f,-0.575f,0.8106f,-0.111f,-0.3714f,-0.6614f,-0.3806f,0.6463f,0.284f,0f,0f,0f,1f],start_interpolation: 0,interpolation_duration: 1}
$data merge entity $(bone_bone7) {transformation: [-0.1417f,0.8231f,0.55f,-1.0781f,0.9872f,0.0762f,0.1403f,-0.2913f,0.0736f,0.5628f,-0.8233f,-0.6129f,0f,0f,0f,1f],start_interpolation: 0,interpolation_duration: 1}
$data merge entity $(bone_left_down_arm2) {transformation: [-0.1417f,0.8231f,0.55f,-0.5807f,0.9872f,0.0762f,0.1403f,-0.2396f,0.0736f,0.5628f,-0.8233f,-0.3478f,0f,0f,0f,1f],start_interpolation: 0,interpolation_duration: 1}
$data merge entity $(bone_left_upper_arm2) {transformation: [-0.1976f,0.6593f,0.7255f,-0.2676f,0.9705f,0.0271f,0.2397f,-0.3491f,0.1384f,0.7514f,-0.6451f,-0.0364f,0f,0f,0f,1f],start_interpolation: 0,interpolation_duration: 1}
$data merge entity $(bone_upperbody) {transformation: [-0.8421f,-0.1295f,0.5236f,-0.1826f,0.0123f,0.9659f,0.2587f,-0.5913f,-0.5392f,0.2243f,-0.8117f,-0.0587f,0f,0f,0f,1f],start_interpolation: 0,interpolation_duration: 1}