# This file was generated by Animated Java via MC-Build. It is not recommended to edit this file directly.
$data merge entity $(bone_head) {transformation: [-0.9301f,-0.1295f,0.3437f,-0.1084f,-0.0399f,0.9659f,0.2559f,-0.2484f,-0.3651f,0.2243f,-0.9035f,0.1791f,0f,0f,0f,1f],start_interpolation: 0,interpolation_duration: 1}
$data merge entity $(bone_bone6) {transformation: [0.4897f,0.8559f,-0.1663f,-0.63f,-0.5753f,0.1739f,-0.7992f,-0.7526f,-0.6551f,0.487f,0.5776f,0.2553f,0f,0f,0f,1f],start_interpolation: 0,interpolation_duration: 1}
$data merge entity $(bone_left_down_arm) {transformation: [0.4897f,0.8559f,-0.1663f,-0.1485f,-0.5753f,0.1739f,-0.7992f,-0.6547f,-0.6551f,0.487f,0.5776f,0.5292f,0f,0f,0f,1f],start_interpolation: 0,interpolation_duration: 1}
$data merge entity $(bone_left_upper_arm) {transformation: [0.4897f,0.4652f,0.7374f,0.1162f,-0.5753f,0.8079f,-0.1276f,-0.3732f,-0.6551f,-0.3618f,0.6633f,0.2891f,0f,0f,0f,1f],start_interpolation: 0,interpolation_duration: 1}
$data merge entity $(bone_bone7) {transformation: [-0.1383f,0.7969f,0.5881f,-1.055f,0.9876f,0.0664f,0.1423f,-0.2822f,0.0744f,0.6004f,-0.7962f,-0.6454f,0f,0f,0f,1f],start_interpolation: 0,interpolation_duration: 1}
$data merge entity $(bone_left_down_arm2) {transformation: [-0.1383f,0.7969f,0.5881f,-0.5699f,0.9876f,0.0664f,0.1423f,-0.236f,0.0744f,0.6004f,-0.7962f,-0.3574f,0f,0f,0f,1f],start_interpolation: 0,interpolation_duration: 1}
$data merge entity $(bone_left_upper_arm2) {transformation: [-0.1963f,0.6362f,0.7461f,-0.2671f,0.9709f,0.0195f,0.2388f,-0.3488f,0.1374f,0.7713f,-0.6215f,-0.0372f,0f,0f,0f,1f],start_interpolation: 0,interpolation_duration: 1}
$data merge entity $(bone_upperbody) {transformation: [-0.8337f,-0.1295f,0.5369f,-0.1826f,0.0164f,0.9659f,0.2584f,-0.5913f,-0.552f,0.2243f,-0.8031f,-0.0587f,0f,0f,0f,1f],start_interpolation: 0,interpolation_duration: 1}