# This file was generated by Animated Java via MC-Build. It is not recommended to edit this file directly.
$data merge entity $(bone_head) {transformation: [-0.9245f,-0.1295f,0.3584f,-0.1108f,-0.0358f,0.9659f,0.2565f,-0.2491f,-0.3794f,0.2243f,-0.8976f,0.1809f,0f,0f,0f,1f],start_interpolation: 0,interpolation_duration: 1}
$data merge entity $(bone_bone6) {transformation: [0.4976f,0.8417f,-0.2096f,-0.6362f,-0.5757f,0.1398f,-0.8056f,-0.7338f,-0.6488f,0.5215f,0.5542f,0.2316f,0f,0f,0f,1f],start_interpolation: 0,interpolation_duration: 1}
$data merge entity $(bone_left_down_arm) {transformation: [0.4976f,0.8417f,-0.2096f,-0.1627f,-0.5757f,0.1398f,-0.8056f,-0.6551f,-0.6488f,0.5215f,0.5542f,0.5249f,0f,0f,0f,1f],start_interpolation: 0,interpolation_duration: 1}
$data merge entity $(bone_left_upper_arm) {transformation: [0.4976f,0.4848f,0.7192f,0.1116f,-0.5757f,0.8048f,-0.1442f,-0.375f,-0.6488f,-0.3424f,0.6796f,0.294f,0f,0f,0f,1f],start_interpolation: 0,interpolation_duration: 1}
$data merge entity $(bone_bone7) {transformation: [-0.135f,0.769f,0.6249f,-1.0305f,0.988f,0.0565f,0.1438f,-0.2732f,0.0753f,0.6368f,-0.7673f,-0.6769f,0f,0f,0f,1f],start_interpolation: 0,interpolation_duration: 1}
$data merge entity $(bone_left_down_arm2) {transformation: [-0.135f,0.769f,0.6249f,-0.5589f,0.988f,0.0565f,0.1438f,-0.2324f,0.0753f,0.6368f,-0.7673f,-0.3667f,0f,0f,0f,1f],start_interpolation: 0,interpolation_duration: 1}
$data merge entity $(bone_left_upper_arm2) {transformation: [-0.1949f,0.6125f,0.766f,-0.2665f,0.9713f,0.0119f,0.2376f,-0.3486f,0.1364f,0.7904f,-0.5972f,-0.038f,0f,0f,0f,1f],start_interpolation: 0,interpolation_duration: 1}
$data merge entity $(bone_upperbody) {transformation: [-0.825f,-0.1295f,0.5501f,-0.1826f,0.0205f,0.9659f,0.2582f,-0.5913f,-0.5647f,0.2243f,-0.7942f,-0.0587f,0f,0f,0f,1f],start_interpolation: 0,interpolation_duration: 1}