# This file was generated by Animated Java via MC-Build. It is not recommended to edit this file directly.
$data merge entity $(bone_head) {transformation: [-0.9187f,-0.1295f,0.3731f,-0.1133f,-0.0318f,0.9659f,0.257f,-0.2499f,-0.3936f,0.2243f,-0.8915f,0.1827f,0f,0f,0f,1f],start_interpolation: 0,interpolation_duration: 1}
$data merge entity $(bone_bone6) {transformation: [0.5055f,0.8252f,-0.2519f,-0.6409f,-0.5762f,0.1055f,-0.8105f,-0.7147f,-0.6423f,0.5548f,0.5288f,0.2082f,0f,0f,0f,1f],start_interpolation: 0,interpolation_duration: 1}
$data merge entity $(bone_left_down_arm) {transformation: [0.5055f,0.8252f,-0.2519f,-0.1767f,-0.5762f,0.1055f,-0.8105f,-0.6553f,-0.6423f,0.5548f,0.5288f,0.5203f,0f,0f,0f,1f],start_interpolation: 0,interpolation_duration: 1}
$data merge entity $(bone_left_upper_arm) {transformation: [0.5055f,0.5038f,0.7005f,0.1069f,-0.5762f,0.8014f,-0.1606f,-0.3768f,-0.6423f,-0.3224f,0.6954f,0.299f,0f,0f,0f,1f],start_interpolation: 0,interpolation_duration: 1}
$data merge entity $(bone_bone7) {transformation: [-0.1317f,0.7393f,0.6604f,-1.0046f,0.9884f,0.0467f,0.1448f,-0.2641f,0.0762f,0.6718f,-0.7368f,-0.7074f,0f,0f,0f,1f],start_interpolation: 0,interpolation_duration: 1}
$data merge entity $(bone_left_down_arm2) {transformation: [-0.1317f,0.7393f,0.6604f,-0.5475f,0.9884f,0.0467f,0.1448f,-0.2288f,0.0762f,0.6718f,-0.7368f,-0.3756f,0f,0f,0f,1f],start_interpolation: 0,interpolation_duration: 1}
$data merge entity $(bone_left_upper_arm2) {transformation: [-0.1936f,0.5882f,0.7852f,-0.266f,0.9717f,0.0045f,0.2362f,-0.3483f,0.1354f,0.8087f,-0.5724f,-0.0387f,0f,0f,0f,1f],start_interpolation: 0,interpolation_duration: 1}
$data merge entity $(bone_upperbody) {transformation: [-0.8162f,-0.1295f,0.5631f,-0.1826f,0.0246f,0.9659f,0.2578f,-0.5913f,-0.5772f,0.2243f,-0.7852f,-0.0587f,0f,0f,0f,1f],start_interpolation: 0,interpolation_duration: 1}