# This file was generated by Animated Java via MC-Build. It is not recommended to edit this file directly.
$data merge entity $(bone_head) {transformation: [-0.9127f,-0.1295f,0.3876f,-0.1158f,-0.0277f,0.9659f,0.2575f,-0.2506f,-0.4077f,0.2243f,-0.8851f,0.1844f,0f,0f,0f,1f],start_interpolation: 0,interpolation_duration: 1}
$data merge entity $(bone_bone6) {transformation: [0.5132f,0.8066f,-0.2933f,-0.6442f,-0.5767f,0.0711f,-0.8139f,-0.6953f,-0.6356f,0.5868f,0.5016f,0.1853f,0f,0f,0f,1f],start_interpolation: 0,interpolation_duration: 1}
$data merge entity $(bone_left_down_arm) {transformation: [0.5132f,0.8066f,-0.2933f,-0.1905f,-0.5767f,0.0711f,-0.8139f,-0.6554f,-0.6356f,0.5868f,0.5016f,0.5154f,0f,0f,0f,1f],start_interpolation: 0,interpolation_duration: 1}
$data merge entity $(bone_left_upper_arm) {transformation: [0.5132f,0.5222f,0.6811f,0.1022f,-0.5767f,0.7975f,-0.177f,-0.3785f,-0.6356f,-0.302f,0.7105f,0.3038f,0f,0f,0f,1f],start_interpolation: 0,interpolation_duration: 1}
$data merge entity $(bone_bone7) {transformation: [-0.1284f,0.708f,0.6944f,-0.9775f,0.9887f,0.0368f,0.1453f,-0.2551f,0.0773f,0.7053f,-0.7047f,-0.7369f,0f,0f,0f,1f],start_interpolation: 0,interpolation_duration: 1}
$data merge entity $(bone_left_down_arm2) {transformation: [-0.1284f,0.708f,0.6944f,-0.5359f,0.9887f,0.0368f,0.1453f,-0.2253f,0.0773f,0.7053f,-0.7047f,-0.3842f,0f,0f,0f,1f],start_interpolation: 0,interpolation_duration: 1}
$data merge entity $(bone_left_upper_arm2) {transformation: [-0.1922f,0.5633f,0.8036f,-0.2654f,0.9721f,-0.0029f,0.2345f,-0.3481f,0.1345f,0.8263f,-0.547f,-0.0395f,0f,0f,0f,1f],start_interpolation: 0,interpolation_duration: 1}
$data merge entity $(bone_upperbody) {transformation: [-0.8072f,-0.1295f,0.576f,-0.1826f,0.0287f,0.9659f,0.2574f,-0.5913f,-0.5896f,0.2243f,-0.7759f,-0.0587f,0f,0f,0f,1f],start_interpolation: 0,interpolation_duration: 1}