# This file was generated by Animated Java via MC-Build. It is not recommended to edit this file directly.
$data merge entity $(bone_head) {transformation: [-0.9064f,-0.1295f,0.402f,-0.1183f,-0.0236f,0.9659f,0.2579f,-0.2513f,-0.4217f,0.2243f,-0.8786f,0.1861f,0f,0f,0f,1f],start_interpolation: 0,interpolation_duration: 1}
$data merge entity $(bone_bone6) {transformation: [0.5208f,0.7858f,-0.3334f,-0.6461f,-0.5773f,0.0365f,-0.8157f,-0.6757f,-0.6289f,0.6173f,0.4727f,0.1629f,0f,0f,0f,1f],start_interpolation: 0,interpolation_duration: 1}
$data merge entity $(bone_left_down_arm) {transformation: [0.5208f,0.7858f,-0.3334f,-0.204f,-0.5773f,0.0365f,-0.8157f,-0.6552f,-0.6289f,0.6173f,0.4727f,0.5101f,0f,0f,0f,1f],start_interpolation: 0,interpolation_duration: 1}
$data merge entity $(bone_left_upper_arm) {transformation: [0.5208f,0.54f,0.6612f,0.0973f,-0.5773f,0.7934f,-0.1932f,-0.3803f,-0.6289f,-0.281f,0.7249f,0.3086f,0f,0f,0f,1f],start_interpolation: 0,interpolation_duration: 1}
$data merge entity $(bone_bone7) {transformation: [-0.1252f,0.6751f,0.727f,-0.9492f,0.989f,0.027f,0.1452f,-0.2461f,0.0784f,0.7372f,-0.6711f,-0.7652f,0f,0f,0f,1f],start_interpolation: 0,interpolation_duration: 1}
$data merge entity $(bone_left_down_arm2) {transformation: [-0.1252f,0.6751f,0.727f,-0.524f,0.989f,0.027f,0.1452f,-0.2218f,0.0784f,0.7372f,-0.6711f,-0.3924f,0f,0f,0f,1f],start_interpolation: 0,interpolation_duration: 1}
$data merge entity $(bone_left_upper_arm2) {transformation: [-0.1908f,0.5378f,0.8212f,-0.2648f,0.9725f,-0.0102f,0.2326f,-0.3478f,0.1335f,0.843f,-0.5211f,-0.0403f,0f,0f,0f,1f],start_interpolation: 0,interpolation_duration: 1}
$data merge entity $(bone_upperbody) {transformation: [-0.7979f,-0.1295f,0.5887f,-0.1826f,0.0328f,0.9659f,0.2569f,-0.5913f,-0.6019f,0.2243f,-0.7665f,-0.0587f,0f,0f,0f,1f],start_interpolation: 0,interpolation_duration: 1}