# This file was generated by Animated Java via MC-Build. It is not recommended to edit this file directly.
$data merge entity $(bone_head) {transformation: [-0.8999f,-0.1295f,0.4164f,-0.1209f,-0.0195f,0.9659f,0.2582f,-0.252f,-0.4356f,0.2242f,-0.8718f,0.1878f,0f,0f,0f,1f],start_interpolation: 0,interpolation_duration: 1}
$data merge entity $(bone_bone6) {transformation: [0.5284f,0.763f,-0.3723f,-0.6466f,-0.5779f,0.0019f,-0.8161f,-0.656f,-0.622f,0.6464f,0.442f,0.141f,0f,0f,0f,1f],start_interpolation: 0,interpolation_duration: 1}
$data merge entity $(bone_left_down_arm) {transformation: [0.5284f,0.763f,-0.3723f,-0.2174f,-0.5779f,0.0019f,-0.8161f,-0.6549f,-0.622f,0.6464f,0.442f,0.5046f,0f,0f,0f,1f],start_interpolation: 0,interpolation_duration: 1}
$data merge entity $(bone_left_upper_arm) {transformation: [0.5284f,0.5571f,0.6407f,0.0924f,-0.5779f,0.7888f,-0.2093f,-0.382f,-0.622f,-0.2596f,0.7387f,0.3132f,0f,0f,0f,1f],start_interpolation: 0,interpolation_duration: 1}
$data merge entity $(bone_bone7) {transformation: [-0.122f,0.6407f,0.758f,-0.9196f,0.9893f,0.0173f,0.1446f,-0.2371f,0.0795f,0.7676f,-0.636f,-0.7923f,0f,0f,0f,1f],start_interpolation: 0,interpolation_duration: 1}
$data merge entity $(bone_left_down_arm2) {transformation: [-0.122f,0.6407f,0.758f,-0.5118f,0.9893f,0.0173f,0.1446f,-0.2183f,0.0795f,0.7676f,-0.636f,-0.4003f,0f,0f,0f,1f],start_interpolation: 0,interpolation_duration: 1}
$data merge entity $(bone_left_upper_arm2) {transformation: [-0.1893f,0.5118f,0.838f,-0.2642f,0.9729f,-0.0174f,0.2305f,-0.3476f,0.1325f,0.8589f,-0.4946f,-0.041f,0f,0f,0f,1f],start_interpolation: 0,interpolation_duration: 1}
$data merge entity $(bone_upperbody) {transformation: [-0.7885f,-0.1295f,0.6013f,-0.1826f,0.0369f,0.9659f,0.2563f,-0.5913f,-0.614f,0.2242f,-0.7568f,-0.0587f,0f,0f,0f,1f],start_interpolation: 0,interpolation_duration: 1}