# This file was generated by Animated Java via MC-Build. It is not recommended to edit this file directly.
$data merge entity $(bone_head) {transformation: [-0.8932f,-0.1294f,0.4306f,-0.1235f,-0.0154f,0.9659f,0.2584f,-0.2528f,-0.4494f,0.2242f,-0.8648f,0.1894f,0f,0f,0f,1f],start_interpolation: 0,interpolation_duration: 1}
$data merge entity $(bone_bone6) {transformation: [0.5358f,0.7382f,-0.4098f,-0.6457f,-0.5785f,-0.0326f,-0.815f,-0.636f,-0.615f,0.6738f,0.4096f,0.1197f,0f,0f,0f,1f],start_interpolation: 0,interpolation_duration: 1}
$data merge entity $(bone_left_down_arm) {transformation: [0.5358f,0.7382f,-0.4098f,-0.2305f,-0.5785f,-0.0326f,-0.815f,-0.6544f,-0.615f,0.6738f,0.4096f,0.4987f,0f,0f,0f,1f],start_interpolation: 0,interpolation_duration: 1}
$data merge entity $(bone_left_upper_arm) {transformation: [0.5358f,0.5736f,0.6197f,0.0874f,-0.5785f,0.7839f,-0.2254f,-0.3837f,-0.615f,-0.2378f,0.7518f,0.3178f,0f,0f,0f,1f],start_interpolation: 0,interpolation_duration: 1}
$data merge entity $(bone_bone7) {transformation: [-0.1189f,0.6049f,0.7874f,-0.8889f,0.9896f,0.0077f,0.1435f,-0.2282f,0.0808f,0.7963f,-0.5995f,-0.8182f,0f,0f,0f,1f],start_interpolation: 0,interpolation_duration: 1}
$data merge entity $(bone_left_down_arm2) {transformation: [-0.1189f,0.6049f,0.7874f,-0.4994f,0.9896f,0.0077f,0.1435f,-0.2149f,0.0808f,0.7963f,-0.5995f,-0.4077f,0f,0f,0f,1f],start_interpolation: 0,interpolation_duration: 1}
$data merge entity $(bone_left_upper_arm2) {transformation: [-0.1879f,0.4852f,0.854f,-0.2636f,0.9733f,-0.0245f,0.2281f,-0.3473f,0.1316f,0.874f,-0.4677f,-0.0418f,0f,0f,0f,1f],start_interpolation: 0,interpolation_duration: 1}
$data merge entity $(bone_upperbody) {transformation: [-0.7788f,-0.1294f,0.6137f,-0.1826f,0.0409f,0.9659f,0.2556f,-0.5913f,-0.6259f,0.2242f,-0.747f,-0.0587f,0f,0f,0f,1f],start_interpolation: 0,interpolation_duration: 1}