# This file was generated by Animated Java via MC-Build. It is not recommended to edit this file directly.
$data merge entity $(bone_head) {transformation: [-0.8863f,-0.1294f,0.4447f,-0.1261f,-0.0113f,0.9659f,0.2586f,-0.2535f,-0.463f,0.2241f,-0.8575f,0.1909f,0f,0f,0f,1f],start_interpolation: 0,interpolation_duration: 1}
$data merge entity $(bone_bone6) {transformation: [0.5431f,0.7115f,-0.4459f,-0.6436f,-0.5792f,-0.067f,-0.8124f,-0.616f,-0.6079f,0.6995f,0.3758f,0.0991f,0f,0f,0f,1f],start_interpolation: 0,interpolation_duration: 1}
$data merge entity $(bone_left_down_arm) {transformation: [0.5431f,0.7115f,-0.4459f,-0.2433f,-0.5792f,-0.067f,-0.8124f,-0.6537f,-0.6079f,0.6995f,0.3758f,0.4926f,0f,0f,0f,1f],start_interpolation: 0,interpolation_duration: 1}
$data merge entity $(bone_left_upper_arm) {transformation: [0.5431f,0.5893f,0.5981f,0.0824f,-0.5792f,0.7786f,-0.2412f,-0.3854f,-0.6079f,-0.2155f,0.7642f,0.3223f,0f,0f,0f,1f],start_interpolation: 0,interpolation_duration: 1}
$data merge entity $(bone_bone7) {transformation: [-0.1158f,0.5677f,0.815f,-0.8571f,0.9899f,-0.0018f,0.1419f,-0.2194f,0.0821f,0.8232f,-0.5618f,-0.8428f,0f,0f,0f,1f],start_interpolation: 0,interpolation_duration: 1}
$data merge entity $(bone_left_down_arm2) {transformation: [-0.1158f,0.5677f,0.815f,-0.4868f,0.9899f,-0.0018f,0.1419f,-0.2115f,0.0821f,0.8232f,-0.5618f,-0.4148f,0f,0f,0f,1f],start_interpolation: 0,interpolation_duration: 1}
$data merge entity $(bone_left_upper_arm2) {transformation: [-0.1864f,0.4582f,0.8691f,-0.263f,0.9737f,-0.0315f,0.2255f,-0.347f,0.1307f,0.8883f,-0.4403f,-0.0425f,0f,0f,0f,1f],start_interpolation: 0,interpolation_duration: 1}
$data merge entity $(bone_upperbody) {transformation: [-0.769f,-0.1294f,0.626f,-0.1826f,0.0449f,0.9659f,0.2549f,-0.5913f,-0.6377f,0.2241f,-0.737f,-0.0587f,0f,0f,0f,1f],start_interpolation: 0,interpolation_duration: 1}