# This file was generated by Animated Java via MC-Build. It is not recommended to edit this file directly.
$data merge entity $(bone_head) {transformation: [-0.9252f,-0.1483f,0.3494f,-0.1289f,-0.0593f,0.9657f,0.2529f,-0.2485f,-0.3749f,0.2132f,-0.9022f,0.1848f,0f,0f,0f,1f],start_interpolation: 0,interpolation_duration: 1}
$data merge entity $(bone_bone6) {transformation: [0.5436f,0.7766f,-0.3185f,-0.6511f,-0.5747f,0.0678f,-0.8155f,-0.6898f,-0.6117f,0.6264f,0.4832f,0.1602f,0f,0f,0f,1f],start_interpolation: 0,interpolation_duration: 1}
$data merge entity $(bone_left_down_arm) {transformation: [0.5436f,0.7766f,-0.3185f,-0.2143f,-0.5747f,0.0678f,-0.8155f,-0.6516f,-0.6117f,0.6264f,0.4832f,0.5125f,0f,0f,0f,1f],start_interpolation: 0,interpolation_duration: 1}
$data merge entity $(bone_left_upper_arm) {transformation: [0.5436f,0.5302f,0.6507f,0.0856f,-0.5747f,0.8001f,-0.1718f,-0.3734f,-0.6117f,-0.2806f,0.7397f,0.3133f,0f,0f,0f,1f],start_interpolation: 0,interpolation_duration: 1}
$data merge entity $(bone_bone7) {transformation: [-0.1315f,0.8315f,0.5398f,-0.9462f,0.9879f,0.0649f,0.1406f,-0.2538f,0.0819f,0.5517f,-0.83f,-0.6981f,0f,0f,0f,1f],start_interpolation: 0,interpolation_duration: 1}
$data merge entity $(bone_left_down_arm2) {transformation: [-0.1315f,0.8315f,0.5398f,-0.4447f,0.9879f,0.0649f,0.1406f,-0.2085f,0.0819f,0.5517f,-0.83f,-0.4396f,0f,0f,0f,1f],start_interpolation: 0,interpolation_duration: 1}
$data merge entity $(bone_left_upper_arm2) {transformation: [-0.2075f,0.3432f,0.9161f,-0.2687f,0.9707f,-0.0436f,0.2362f,-0.3489f,0.121f,0.9383f,-0.3241f,-0.0442f,0f,0f,0f,1f],start_interpolation: 0,interpolation_duration: 1}
$data merge entity $(bone_upperbody) {transformation: [-0.7839f,-0.1483f,0.6029f,-0.1826f,0.0167f,0.9657f,0.2592f,-0.5913f,-0.6207f,0.2132f,-0.7545f,-0.0587f,0f,0f,0f,1f],start_interpolation: 0,interpolation_duration: 1}