# This file was generated by Animated Java via MC-Build. It is not recommended to edit this file directly.
$data merge entity $(bone_bone4) {transformation: [-0.9836f,-0.1153f,-0.1389f,0.2284f,-0.1407f,0.9717f,0.1899f,-1.4457f,0.113f,0.2063f,-0.9719f,0.1583f,0f,0f,0f,1f],start_interpolation: 0,interpolation_duration: 1}
$data merge entity $(bone_bone) {transformation: [-0.9836f,-0.1655f,-0.0721f,0.125f,-0.1407f,0.9532f,-0.2678f,-0.85f,0.113f,-0.2532f,-0.9608f,0f,0f,0f,0f,1f],start_interpolation: 0,interpolation_duration: 1}
$data merge entity $(bone_bone5) {transformation: [-0.9883f,0.1382f,0.064f,-0.2197f,0.152f,0.9218f,0.3567f,-1.4674f,-0.0096f,0.3623f,-0.932f,-0.0217f,0f,0f,0f,1f],start_interpolation: 0,interpolation_duration: 1}
$data merge entity $(bone_bone2) {transformation: [-0.9883f,0.1516f,0.0148f,-0.125f,0.152f,0.9878f,0.0329f,-0.85f,-0.0096f,0.0348f,-0.9993f,0f,0f,0f,0f,1f],start_interpolation: 0,interpolation_duration: 1}
$data merge entity $(bone_head) {transformation: [-0.9873f,-0.0655f,-0.1449f,0.0017f,-0.0637f,0.9978f,-0.0167f,0.0148f,0.1457f,-0.0072f,-0.9893f,0.0046f,0f,0f,0f,1f],start_interpolation: 0,interpolation_duration: 1}
$data merge entity $(bone_bone6) {transformation: [-0.7147f,-0.6013f,-0.3573f,0.925f,-0.6526f,0.757f,0.0313f,-0.7855f,0.2517f,0.2555f,-0.9335f,-0.374f,0f,0f,0f,1f],start_interpolation: 0,interpolation_duration: 1}
$data merge entity $(bone_left_down_arm) {transformation: [-0.7147f,-0.6013f,-0.3573f,0.5867f,-0.6526f,0.757f,0.0313f,-0.3597f,0.2517f,0.2555f,-0.9335f,-0.2303f,0f,0f,0f,1f],start_interpolation: 0,interpolation_duration: 1}
$data merge entity $(bone_left_upper_arm) {transformation: [-0.7147f,-0.5982f,-0.3626f,0.2357f,-0.6526f,0.7567f,0.0379f,-0.1102f,0.2517f,0.2637f,-0.9312f,-0.0835f,0f,0f,0f,1f],start_interpolation: 0,interpolation_duration: 1}
$data merge entity $(bone_bone7) {transformation: [-0.9598f,0.1024f,-0.2613f,-0.5193f,0.1712f,0.9513f,-0.2563f,-1.0191f,0.2223f,-0.2908f,-0.9306f,0.1839f,0f,0f,0f,1f],start_interpolation: 0,interpolation_duration: 1}
$data merge entity $(bone_left_down_arm2) {transformation: [-0.9598f,0.1024f,-0.2613f,-0.478f,0.1712f,0.9513f,-0.2563f,-0.5f,0.2223f,-0.2908f,-0.9306f,-0.0379f,0f,0f,0f,1f],start_interpolation: 0,interpolation_duration: 1}
$data merge entity $(bone_left_upper_arm2) {transformation: [-0.9263f,0.245f,-0.2862f,-0.255f,0.1477f,0.935f,0.3224f,-0.1094f,0.3466f,0.2564f,-0.9023f,0.031f,0f,0f,0f,1f],start_interpolation: 0,interpolation_duration: 1}
$data merge entity $(bone_upperbody) {transformation: [-0.9382f,0.0045f,-0.3461f,-0.1975f,0f,0.9999f,0.0131f,-0.3594f,0.3461f,0.0123f,-0.9381f,0.0063f,0f,0f,0f,1f],start_interpolation: 0,interpolation_duration: 1}
$data merge entity $(bone_downbody) {transformation: [-0.9382f,0f,-0.3461f,0f,0f,1f,0f,-0.85f,0.3461f,0f,-0.9382f,0f,0f,0f,0f,1f],start_interpolation: 0,interpolation_duration: 1}