# This file was generated by Animated Java via MC-Build. It is not recommended to edit this file directly.
$data merge entity $(bone_head) {transformation: [-0.9535f,-0.1671f,0.251f,-0.1319f,-0.1059f,0.965f,0.2399f,-0.2436f,-0.2823f,0.2022f,-0.9378f,0.1784f,0f,0f,0f,1f],start_interpolation: 0,interpolation_duration: 1}
$data merge entity $(bone_bone6) {transformation: [0.5437f,0.8192f,-0.1823f,-0.6446f,-0.5708f,0.2018f,-0.7959f,-0.76f,-0.6153f,0.5368f,0.5773f,0.2291f,0f,0f,0f,1f],start_interpolation: 0,interpolation_duration: 1}
$data merge entity $(bone_left_down_arm) {transformation: [0.5437f,0.8192f,-0.1823f,-0.1838f,-0.5708f,0.2018f,-0.7959f,-0.6465f,-0.6153f,0.5368f,0.5773f,0.531f,0f,0f,0f,1f],start_interpolation: 0,interpolation_duration: 1}
$data merge entity $(bone_left_upper_arm) {transformation: [0.5437f,0.4668f,0.6975f,0.0884f,-0.5708f,0.8149f,-0.1004f,-0.3613f,-0.6153f,-0.3435f,0.7095f,0.3038f,0f,0f,0f,1f],start_interpolation: 0,interpolation_duration: 1}
$data merge entity $(bone_bone7) {transformation: [-0.1482f,0.9714f,0.1857f,-0.9585f,0.9855f,0.1295f,0.1094f,-0.2837f,0.0823f,0.1992f,-0.9765f,-0.5087f,0f,0f,0f,1f],start_interpolation: 0,interpolation_duration: 1}
$data merge entity $(bone_left_down_arm2) {transformation: [-0.1482f,0.9714f,0.1857f,-0.4005f,0.9855f,0.1295f,0.1094f,-0.204f,0.0823f,0.1992f,-0.9765f,-0.4576f,0f,0f,0f,1f],start_interpolation: 0,interpolation_duration: 1}
$data merge entity $(bone_left_upper_arm2) {transformation: [-0.2284f,0.2234f,0.9476f,-0.2742f,0.9672f,-0.0592f,0.2471f,-0.3508f,0.1112f,0.9729f,-0.2025f,-0.0459f,0f,0f,0f,1f],start_interpolation: 0,interpolation_duration: 1}
$data merge entity $(bone_upperbody) {transformation: [-0.7977f,-0.1671f,0.5795f,-0.1826f,-0.0118f,0.965f,0.262f,-0.5913f,-0.603f,0.2022f,-0.7717f,-0.0587f,0f,0f,0f,1f],start_interpolation: 0,interpolation_duration: 1}