# This file was generated by Animated Java via MC-Build. It is not recommended to edit this file directly.
$data merge entity $(bone_head) {transformation: [-0.9375f,-0.106f,0.3313f,-0.0688f,-0.0917f,0.9941f,0.0587f,-0.2137f,-0.3356f,0.0247f,-0.9417f,-0.0289f,0f,0f,0f,1f],start_interpolation: 0,interpolation_duration: 1}
$data merge entity $(bone_bone6) {transformation: [0.5715f,0.7869f,-0.2327f,-0.6348f,-0.699f,0.3183f,-0.6404f,-0.7282f,-0.4299f,0.5286f,0.732f,0.0906f,0f,0f,0f,1f],start_interpolation: 0,interpolation_duration: 1}
$data merge entity $(bone_left_down_arm) {transformation: [0.5715f,0.7869f,-0.2327f,-0.1921f,-0.699f,0.3183f,-0.6404f,-0.5491f,-0.4299f,0.5286f,0.732f,0.388f,0f,0f,0f,1f],start_interpolation: 0,interpolation_duration: 1}
$data merge entity $(bone_left_upper_arm) {transformation: [0.5715f,0.5501f,0.6089f,0.12f,-0.699f,0.715f,0.01f,-0.3237f,-0.4299f,-0.4314f,0.7932f,0.1455f,0f,0f,0f,1f],start_interpolation: 0,interpolation_duration: 1}
$data merge entity $(bone_bone7) {transformation: [-0.0669f,0.9975f,-0.023f,-0.7336f,0.9946f,0.0648f,-0.0812f,-0.2824f,-0.0795f,-0.0283f,-0.9964f,-0.6199f,0f,0f,0f,1f],start_interpolation: 0,interpolation_duration: 1}
$data merge entity $(bone_left_down_arm2) {transformation: [-0.0669f,0.9975f,-0.023f,-0.174f,0.9946f,0.0648f,-0.0812f,-0.251f,-0.0795f,-0.0283f,-0.9964f,-0.6981f,0f,0f,0f,1f],start_interpolation: 0,interpolation_duration: 1}
$data merge entity $(bone_left_upper_arm2) {transformation: [-0.1534f,-0.0737f,0.9854f,-0.187f,0.9854f,0.0632f,0.1582f,-0.3465f,-0.0739f,0.9953f,0.0629f,-0.2534f,0f,0f,0f,1f],start_interpolation: 0,interpolation_duration: 1}
$data merge entity $(bone_upperbody) {transformation: [-0.702f,-0.106f,0.7042f,-0.1166f,-0.0573f,0.9941f,0.0926f,-0.5915f,-0.7098f,0.0247f,-0.7039f,-0.2152f,0f,0f,0f,1f],start_interpolation: 0,interpolation_duration: 1}
$data merge entity $(bone_downbody) {transformation: [-0.766f,-0.028f,0.6422f,0f,0f,0.999f,0.0436f,-1.0625f,-0.6428f,0.0334f,-0.7653f,-0.0625f,0f,0f,0f,1f],start_interpolation: 0,interpolation_duration: 1}