# This file was generated by Animated Java via MC-Build. It is not recommended to edit this file directly.
$data merge entity $(bone_head) {transformation: [-0.9199f,0.0105f,0.392f,0.0404f,-0.0385f,0.9924f,-0.1168f,-0.2114f,-0.3902f,-0.1225f,-0.9125f,-0.2076f,0f,0f,0f,1f],start_interpolation: 0,interpolation_duration: 1}
$data merge entity $(bone_bone6) {transformation: [0.5375f,0.7863f,-0.3045f,-0.6076f,-0.8075f,0.3761f,-0.4544f,-0.6776f,-0.2428f,0.4901f,0.8372f,-0.0291f,0f,0f,0f,1f],start_interpolation: 0,interpolation_duration: 1}
$data merge entity $(bone_left_down_arm) {transformation: [0.5375f,0.7863f,-0.3045f,-0.1653f,-0.8075f,0.3761f,-0.4544f,-0.466f,-0.2428f,0.4901f,0.8372f,0.2466f,0f,0f,0f,1f],start_interpolation: 0,interpolation_duration: 1}
$data merge entity $(bone_left_upper_arm) {transformation: [0.5375f,0.6569f,0.5287f,0.1893f,-0.8075f,0.5815f,0.0985f,-0.3126f,-0.2428f,-0.4799f,0.843f,0.0062f,0f,0f,0f,1f],start_interpolation: 0,interpolation_duration: 1}
$data merge entity $(bone_bone7) {transformation: [0.0613f,0.9656f,-0.2527f,-0.4396f,0.9767f,-0.1102f,-0.1844f,-0.2571f,-0.2059f,-0.2355f,-0.9498f,-0.6649f,0f,0f,0f,1f],start_interpolation: 0,interpolation_duration: 1}
$data merge entity $(bone_left_down_arm2) {transformation: [0.0613f,0.9656f,-0.2527f,0.0877f,0.9767f,-0.1102f,-0.1844f,-0.3307f,-0.2059f,-0.2355f,-0.9498f,-0.8568f,0f,0f,0f,1f],start_interpolation: 0,interpolation_duration: 1}
$data merge entity $(bone_left_upper_arm2) {transformation: [-0.0238f,-0.347f,0.9375f,-0.0611f,0.974f,0.2031f,0.0999f,-0.3635f,-0.2251f,0.9156f,0.3332f,-0.4281f,0f,0f,0f,1f],start_interpolation: 0,interpolation_duration: 1}
$data merge entity $(bone_upperbody) {transformation: [-0.6007f,0.0105f,0.7994f,-0.0262f,-0.0917f,0.9924f,-0.0819f,-0.6059f,-0.7942f,-0.1225f,-0.5952f,-0.3478f,0f,0f,0f,1f],start_interpolation: 0,interpolation_duration: 1}
$data merge entity $(bone_downbody) {transformation: [-0.6428f,0.1f,0.7595f,0f,0f,0.9914f,-0.1305f,-1.0625f,-0.766f,-0.0839f,-0.6373f,-0.125f,0f,0f,0f,1f],start_interpolation: 0,interpolation_duration: 1}