# This file was generated by Animated Java via MC-Build. It is not recommended to edit this file directly.
$data merge entity $(bone_bone4) {transformation: [-0.8755f,-0.0999f,-0.4728f,0.4229f,-0.4377f,0.5783f,0.6884f,-1.5394f,0.2047f,0.8097f,-0.5501f,0.5089f,0f,0f,0f,1f],start_interpolation: 0,interpolation_duration: 1}
$data merge entity $(bone_bone) {transformation: [-0.8755f,-0.4767f,0.0792f,0.125f,-0.4377f,0.713f,-0.5478f,-1.0937f,0.2047f,-0.5142f,-0.8329f,0.1875f,0f,0f,0f,1f],start_interpolation: 0,interpolation_duration: 1}
$data merge entity $(bone_bone5) {transformation: [-0.6054f,0.0028f,0.7959f,-0.6086f,0.6116f,0.6417f,0.4629f,-1.4701f,-0.5094f,0.767f,-0.3902f,0.3105f,0f,0f,0f,1f],start_interpolation: 0,interpolation_duration: 1}
$data merge entity $(bone_bone2) {transformation: [-0.6054f,0.7738f,0.1864f,-0.125f,0.6116f,0.6021f,-0.5133f,-1.0937f,-0.5094f,-0.1967f,-0.8377f,0.1875f,0f,0f,0f,1f],start_interpolation: 0,interpolation_duration: 1}
$data merge entity $(bone_head) {transformation: [-0.9744f,-0.2175f,0.0562f,-0.0454f,-0.2209f,0.9732f,-0.0637f,-0.2367f,-0.0408f,-0.0745f,-0.9964f,0.1769f,0f,0f,0f,1f],start_interpolation: 0,interpolation_duration: 1}
$data merge entity $(bone_bone6) {transformation: [-0.3725f,0.2742f,0.8866f,0.3641f,-0.8412f,0.3037f,-0.4473f,-0.6341f,-0.3919f,-0.9125f,0.1175f,0.9754f,0f,0f,0f,1f],start_interpolation: 0,interpolation_duration: 1}
$data merge entity $(bone_left_down_arm) {transformation: [-0.3725f,0.2742f,0.8866f,0.5183f,-0.8412f,0.3037f,-0.4473f,-0.4633f,-0.3919f,-0.9125f,0.1175f,0.4622f,0f,0f,0f,1f],start_interpolation: 0,interpolation_duration: 1}
$data merge entity $(bone_left_upper_arm) {transformation: [-0.3725f,-0.5849f,0.7205f,0.2158f,-0.8412f,0.5407f,0.004f,-0.3319f,-0.3919f,-0.6047f,-0.6934f,0.1486f,0f,0f,0f,1f],start_interpolation: 0,interpolation_duration: 1}
$data merge entity $(bone_bone7) {transformation: [-0.7613f,0.3419f,-0.5509f,-0.8865f,0.5368f,-0.1441f,-0.8313f,-0.4795f,-0.3637f,-0.9286f,-0.0738f,0.8586f,0f,0f,0f,1f],start_interpolation: 0,interpolation_duration: 1}
$data merge entity $(bone_left_down_arm2) {transformation: [-0.7613f,0.3419f,-0.5509f,-0.7286f,0.5368f,-0.1441f,-0.8313f,-0.6125f,-0.3637f,-0.9286f,-0.0738f,0.3316f,0f,0f,0f,1f],start_interpolation: 0,interpolation_duration: 1}
$data merge entity $(bone_left_upper_arm2) {transformation: [-0.759f,0.6509f,0.0161f,-0.3484f,0.5622f,0.6678f,-0.4879f,-0.4059f,-0.3283f,-0.3612f,-0.8728f,0.1873f,0f,0f,0f,1f],start_interpolation: 0,interpolation_duration: 1}
$data merge entity $(bone_upperbody) {transformation: [-0.9909f,-0.1085f,-0.08f,-0.1955f,-0.1145f,0.9906f,0.0751f,-0.625f,0.0711f,0.0836f,-0.994f,0.0968f,0f,0f,0f,1f],start_interpolation: 0,interpolation_duration: 1}
$data merge entity $(bone_downbody) {transformation: [-0.9941f,-0.005f,-0.1087f,0f,-0.0081f,0.9996f,0.0281f,-1.0937f,0.1085f,0.0288f,-0.9937f,0.125f,0f,0f,0f,1f],start_interpolation: 0,interpolation_duration: 1}