# This file was generated by Animated Java via MC-Build. It is not recommended to edit this file directly.
$data merge entity $(bone_bone4) {transformation: [-0.7586f,0.4298f,-0.4896f,0.4635f,-0.3478f,0.3683f,0.8622f,-1.6292f,0.5509f,0.8244f,-0.1299f,0.5228f,0f,0f,0f,1f],start_interpolation: 0,interpolation_duration: 1}
$data merge entity $(bone_bone) {transformation: [-0.7586f,-0.5415f,-0.3622f,0.125f,-0.3478f,0.8068f,-0.4777f,-1.125f,0.5509f,-0.2364f,-0.8004f,0.375f,0f,0f,0f,1f],start_interpolation: 0,interpolation_duration: 1}
$data merge entity $(bone_bone5) {transformation: [-0.8782f,0.2128f,0.4284f,-0.3983f,0.4175f,0.7781f,0.4693f,-1.4392f,-0.2335f,0.591f,-0.7722f,0.841f,0f,0f,0f,1f],start_interpolation: 0,interpolation_duration: 1}
$data merge entity $(bone_bone2) {transformation: [-0.8782f,0.4373f,-0.1939f,-0.125f,0.4175f,0.5028f,-0.7569f,-1.125f,-0.2335f,-0.7457f,-0.6241f,0.375f,0f,0f,0f,1f],start_interpolation: 0,interpolation_duration: 1}
$data merge entity $(bone_head) {transformation: [-0.9491f,-0.0927f,-0.301f,0.1213f,-0.122f,0.9893f,0.08f,-0.2796f,0.2904f,0.1127f,-0.9502f,0.5025f,0f,0f,0f,1f],start_interpolation: 0,interpolation_duration: 1}
$data merge entity $(bone_bone6) {transformation: [-0.5102f,-0.7426f,-0.4338f,0.7549f,-0.5924f,0.6691f,-0.4487f,-1.003f,0.6235f,0.0281f,-0.7813f,-0.1139f,0f,0f,0f,1f],start_interpolation: 0,interpolation_duration: 1}
$data merge entity $(bone_left_down_arm) {transformation: [-0.5102f,-0.7426f,-0.4338f,0.3372f,-0.5924f,0.6691f,-0.4487f,-0.6266f,0.6235f,0.0281f,-0.7813f,-0.0981f,0f,0f,0f,1f],start_interpolation: 0,interpolation_duration: 1}
$data merge entity $(bone_left_upper_arm) {transformation: [-0.5102f,-0.1079f,-0.8533f,0.2262f,-0.5924f,0.7633f,0.2577f,-0.3667f,0.6235f,0.637f,-0.4533f,0.2585f,0f,0f,0f,1f],start_interpolation: 0,interpolation_duration: 1}
$data merge entity $(bone_bone7) {transformation: [-0.9683f,-0.2355f,-0.0836f,0.0917f,0.0878f,-0.0075f,-0.9961f,-0.3402f,0.234f,-0.9718f,0.028f,1.8338f,0f,0f,0f,1f],start_interpolation: 0,interpolation_duration: 1}
$data merge entity $(bone_left_down_arm2) {transformation: [-0.9683f,-0.2355f,-0.0836f,-0.046f,0.0878f,-0.0075f,-0.9961f,-0.4067f,0.234f,-0.9718f,0.028f,1.2889f,0f,0f,0f,1f],start_interpolation: 0,interpolation_duration: 1}
$data merge entity $(bone_left_upper_arm2) {transformation: [-0.9683f,-0.2355f,-0.0836f,-0.0333f,0.0878f,-0.0075f,-0.9961f,-0.4832f,0.234f,-0.9718f,0.028f,0.836f,0f,0f,0f,1f],start_interpolation: 0,interpolation_duration: 1}
$data merge entity $(bone_upperbody) {transformation: [-0.483f,0.1264f,-0.8665f,-0.0708f,-0.1349f,0.967f,0.2163f,-0.6539f,0.8652f,0.2214f,-0.4499f,0.5536f,0f,0f,0f,1f],start_interpolation: 0,interpolation_duration: 1}
$data merge entity $(bone_downbody) {transformation: [-0.4623f,0.1504f,-0.8739f,0f,-0.0076f,0.9848f,0.1735f,-1.125f,0.8867f,0.0868f,-0.4542f,0.375f,0f,0f,0f,1f],start_interpolation: 0,interpolation_duration: 1}