# This file was generated by Animated Java via MC-Build. It is not recommended to edit this file directly.
$data merge entity $(bone_bone4) {transformation: [-0.9735f,-0.1293f,-0.1885f,0.2579f,-0.1721f,0.9574f,0.232f,-1.4397f,0.1504f,0.2583f,-0.9543f,0.1997f,0f,0f,0f,1f],start_interpolation: 0,interpolation_duration: 1}
$data merge entity $(bone_bone) {transformation: [-0.9735f,-0.2126f,-0.084f,0.125f,-0.1721f,0.9234f,-0.343f,-0.8625f,0.1504f,-0.3195f,-0.9356f,0f,0f,0f,0f,1f],start_interpolation: 0,interpolation_duration: 1}
$data merge entity $(bone_bone5) {transformation: [-0.9821f,0.1608f,0.0979f,-0.2417f,0.1878f,0.8724f,0.4512f,-1.4753f,-0.0129f,0.4615f,-0.887f,-0.038f,0f,0f,0f,1f],start_interpolation: 0,interpolation_duration: 1}
$data merge entity $(bone_bone2) {transformation: [-0.9821f,0.1867f,0.024f,-0.125f,0.1878f,0.9805f,0.0574f,-0.8625f,-0.0129f,0.0609f,-0.9981f,0f,0f,0f,0f,1f],start_interpolation: 0,interpolation_duration: 1}
$data merge entity $(bone_head) {transformation: [-0.9778f,-0.0839f,-0.192f,0.003f,-0.0823f,0.9965f,-0.0164f,-0.0011f,0.1927f,-0.0002f,-0.9813f,0.0058f,0f,0f,0f,1f],start_interpolation: 0,interpolation_duration: 1}
$data merge entity $(bone_bone6) {transformation: [-0.568f,-0.6671f,-0.4821f,0.9664f,-0.777f,0.6278f,0.0466f,-0.6572f,0.2716f,0.401f,-0.8749f,-0.5379f,0f,0f,0f,1f],start_interpolation: 0,interpolation_duration: 1}
$data merge entity $(bone_left_down_arm) {transformation: [-0.568f,-0.6671f,-0.4821f,0.5912f,-0.777f,0.6278f,0.0466f,-0.304f,0.2716f,0.401f,-0.8749f,-0.3123f,0f,0f,0f,1f],start_interpolation: 0,interpolation_duration: 1}
$data merge entity $(bone_left_upper_arm) {transformation: [-0.568f,-0.6754f,-0.4704f,0.2247f,-0.777f,0.6285f,0.0356f,-0.1261f,0.2716f,0.3857f,-0.8817f,-0.1096f,0f,0f,0f,1f],start_interpolation: 0,interpolation_duration: 1}
$data merge entity $(bone_bone7) {transformation: [-0.937f,0.0683f,-0.3427f,-0.5086f,0.1861f,0.9276f,-0.324f,-1.0033f,0.2957f,-0.3673f,-0.8818f,0.2441f,0f,0f,0f,1f],start_interpolation: 0,interpolation_duration: 1}
$data merge entity $(bone_left_down_arm2) {transformation: [-0.937f,0.0683f,-0.3427f,-0.4916f,0.1861f,0.9276f,-0.324f,-0.5018f,0.2957f,-0.3673f,-0.8818f,-0.0176f,0f,0f,0f,1f],start_interpolation: 0,interpolation_duration: 1}
$data merge entity $(bone_left_upper_arm2) {transformation: [-0.8802f,0.3026f,-0.3656f,-0.2491f,0.1391f,0.901f,0.411f,-0.125f,0.4538f,0.3109f,-0.8351f,0.0617f,0f,0f,0f,1f],start_interpolation: 0,interpolation_duration: 1}
$data merge entity $(bone_upperbody) {transformation: [-0.891f,0.0079f,-0.4539f,-0.1954f,0f,0.9998f,0.0175f,-0.375f,0.454f,0.0156f,-0.8909f,0.0294f,0f,0f,0f,1f],start_interpolation: 0,interpolation_duration: 1}
$data merge entity $(bone_downbody) {transformation: [-0.891f,0f,-0.454f,0f,0f,1f,0f,-0.8625f,0.454f,0f,-0.891f,0f,0f,0f,0f,1f],start_interpolation: 0,interpolation_duration: 1}