# This file was generated by Animated Java via MC-Build. It is not recommended to edit this file directly.
$data merge entity $(bone_bone4) {transformation: [-0.8559f,0.195f,-0.4789f,0.3804f,-0.2963f,0.574f,0.7634f,-1.5405f,0.4238f,0.7953f,-0.4335f,0.377f,0f,0f,0f,1f],start_interpolation: 0,interpolation_duration: 1}
$data merge entity $(bone_bone) {transformation: [-0.8559f,-0.4087f,-0.3168f,0.125f,-0.2963f,0.8898f,-0.3471f,-0.9844f,0.4238f,-0.2032f,-0.8827f,0.25f,0f,0f,0f,1f],start_interpolation: 0,interpolation_duration: 1}
$data merge entity $(bone_bone5) {transformation: [-0.9268f,0.2161f,0.307f,-0.3545f,0.3318f,0.8543f,0.4001f,-1.424f,-0.1758f,0.4727f,-0.8635f,0.6303f,0f,0f,0f,1f],start_interpolation: 0,interpolation_duration: 1}
$data merge entity $(bone_bone2) {transformation: [-0.9268f,0.3672f,-0.0782f,-0.125f,0.3318f,0.7035f,-0.6285f,-0.9844f,-0.1758f,-0.6085f,-0.7738f,0.25f,0f,0f,0f,1f],start_interpolation: 0,interpolation_duration: 1}
$data merge entity $(bone_head) {transformation: [-0.9635f,-0.1363f,-0.2303f,0.0622f,-0.1495f,0.9879f,0.0411f,-0.1282f,0.2219f,0.0741f,-0.9722f,0.3699f,0f,0f,0f,1f],start_interpolation: 0,interpolation_duration: 1}
$data merge entity $(bone_bone6) {transformation: [-0.6661f,-0.6352f,-0.391f,0.7696f,-0.5048f,0.7698f,-0.3907f,-0.9614f,0.5491f,-0.0629f,-0.8334f,-0.082f,0f,0f,0f,1f],start_interpolation: 0,interpolation_duration: 1}
$data merge entity $(bone_left_down_arm) {transformation: [-0.6661f,-0.6352f,-0.391f,0.4123f,-0.5048f,0.7698f,-0.3907f,-0.5284f,0.5491f,-0.0629f,-0.8334f,-0.1174f,0f,0f,0f,1f],start_interpolation: 0,interpolation_duration: 1}
$data merge entity $(bone_left_upper_arm) {transformation: [-0.6661f,-0.2275f,-0.7103f,0.2295f,-0.5048f,0.8386f,0.2047f,-0.2246f,0.5491f,0.4949f,-0.6735f,0.1678f,0f,0f,0f,1f],start_interpolation: 0,interpolation_duration: 1}
$data merge entity $(bone_bone7) {transformation: [-0.9818f,-0.1467f,-0.1202f,-0.1332f,0.0612f,0.3548f,-0.9329f,-0.5603f,0.1795f,-0.9234f,-0.3394f,1.598f,0f,0f,0f,1f],start_interpolation: 0,interpolation_duration: 1}
$data merge entity $(bone_left_down_arm2) {transformation: [-0.9818f,-0.1467f,-0.1202f,-0.2232f,0.0612f,0.3548f,-0.9329f,-0.419f,0.1795f,-0.9234f,-0.3394f,1.0574f,0f,0f,0f,1f],start_interpolation: 0,interpolation_duration: 1}
$data merge entity $(bone_left_upper_arm2) {transformation: [-0.9818f,-0.1441f,-0.1234f,-0.1692f,0.0612f,0.3751f,-0.925f,-0.3059f,0.1795f,-0.9157f,-0.3594f,0.6173f,0f,0f,0f,1f],start_interpolation: 0,interpolation_duration: 1}
$data merge entity $(bone_upperbody) {transformation: [-0.6926f,0.0468f,-0.7198f,-0.1302f,-0.1049f,0.9808f,0.1647f,-0.5053f,0.7136f,0.1895f,-0.6744f,0.3905f,0f,0f,0f,1f],start_interpolation: 0,interpolation_duration: 1}
$data merge entity $(bone_downbody) {transformation: [-0.6839f,0.0908f,-0.7239f,0f,-0.0084f,0.9912f,0.1323f,-0.9844f,0.7295f,0.0966f,-0.6771f,0.25f,0f,0f,0f,1f],start_interpolation: 0,interpolation_duration: 1}