# This file was generated by Animated Java via MC-Build. It is not recommended to edit this file directly.
$data merge entity $(bone_bone4) {transformation: [-0.931f,0.0113f,-0.3648f,0.2984f,-0.2246f,0.7699f,0.5973f,-1.4361f,0.2876f,0.638f,-0.7143f,0.2236f,0f,0f,0f,1f],start_interpolation: 0,interpolation_duration: 1}
$data merge entity $(bone_bone) {transformation: [-0.931f,-0.2774f,-0.2372f,0.125f,-0.2246f,0.9477f,-0.2266f,-0.8437f,0.2876f,-0.1577f,-0.9447f,0.125f,0f,0f,0f,1f],start_interpolation: 0,interpolation_duration: 1}
$data merge entity $(bone_bone5) {transformation: [-0.9637f,0.1878f,0.1896f,-0.2918f,0.2396f,0.9218f,0.3047f,-1.3797f,-0.1176f,0.3391f,-0.9334f,0.3999f,0f,0f,0f,1f],start_interpolation: 0,interpolation_duration: 1}
$data merge entity $(bone_bone2) {transformation: [-0.9637f,0.2669f,-0.0046f,-0.125f,0.2396f,0.8575f,-0.4552f,-0.8437f,-0.1176f,-0.4398f,-0.8904f,0.125f,0f,0f,0f,1f],start_interpolation: 0,interpolation_duration: 1}
$data merge entity $(bone_head) {transformation: [-0.9785f,-0.1325f,-0.1583f,0.0185f,-0.1353f,0.9908f,0.0074f,0.0211f,0.1559f,0.0286f,-0.9874f,0.2154f,0f,0f,0f,1f],start_interpolation: 0,interpolation_duration: 1}
$data merge entity $(bone_bone6) {transformation: [-0.8138f,-0.4897f,-0.313f,0.7325f,-0.4041f,0.8638f,-0.3009f,-0.9149f,0.4177f,-0.1185f,-0.9008f,-0.0583f,0f,0f,0f,1f],start_interpolation: 0,interpolation_duration: 1}
$data merge entity $(bone_left_down_arm) {transformation: [-0.8138f,-0.4897f,-0.313f,0.457f,-0.4041f,0.8638f,-0.3009f,-0.429f,0.4177f,-0.1185f,-0.9008f,-0.1249f,0f,0f,0f,1f],start_interpolation: 0,interpolation_duration: 1}
$data merge entity $(bone_left_upper_arm) {transformation: [-0.8138f,-0.2788f,-0.5099f,0.2333f,-0.4041f,0.9021f,0.1516f,-0.0848f,0.4177f,0.3294f,-0.8468f,0.0714f,0f,0f,0f,1f],start_interpolation: 0,interpolation_duration: 1}
$data merge entity $(bone_bone7) {transformation: [-0.9898f,-0.0462f,-0.1346f,-0.3237f,0.0693f,0.6696f,-0.7395f,-0.7408f,0.1243f,-0.7413f,-0.6596f,1.1668f,0f,0f,0f,1f],start_interpolation: 0,interpolation_duration: 1}
$data merge entity $(bone_left_down_arm2) {transformation: [-0.9898f,-0.0462f,-0.1346f,-0.3581f,0.0693f,0.6696f,-0.7395f,-0.4104f,0.1243f,-0.7413f,-0.6596f,0.7086f,0f,0f,0f,1f],start_interpolation: 0,interpolation_duration: 1}
$data merge entity $(bone_left_upper_arm2) {transformation: [-0.9898f,-0.0402f,-0.1365f,-0.2562f,0.0693f,0.7012f,-0.7096f,-0.1344f,0.1243f,-0.7118f,-0.6913f,0.3599f,0f,0f,0f,1f],start_interpolation: 0,interpolation_duration: 1}
$data merge entity $(bone_upperbody) {transformation: [-0.8574f,-0.0041f,-0.5147f,-0.1729f,-0.0718f,0.9911f,0.1117f,-0.357f,0.5097f,0.1328f,-0.8501f,0.2081f,0f,0f,0f,1f],start_interpolation: 0,interpolation_duration: 1}
$data merge entity $(bone_downbody) {transformation: [-0.8551f,0.0407f,-0.5169f,0f,-0.007f,0.9959f,0.0901f,-0.8437f,0.5185f,0.0806f,-0.8513f,0.125f,0f,0f,0f,1f],start_interpolation: 0,interpolation_duration: 1}