# This file was generated by Animated Java via MC-Build. It is not recommended to edit this file directly.
$data merge entity $(bone_bone4) {transformation: [-0.9797f,-0.0752f,-0.186f,0.2212f,-0.1382f,0.9249f,0.3543f,-1.4423f,0.1453f,0.3728f,-0.9165f,0.127f,0f,0f,0f,1f],start_interpolation: 0,interpolation_duration: 1}
$data merge entity $(bone_bone) {transformation: [-0.9797f,-0.154f,-0.1286f,0.125f,-0.1382f,0.9827f,-0.1235f,-0.8281f,0.1453f,-0.1032f,-0.984f,0.0625f,0f,0f,0f,1f],start_interpolation: 0,interpolation_duration: 1}
$data merge entity $(bone_bone5) {transformation: [-0.988f,0.1291f,0.085f,-0.2207f,0.1429f,0.9724f,0.1845f,-1.426f,-0.0589f,0.1944f,-0.9791f,0.2176f,0f,0f,0f,1f],start_interpolation: 0,interpolation_duration: 1}
$data merge entity $(bone_bone2) {transformation: [-0.988f,0.1532f,0.0209f,-0.125f,0.1429f,0.9565f,-0.2542f,-0.8281f,-0.0589f,-0.2481f,-0.9669f,0.0625f,0f,0f,0f,1f],start_interpolation: 0,interpolation_duration: 1}
$data merge entity $(bone_head) {transformation: [-0.993f,-0.0836f,-0.083f,-0.0033f,-0.0831f,0.9965f,-0.0095f,0.0431f,0.0835f,-0.0026f,-0.9965f,0.1097f,0f,0f,0f,1f],start_interpolation: 0,interpolation_duration: 1}
$data merge entity $(bone_bone6) {transformation: [-0.9282f,-0.3247f,-0.1815f,0.6516f,-0.2927f,0.9387f,-0.1823f,-0.98f,0.2296f,-0.1161f,-0.9663f,-0.0024f,0f,0f,0f,1f],start_interpolation: 0,interpolation_duration: 1}
$data merge entity $(bone_left_down_arm) {transformation: [-0.9282f,-0.3247f,-0.1815f,0.4689f,-0.2927f,0.9387f,-0.1823f,-0.452f,0.2296f,-0.1161f,-0.9663f,-0.0678f,0f,0f,0f,1f],start_interpolation: 0,interpolation_duration: 1}
$data merge entity $(bone_left_upper_arm) {transformation: [-0.9282f,-0.258f,-0.268f,0.24f,-0.2927f,0.9512f,0.098f,-0.0725f,0.2296f,0.1694f,-0.9584f,0.035f,0f,0f,0f,1f],start_interpolation: 0,interpolation_duration: 1}
$data merge entity $(bone_bone7) {transformation: [-0.9919f,0.0692f,-0.107f,-0.4718f,0.109f,0.8951f,-0.4324f,-0.9548f,0.0658f,-0.4405f,-0.8953f,0.6397f,0f,0f,0f,1f],start_interpolation: 0,interpolation_duration: 1}
$data merge entity $(bone_left_down_arm2) {transformation: [-0.9919f,0.0692f,-0.107f,-0.4396f,0.109f,0.8951f,-0.4324f,-0.4783f,0.0658f,-0.4405f,-0.8953f,0.3359f,0f,0f,0f,1f],start_interpolation: 0,interpolation_duration: 1}
$data merge entity $(bone_left_upper_arm2) {transformation: [-0.9919f,0.076f,-0.1022f,-0.2839f,0.109f,0.9214f,-0.3729f,-0.0946f,0.0658f,-0.381f,-0.9222f,0.1466f,0f,0f,0f,1f],start_interpolation: 0,interpolation_duration: 1}
$data merge entity $(bone_upperbody) {transformation: [-0.9632f,-0.02f,-0.2679f,-0.1932f,-0.0365f,0.9977f,0.057f,-0.3343f,0.2662f,0.0646f,-0.9618f,0.0752f,0f,0f,0f,1f],start_interpolation: 0,interpolation_duration: 1}
$data merge entity $(bone_downbody) {transformation: [-0.9631f,0.0086f,-0.2691f,0f,-0.0039f,0.9989f,0.0461f,-0.8281f,0.2692f,0.0455f,-0.962f,0.0625f,0f,0f,0f,1f],start_interpolation: 0,interpolation_duration: 1}