# This file was generated by Animated Java via MC-Build. It is not recommended to edit this file directly.
$data merge entity $(bone_bone4) {transformation: [-0.9611f,-0.1382f,-0.2391f,0.2885f,-0.2026f,0.9411f,0.2706f,-1.4288f,0.1877f,0.3086f,-0.9325f,0.2393f,0f,0f,0f,1f],start_interpolation: 0,interpolation_duration: 1}
$data merge entity $(bone_bone) {transformation: [-0.9611f,-0.2615f,-0.0887f,0.125f,-0.2026f,0.886f,-0.4171f,-0.875f,0.1877f,-0.3829f,-0.9045f,0f,0f,0f,0f,1f],start_interpolation: 0,interpolation_duration: 1}
$data merge entity $(bone_bone5) {transformation: [-0.9746f,0.177f,0.1371f,-0.2632f,0.2233f,0.8126f,0.5384f,-1.4821f,-0.0161f,0.5553f,-0.8315f,-0.0543f,0f,0f,0f,1f],start_interpolation: 0,interpolation_duration: 1}
$data merge entity $(bone_bone2) {transformation: [-0.9746f,0.2211f,0.035f,-0.125f,0.2233f,0.9714f,0.0811f,-0.875f,-0.0161f,0.0869f,-0.9961f,0f,0f,0f,0f,1f],start_interpolation: 0,interpolation_duration: 1}
$data merge entity $(bone_head) {transformation: [-0.9661f,-0.0993f,-0.2385f,0.0045f,-0.099f,0.995f,-0.0135f,-0.0171f,0.2386f,0.0106f,-0.9711f,0.0068f,0f,0f,0f,1f],start_interpolation: 0,interpolation_duration: 1}
$data merge entity $(bone_bone6) {transformation: [-0.4116f,-0.6854f,-0.6007f,0.9589f,-0.8765f,0.4783f,0.0548f,-0.5117f,0.2498f,0.5491f,-0.7976f,-0.6992f,0f,0f,0f,1f],start_interpolation: 0,interpolation_duration: 1}
$data merge entity $(bone_left_down_arm) {transformation: [-0.4116f,-0.6854f,-0.6007f,0.5734f,-0.8765f,0.4783f,0.0548f,-0.2426f,0.2498f,0.5491f,-0.7976f,-0.3904f,0f,0f,0f,1f],start_interpolation: 0,interpolation_duration: 1}
$data merge entity $(bone_left_upper_arm) {transformation: [-0.4116f,-0.7109f,-0.5702f,0.2109f,-0.8765f,0.4803f,0.0339f,-0.142f,0.2498f,0.5138f,-0.8208f,-0.1344f,0f,0f,0f,1f],start_interpolation: 0,interpolation_duration: 1}
$data merge entity $(bone_bone7) {transformation: [-0.9056f,0.0267f,-0.4232f,-0.4943f,0.2082f,0.8974f,-0.389f,-0.9804f,0.3694f,-0.4404f,-0.8183f,0.3059f,0f,0f,0f,1f],start_interpolation: 0,interpolation_duration: 1}
$data merge entity $(bone_left_down_arm2) {transformation: [-0.9056f,0.0267f,-0.4232f,-0.5057f,0.2082f,0.8974f,-0.389f,-0.5f,0.3694f,-0.4404f,-0.8183f,0.007f,0f,0f,0f,1f],start_interpolation: 0,interpolation_duration: 1}
$data merge entity $(bone_left_upper_arm2) {transformation: [-0.8217f,0.3735f,-0.4304f,-0.2396f,0.1304f,0.8585f,0.496f,-0.1407f,0.5548f,0.3515f,-0.7541f,0.0915f,0f,0f,0f,1f],start_interpolation: 0,interpolation_duration: 1}
$data merge entity $(bone_upperbody) {transformation: [-0.8315f,0.0121f,-0.5554f,-0.1906f,0f,0.9998f,0.0218f,-0.3906f,0.5556f,0.0181f,-0.8313f,0.0522f,0f,0f,0f,1f],start_interpolation: 0,interpolation_duration: 1}
$data merge entity $(bone_downbody) {transformation: [-0.8315f,0f,-0.5556f,0f,0f,1f,0f,-0.875f,0.5556f,0f,-0.8315f,0f,0f,0f,0f,1f],start_interpolation: 0,interpolation_duration: 1}