# This file was generated by Animated Java via MC-Build. It is not recommended to edit this file directly.
$data merge entity $(bone_bone4) {transformation: [-0.9464f,-0.1419f,-0.2902f,0.3196f,-0.2322f,0.9234f,0.3057f,-1.438f,0.2246f,0.3567f,-0.9068f,0.2768f,0f,0f,0f,1f],start_interpolation: 0,interpolation_duration: 1}
$data merge entity $(bone_bone) {transformation: [-0.9464f,-0.3114f,-0.086f,0.125f,-0.2322f,0.8408f,-0.489f,-0.9125f,0.2246f,-0.4428f,-0.868f,0f,0f,0f,0f,1f],start_interpolation: 0,interpolation_duration: 1}
$data merge entity $(bone_bone5) {transformation: [-0.9658f,0.1862f,0.1804f,-0.2843f,0.2585f,0.7434f,0.6169f,-1.5127f,-0.0193f,0.6424f,-0.7661f,-0.0706f,0f,0f,0f,1f],start_interpolation: 0,interpolation_duration: 1}
$data merge entity $(bone_bone2) {transformation: [-0.9658f,0.2548f,0.0477f,-0.125f,0.2585f,0.9604f,0.1041f,-0.9125f,-0.0193f,0.1129f,-0.9934f,0f,0f,0f,0f,1f],start_interpolation: 0,interpolation_duration: 1}
$data merge entity $(bone_head) {transformation: [-0.9522f,-0.1111f,-0.2844f,0.0064f,-0.1135f,0.9935f,-0.0081f,-0.058f,0.2835f,0.0246f,-0.9587f,0.0074f,0f,0f,0f,1f],start_interpolation: 0,interpolation_duration: 1}
$data merge entity $(bone_bone6) {transformation: [-0.2584f,-0.6565f,-0.7087f,0.9041f,-0.9479f,0.3136f,0.0551f,-0.3794f,0.1861f,0.6861f,-0.7034f,-0.8445f,0f,0f,0f,1f],start_interpolation: 0,interpolation_duration: 1}
$data merge entity $(bone_left_down_arm) {transformation: [-0.2584f,-0.6565f,-0.7087f,0.5348f,-0.9479f,0.3136f,0.0551f,-0.203f,0.1861f,0.6861f,-0.7034f,-0.4586f,0f,0f,0f,1f],start_interpolation: 0,interpolation_duration: 1}
$data merge entity $(bone_left_upper_arm) {transformation: [-0.2584f,-0.7043f,-0.6612f,0.1943f,-0.9479f,0.3167f,0.0331f,-0.183f,0.1861f,0.6353f,-0.7495f,-0.1574f,0f,0f,0f,1f],start_interpolation: 0,interpolation_duration: 1}
$data merge entity $(bone_bone7) {transformation: [-0.8647f,-0.0246f,-0.5017f,-0.474f,0.237f,0.8607f,-0.4506f,-0.9755f,0.4429f,-0.5086f,-0.7384f,0.3689f,0f,0f,0f,1f],start_interpolation: 0,interpolation_duration: 1}
$data merge entity $(bone_left_down_arm2) {transformation: [-0.8647f,-0.0246f,-0.5017f,-0.5192f,0.237f,0.8607f,-0.4506f,-0.5196f,0.4429f,-0.5086f,-0.7384f,0.0367f,0f,0f,0f,1f],start_interpolation: 0,interpolation_duration: 1}
$data merge entity $(bone_left_upper_arm2) {transformation: [-0.7517f,0.4544f,-0.478f,-0.2264f,0.1218f,0.8079f,0.5766f,-0.1813f,0.6482f,0.3753f,-0.6626f,0.1198f,0f,0f,0f,1f],start_interpolation: 0,interpolation_duration: 1}
$data merge entity $(bone_upperbody) {transformation: [-0.7604f,0.017f,-0.6492f,-0.1832f,0f,0.9997f,0.0262f,-0.4312f,0.6494f,0.0199f,-0.7601f,0.0742f,0f,0f,0f,1f],start_interpolation: 0,interpolation_duration: 1}
$data merge entity $(bone_downbody) {transformation: [-0.7604f,0f,-0.6494f,0f,0f,1f,0f,-0.9125f,0.6494f,0f,-0.7604f,0f,0f,0f,0f,1f],start_interpolation: 0,interpolation_duration: 1}