# This file was generated by Animated Java via MC-Build. It is not recommended to edit this file directly.
$data merge entity $(bone_bone4) {transformation: [-0.9294f,-0.1406f,-0.3412f,0.3507f,-0.2607f,0.9046f,0.3372f,-1.4424f,0.2612f,0.4023f,-0.8774f,0.3118f,0f,0f,0f,1f],start_interpolation: 0,interpolation_duration: 1}
$data merge entity $(bone_bone) {transformation: [-0.9294f,-0.3612f,-0.0758f,0.125f,-0.2607f,0.7878f,-0.558f,-0.95f,0.2612f,-0.4989f,-0.8264f,0f,0f,0f,0f,1f],start_interpolation: 0,interpolation_duration: 1}
$data merge entity $(bone_bone5) {transformation: [-0.9557f,0.1875f,0.2268f,-0.3048f,0.2934f,0.6661f,0.6858f,-1.5423f,-0.0225f,0.722f,-0.6916f,-0.0868f,0f,0f,0f,1f],start_interpolation: 0,interpolation_duration: 1}
$data merge entity $(bone_bone2) {transformation: [-0.9557f,0.2877f,0.0621f,-0.125f,0.2934f,0.9476f,0.1262f,-0.95f,-0.0225f,0.1388f,-0.9901f,0f,0f,0f,0f,1f],start_interpolation: 0,interpolation_duration: 1}
$data merge entity $(bone_head) {transformation: [-0.9366f,-0.1189f,-0.3297f,0.0084f,-0.1257f,0.9921f,-0.0005f,-0.099f,0.3272f,0.041f,-0.9441f,0.0078f,0f,0f,0f,1f],start_interpolation: 0,interpolation_duration: 1}
$data merge entity $(bone_bone6) {transformation: [-0.1204f,-0.5847f,-0.8022f,0.8075f,-0.9892f,0.1392f,0.0471f,-0.2411f,0.0841f,0.7992f,-0.5951f,-0.9616f,0f,0f,0f,1f],start_interpolation: 0,interpolation_duration: 1}
$data merge entity $(bone_left_down_arm) {transformation: [-0.1204f,-0.5847f,-0.8022f,0.4786f,-0.9892f,0.1392f,0.0471f,-0.1628f,0.0841f,0.7992f,-0.5951f,-0.512f,0f,0f,0f,1f],start_interpolation: 0,interpolation_duration: 1}
$data merge entity $(bone_left_upper_arm) {transformation: [-0.1204f,-0.6589f,-0.7425f,0.1753f,-0.9892f,0.143f,0.0335f,-0.2239f,0.0841f,0.7385f,-0.669f,-0.1784f,0f,0f,0f,1f],start_interpolation: 0,interpolation_duration: 1}
$data merge entity $(bone_bone7) {transformation: [-0.8129f,-0.0875f,-0.5758f,-0.4456f,0.2718f,0.8175f,-0.5078f,-0.9639f,0.5151f,-0.5693f,-0.6407f,0.4318f,0f,0f,0f,1f],start_interpolation: 0,interpolation_duration: 1}
$data merge entity $(bone_left_down_arm2) {transformation: [-0.8129f,-0.0875f,-0.5758f,-0.5308f,0.2718f,0.8175f,-0.5078f,-0.5358f,0.5151f,-0.5693f,-0.6407f,0.0715f,0f,0f,0f,1f],start_interpolation: 0,interpolation_duration: 1}
$data merge entity $(bone_left_upper_arm2) {transformation: [-0.6711f,0.5416f,-0.5063f,-0.21f,0.1131f,0.7497f,0.6521f,-0.222f,0.7327f,0.3803f,-0.5643f,0.1463f,0f,0f,0f,1f],start_interpolation: 0,interpolation_duration: 1}
$data merge entity $(bone_upperbody) {transformation: [-0.6788f,0.0224f,-0.734f,-0.1732f,0f,0.9995f,0.0305f,-0.4719f,0.7343f,0.0207f,-0.6785f,0.0953f,0f,0f,0f,1f],start_interpolation: 0,interpolation_duration: 1}
$data merge entity $(bone_downbody) {transformation: [-0.6788f,0f,-0.7343f,0f,0f,1f,0f,-0.95f,0.7343f,0f,-0.6788f,0f,0f,0f,0f,1f],start_interpolation: 0,interpolation_duration: 1}