# This file was generated by Animated Java via MC-Build. It is not recommended to edit this file directly.
$data merge entity $(bone_bone4) {transformation: [-0.9103f,-0.1345f,-0.3915f,0.3812f,-0.2878f,0.8853f,0.3653f,-1.4421f,0.2975f,0.4452f,-0.8446f,0.344f,0f,0f,0f,1f],start_interpolation: 0,interpolation_duration: 1}
$data merge entity $(bone_bone) {transformation: [-0.9103f,-0.4099f,-0.0579f,0.125f,-0.2878f,0.7274f,-0.623f,-0.9875f,0.2975f,-0.5504f,-0.7801f,0f,0f,0f,0f,1f],start_interpolation: 0,interpolation_duration: 1}
$data merge entity $(bone_bone5) {transformation: [-0.9444f,0.1805f,0.275f,-0.3247f,0.3279f,0.5821f,0.7441f,-1.5707f,-0.0257f,0.7929f,-0.6089f,-0.1029f,0f,0f,0f,1f],start_interpolation: 0,interpolation_duration: 1}
$data merge entity $(bone_bone2) {transformation: [-0.9444f,0.3195f,0.078f,-0.125f,0.3279f,0.9332f,0.1472f,-0.9875f,-0.0257f,0.1646f,-0.986f,0f,0f,0f,0f,1f],start_interpolation: 0,interpolation_duration: 1}
$data merge entity $(bone_head) {transformation: [-0.9192f,-0.1221f,-0.3743f,0.0106f,-0.1353f,0.9908f,0.0092f,-0.1399f,0.3698f,0.0591f,-0.9272f,0.0077f,0f,0f,0f,1f],start_interpolation: 0,interpolation_duration: 1}
$data merge entity $(bone_bone6) {transformation: [-0.0083f,-0.4779f,-0.8784f,0.6782f,-0.9988f,-0.0392f,0.0308f,-0.1025f,-0.0492f,0.8776f,-0.477f,-1.0403f,0f,0f,0f,1f],start_interpolation: 0,interpolation_duration: 1}
$data merge entity $(bone_left_down_arm) {transformation: [-0.0083f,-0.4779f,-0.8784f,0.4094f,-0.9988f,-0.0392f,0.0308f,-0.1246f,-0.0492f,0.8776f,-0.477f,-0.5466f,0f,0f,0f,1f],start_interpolation: 0,interpolation_duration: 1}
$data merge entity $(bone_left_upper_arm) {transformation: [-0.0083f,-0.5814f,-0.8136f,0.154f,-0.9988f,-0.0352f,0.0354f,-0.2648f,-0.0492f,0.8129f,-0.5803f,-0.1971f,0f,0f,0f,1f],start_interpolation: 0,interpolation_duration: 1}
$data merge entity $(bone_bone7) {transformation: [-0.7491f,-0.1636f,-0.6419f,-0.4069f,0.3114f,0.7682f,-0.5593f,-0.9462f,0.5846f,-0.6189f,-0.5245f,0.4926f,0f,0f,0f,1f],start_interpolation: 0,interpolation_duration: 1}
$data merge entity $(bone_left_down_arm2) {transformation: [-0.7491f,-0.1636f,-0.6419f,-0.5391f,0.3114f,0.7682f,-0.5593f,-0.549f,0.5846f,-0.6189f,-0.5245f,0.1116f,0f,0f,0f,1f],start_interpolation: 0,interpolation_duration: 1}
$data merge entity $(bone_left_upper_arm2) {transformation: [-0.581f,0.6308f,-0.5143f,-0.1905f,0.1044f,0.6844f,0.7216f,-0.2627f,0.8072f,0.3655f,-0.4635f,0.1706f,0f,0f,0f,1f],start_interpolation: 0,interpolation_duration: 1}
$data merge entity $(bone_upperbody) {transformation: [-0.5878f,0.0282f,-0.8085f,-0.1608f,0f,0.9994f,0.0349f,-0.5125f,0.809f,0.0205f,-0.5874f,0.115f,0f,0f,0f,1f],start_interpolation: 0,interpolation_duration: 1}
$data merge entity $(bone_downbody) {transformation: [-0.5878f,0f,-0.809f,0f,0f,1f,0f,-0.9875f,0.809f,0f,-0.5878f,0f,0f,0f,0f,1f],start_interpolation: 0,interpolation_duration: 1}