# This file was generated by Animated Java via MC-Build. It is not recommended to edit this file directly.
$data merge entity $(bone_bone4) {transformation: [-0.8891f,-0.1236f,-0.4406f,0.4103f,-0.3136f,0.8658f,0.39f,-1.4373f,0.3333f,0.485f,-0.8085f,0.3732f,0f,0f,0f,1f],start_interpolation: 0,interpolation_duration: 1}
$data merge entity $(bone_bone) {transformation: [-0.8891f,-0.4565f,-0.0326f,0.125f,-0.3136f,0.6596f,-0.683f,-1.025f,0.3333f,-0.5971f,-0.7296f,0f,0f,0f,0f,1f],start_interpolation: 0,interpolation_duration: 1}
$data merge entity $(bone_bone5) {transformation: [-0.9317f,0.1649f,0.3235f,-0.344f,0.362f,0.4929f,0.7912f,-1.5982f,-0.0289f,0.8543f,-0.5189f,-0.1189f,0f,0f,0f,1f],start_interpolation: 0,interpolation_duration: 1}
$data merge entity $(bone_bone2) {transformation: [-0.9317f,0.3503f,0.0954f,-0.125f,0.362f,0.9171f,0.1672f,-1.025f,-0.0289f,0.1903f,-0.9813f,0f,0f,0f,0f,1f],start_interpolation: 0,interpolation_duration: 1}
$data merge entity $(bone_head) {transformation: [-0.9003f,-0.1206f,-0.4182f,0.0128f,-0.1421f,0.9896f,0.0206f,-0.1809f,0.4113f,0.0779f,-0.9081f,0.0072f,0f,0f,0f,1f],start_interpolation: 0,interpolation_duration: 1}
$data merge entity $(bone_bone6) {transformation: [0.0699f,-0.3465f,-0.9354f,0.5273f,-0.9765f,-0.2156f,0.0069f,0.0304f,-0.204f,0.9129f,-0.3534f,-1.0735f,0f,0f,0f,1f],start_interpolation: 0,interpolation_duration: 1}
$data merge entity $(bone_left_down_arm) {transformation: [0.0699f,-0.3465f,-0.9354f,0.3324f,-0.9765f,-0.2156f,0.0069f,-0.0909f,-0.204f,0.9129f,-0.3534f,-0.56f,0f,0f,0f,1f],start_interpolation: 0,interpolation_duration: 1}
$data merge entity $(bone_left_upper_arm) {transformation: [0.0699f,-0.481f,-0.8739f,0.1307f,-0.9765f,-0.2122f,0.0387f,-0.3058f,-0.204f,0.8507f,-0.4845f,-0.2134f,0f,0f,0f,1f],start_interpolation: 0,interpolation_duration: 1}
$data merge entity $(bone_bone7) {transformation: [-0.6726f,-0.2536f,-0.6952f,-0.3564f,0.3551f,0.7136f,-0.6039f,-0.9231f,0.6492f,-0.653f,-0.39f,0.5482f,0f,0f,0f,1f],start_interpolation: 0,interpolation_duration: 1}
$data merge entity $(bone_left_down_arm2) {transformation: [-0.6726f,-0.2536f,-0.6952f,-0.5425f,0.3551f,0.7136f,-0.6039f,-0.5594f,0.6492f,-0.653f,-0.39f,0.1565f,0f,0f,0f,1f],start_interpolation: 0,interpolation_duration: 1}
$data merge entity $(bone_left_upper_arm2) {transformation: [-0.4828f,0.7178f,-0.5017f,-0.1681f,0.0957f,0.6127f,0.7845f,-0.3033f,0.8705f,0.3307f,-0.3645f,0.1924f,0f,0f,0f,1f],start_interpolation: 0,interpolation_duration: 1}
$data merge entity $(bone_upperbody) {transformation: [-0.4886f,0.0343f,-0.8718f,-0.1461f,0f,0.9992f,0.0393f,-0.5531f,0.8725f,0.0192f,-0.4882f,0.1331f,0f,0f,0f,1f],start_interpolation: 0,interpolation_duration: 1}
$data merge entity $(bone_downbody) {transformation: [-0.4886f,0f,-0.8725f,0f,0f,1f,0f,-1.025f,0.8725f,0f,-0.4886f,0f,0f,0f,0f,1f],start_interpolation: 0,interpolation_duration: 1}