# This file was generated by Animated Java via MC-Build. It is not recommended to edit this file directly.
$data merge entity $(bone_rear_body) {transformation: [-1.1719f,0f,0f,0f,0f,1.1719f,0f,-1.1109f,0f,0f,-1.1719f,0.3516f,0f,0f,0f,1f],start_interpolation: 0,interpolation_duration: 1}
$data merge entity $(bone_head) {transformation: [-1f,0f,0f,0f,0f,1f,0f,-1.1275f,0f,0f,-1f,0.8863f,0f,0f,0f,1f],start_interpolation: 0,interpolation_duration: 1}
$data merge entity $(bone_front_body) {transformation: [-1f,0f,0f,0f,0f,1f,0f,-1.1109f,0f,0f,-1f,0.3516f,0f,0f,0f,1f],start_interpolation: 0,interpolation_duration: 1}
$data merge entity $(bone_front_leg_left_under) {transformation: [-1f,0f,0f,0.6006f,0f,0.5878f,-0.809f,-1.6057f,0f,-0.809f,-0.5878f,0.8972f,0f,0f,0f,1f],start_interpolation: 0,interpolation_duration: 1}
$data merge entity $(bone_front_leg_left) {transformation: [-1f,0f,0f,0.5625f,0f,0.891f,-0.454f,-1.0875f,0f,-0.454f,-0.891f,0.4688f,0f,0f,0f,1f],start_interpolation: 0,interpolation_duration: 1}
$data merge entity $(bone_rear_leg_right_under) {transformation: [-1f,0f,0f,0.4688f,0f,0.5878f,0.809f,-1.622f,0f,0.809f,-0.5878f,-1.3619f,0f,0f,0f,1f],start_interpolation: 0,interpolation_duration: 1}
$data merge entity $(bone_rear_leg_right) {transformation: [-1f,0f,0f,0.4688f,0f,0.9239f,0.3827f,-1.0875f,0f,0.3827f,-0.9239f,-0.9375f,0f,0f,0f,1f],start_interpolation: 0,interpolation_duration: 1}
$data merge entity $(bone_front_leg_right_under) {transformation: [-1f,0f,0f,-0.5625f,0f,0.5878f,-0.809f,-1.6195f,0f,-0.809f,-0.5878f,0.8643f,0f,0f,0f,1f],start_interpolation: 0,interpolation_duration: 1}
$data merge entity $(bone_front_leg_right) {transformation: [-1f,0f,0f,-0.5625f,0f,0.8788f,-0.4772f,-1.0875f,0f,-0.4772f,-0.8788f,0.4687f,0f,0f,0f,1f],start_interpolation: 0,interpolation_duration: 1}
$data merge entity $(bone_right_leg_left_under) {transformation: [-1f,0f,0f,-0.5625f,0f,0.5878f,0.809f,-1.6537f,0f,0.809f,-0.5878f,-1.3186f,0f,0f,0f,1f],start_interpolation: 0,interpolation_duration: 1}
$data merge entity $(bone_right_leg_left) {transformation: [-1f,0f,0f,-0.4687f,0f,0.9511f,0.309f,-1.0875f,0f,0.309f,-0.9511f,-0.9375f,0f,0f,0f,1f],start_interpolation: 0,interpolation_duration: 1}
$data merge entity $(bone_tale) {transformation: [-1f,0f,0f,0f,0f,0.7071f,-0.7071f,-0.7828f,0f,-0.7071f,-0.7071f,-1.3828f,0f,0f,0f,1f],start_interpolation: 0,interpolation_duration: 1}