# This file was generated by Animated Java via MC-Build. It is not recommended to edit this file directly.
$data merge entity $(bone_rear_leg_right_under) { transformation: [-1f,1.2801044796052365e-17f,1.217938055844715e-16f,0.4687500000000001f,0f,0.9945218953682733f,-0.10452846326765358f,-0.9722540806981143f,-1.2246467991473532e-16f,-0.10452846326765358f,-0.9945218953682733f,-1.0553760513621535f,0f,0f,0f,1f], start_interpolation: 0, interpolation_duration: 1 }
$data merge entity $(bone_rear_leg_left) { transformation: [-1f,1.2801044796052365e-17f,1.217938055844715e-16f,0.4687500000000001f,0f,0.9945218953682733f,-0.10452846326765358f,-0.2999999999999998f,-1.2246467991473532e-16f,-0.10452846326765358f,-0.9945218953682733f,-0.9375f,0f,0f,0f,1f], start_interpolation: 0, interpolation_duration: 1 }
$data merge entity $(bone_right_leg_left_under) { transformation: [-1f,1.2801044796052365e-17f,1.217938055844715e-16f,-0.5624999999999999f,0f,0.9945218953682733f,-0.10452846326765358f,-0.9722540806981143f,-1.2246467991473532e-16f,-0.10452846326765358f,-0.9945218953682733f,-1.0553760513621535f,0f,0f,0f,1f], start_interpolation: 0, interpolation_duration: 1 }
$data merge entity $(bone_rear_leg_right) { transformation: [-1f,1.2801044796052365e-17f,1.217938055844715e-16f,-0.4687499999999999f,0f,0.9945218953682733f,-0.10452846326765358f,-0.2999999999999998f,-1.2246467991473532e-16f,-0.10452846326765358f,-0.9945218953682733f,-0.9375f,0f,0f,0f,1f], start_interpolation: 0, interpolation_duration: 1 }
$data merge entity $(bone_tale) { transformation: [-1.3156695907476117f,0.001206726675547367f,-0.1382771808260031f,1.6934569019459494e-16f,0f,1.3228662940536433f,0.011544479253057105f,0.004687500000000178f,0.13828244619783323f,0.011481237387790059f,-1.3156194940810328f,-1.3828125f,0f,0f,0f,1f], start_interpolation: 0, interpolation_duration: 1 }
$data merge entity $(bone_rear_body) { transformation: [-1.171875f,0f,1.4351329677508045e-16f,-4.305398903252414e-17f,0f,1.171875f,0f,-0.3234374999999998f,-1.4351329677508045e-16f,0f,-1.171875f,0.3515625f,0f,0f,0f,1f], start_interpolation: 0, interpolation_duration: 1 }
$data merge entity $(bone_head) { transformation: [-1f,6.409306129323705e-18f,1.2229684632711994e-16f,-0.015625000000000153f,0f,0.9986295347545739f,-0.05233595624294379f,0.1380739178465319f,-1.2246467991473532e-16f,-0.05233595624294379f,-0.9986295347545739f,1.2738454522493539f,0f,0f,0f,1f], start_interpolation: 0, interpolation_duration: 1 }
$data merge entity $(bone_talon_left) { transformation: [-1.0104166666666665f,1.9515088307232528e-17f,1.2219180190673547e-16f,0.615234375f,0f,0.9977717819685655f,-0.1593527890720794f,-1.4581480460729839f,-1.2374035366384712e-16f,-0.1593527890720794f,-0.9977717819685655f,0.47094508835732407f,0f,0f,0f,1f], start_interpolation: 0, interpolation_duration: 1 }
$data merge entity $(bone_front_leg_left_under) { transformation: [-1f,2.858881176219235e-17f,1.1908097106021814e-16f,0.600585625f,0f,0.9723699203976766f,-0.23344536385590525f,-0.9955104262423571f,-1.2246467991473532e-16f,-0.23344536385590525f,-0.9723699203976766f,0.3900049740615191f,0f,0f,0f,1f], start_interpolation: 0, interpolation_duration: 1 }
$data merge entity $(bone_front_leg_left) { transformation: [-1f,-4.0879550169406886e-17f,1.1544028848095244e-16f,0.5625f,0f,0.9426414910921782f,0.33380685923377107f,-0.3280044585675432f,-1.2246467991473532e-16f,0.33380685923377107f,-0.9426414910921782f,0.4709834757619756f,0f,0f,0f,1f], start_interpolation: 0, interpolation_duration: 1 }
$data merge entity $(bone_talon_right) { transformation: [-1.0104166666666665f,1.9515088307232528e-17f,1.2219180190673547e-16f,-0.629883125f,0f,0.9977717819685655f,-0.1593527890720794f,-1.426866510692146f,-1.2374035366384712e-16f,-0.1593527890720794f,-0.9977717819685655f,0.47821027849881115f,0f,0f,0f,1f], start_interpolation: 0, interpolation_duration: 1 }
$data merge entity $(bone_front_leg_right_under) { transformation: [-1f,2.858881176219235e-17f,1.1908097106021814e-16f,-0.5625f,0f,0.9723699203976766f,-0.23344536385590525f,-0.9779073301499512f,-1.2246467991473532e-16f,-0.23344536385590525f,-0.9723699203976766f,0.34029536417970485f,0f,0f,0f,1f], start_interpolation: 0, interpolation_duration: 1 }
$data merge entity $(bone_front_leg_right) { transformation: [-1f,-4.0879550169406886e-17f,1.1544028848095244e-16f,-0.5625f,0f,0.9426414910921782f,0.33380685923377107f,-0.3280044585675432f,-1.2246467991473532e-16f,0.33380685923377107f,-0.9426414910921782f,0.4709834757619754f,0f,0f,0f,1f], start_interpolation: 0, interpolation_duration: 1 }
$data merge entity $(bone_front_body) { transformation: [-1f,-2.858881176219238e-17f,1.1908097106021811e-16f,-4.305398903252414e-17f,0f,0.9723699203976766f,0.23344536385590545f,-0.3234374999999998f,-1.2246467991473532e-16f,0.23344536385590545f,-0.9723699203976766f,0.3515625f,0f,0f,0f,1f], start_interpolation: 0, interpolation_duration: 1 }