# This file was generated by Animated Java via MC-Build. It is not recommended to edit this file directly.
$data merge entity $(bone_rear_leg_right_under) { transformation: [-1f,-4.981087280387182e-17f,1.1187705205776151e-16f,0.46875000000000017f,0f,0.9135454576426009f,0.4067366430758002f,-1.0420010860012443f,-1.2246467991473532e-16f,0.4067366430758002f,-0.9135454576426009f,-1.3757106953264815f,0f,0f,0f,1f], start_interpolation: 0, interpolation_duration: 1 }
$data merge entity $(bone_rear_leg_left) { transformation: [-1f,-4.981087280387182e-17f,1.1187705205776151e-16f,0.4687500000000001f,0f,0.9135454576426009f,0.4067366430758002f,-0.51875f,-1.2246467991473532e-16f,0.4067366430758002f,-0.9135454576426009f,-0.9375f,0f,0f,0f,1f], start_interpolation: 0, interpolation_duration: 1 }
$data merge entity $(bone_right_leg_left_under) { transformation: [-1f,-4.981087280387182e-17f,1.1187705205776151e-16f,-0.5624999999999998f,0f,0.9135454576426009f,0.4067366430758002f,-1.0420010860012443f,-1.2246467991473532e-16f,0.4067366430758002f,-0.9135454576426009f,-1.3757106953264815f,0f,0f,0f,1f], start_interpolation: 0, interpolation_duration: 1 }
$data merge entity $(bone_rear_leg_right) { transformation: [-1f,-4.981087280387182e-17f,1.1187705205776151e-16f,-0.4687499999999999f,0f,0.9135454576426009f,0.4067366430758002f,-0.51875f,-1.2246467991473532e-16f,0.4067366430758002f,-0.9135454576426009f,-0.9375f,0f,0f,0f,1f], start_interpolation: 0, interpolation_duration: 1 }
$data merge entity $(bone_tale) { transformation: [-1.2085445116730242f,-0.21024409144231454f,0.49530404022484203f,1.6934569019459494e-16f,0f,1.217751212379791f,0.5169047220639352f,-0.21406250000000004f,-0.5380786840690275f,0.4722159608755191f,-1.112471088608328f,-1.3828125f,0f,0f,0f,1f], start_interpolation: 0, interpolation_duration: 1 }
$data merge entity $(bone_rear_body) { transformation: [-1.171875f,0f,1.4351329677508045e-16f,-4.305398903252414e-17f,0f,1.171875f,0f,-0.5421875f,-1.4351329677508045e-16f,0f,-1.171875f,0.3515625f,0f,0f,0f,1f], start_interpolation: 0, interpolation_duration: 1 }
$data merge entity $(bone_head) { transformation: [-1f,1.4394179757685112e-17f,1.2161581071440516e-16f,-0.015625000000000142f,0f,0.9930684569549263f,-0.11753739745783764f,0.09038458350621492f,-1.2246467991473532e-16f,-0.11753739745783764f,-0.9930684569549263f,1.1660876328112018f,0f,0f,0f,1f], start_interpolation: 0, interpolation_duration: 1 }
$data merge entity $(bone_talon_left) { transformation: [-1.0104166666666665f,1.0219613054221879e-16f,6.976837411787476e-17f,0.615234375f,0f,0.569702008501147f,-0.8344947344276875f,-1.4577473968549284f,-1.2374035366384712e-16f,-0.8344947344276875f,-0.569702008501147f,1.1260265789579882f,0f,0f,0f,1f], start_interpolation: 0, interpolation_duration: 1 }
$data merge entity $(bone_front_leg_left_under) { transformation: [-1f,7.830869270255012e-17f,9.415596886993488e-17f,0.600585625f,0f,0.7688418320734596f,-0.6394390019805848f,-1.0786192235593441f,-1.2246467991473532e-16f,-0.6394390019805848f,-0.7688418320734596f,0.8488142098286162f,0f,0f,0f,1f], start_interpolation: 0, interpolation_duration: 1 }
$data merge entity $(bone_front_leg_left) { transformation: [-1f,4.5380197974666634e-17f,1.1374636459420863e-16f,0.5625f,0f,0.9288095528719242f,-0.3705574375098362f,-0.5233688291223739f,-1.2246467991473532e-16f,-0.3705574375098362f,-0.9288095528719242f,0.469579804616313f,0f,0f,0f,1f], start_interpolation: 0, interpolation_duration: 1 }
$data merge entity $(bone_talon_right) { transformation: [-1.0104166666666665f,1.0219613054221879e-16f,6.976837411787476e-17f,-0.629883125f,0f,0.569702008501147f,-0.8344947344276875f,-1.4398213827013113f,-1.2374035366384712e-16f,-0.8344947344276875f,-0.569702008501147f,1.122095713791312f,0f,0f,0f,1f], start_interpolation: 0, interpolation_duration: 1 }
$data merge entity $(bone_front_leg_right_under) { transformation: [-1f,7.830869270255012e-17f,9.415596886993488e-17f,-0.5625f,0f,0.7688418320734596f,-0.6394390019805848f,-1.098160338428027f,-1.2246467991473532e-16f,-0.6394390019805848f,-0.7688418320734596f,0.7998340185638857f,0f,0f,0f,1f], start_interpolation: 0, interpolation_duration: 1 }
$data merge entity $(bone_front_leg_right) { transformation: [-1f,4.5380197974666634e-17f,1.1374636459420863e-16f,-0.5625f,0f,0.9288095528719242f,-0.3705574375098362f,-0.5233688291223739f,-1.2246467991473532e-16f,-0.3705574375098362f,-0.9288095528719242f,0.4695798046163128f,0f,0f,0f,1f], start_interpolation: 0, interpolation_duration: 1 }
$data merge entity $(bone_front_body) { transformation: [-1f,-4.807940770445817e-18f,1.223702640847296e-16f,-4.305398903252414e-17f,0f,0.9992290362407229f,0.039259815759068596f,-0.5421875f,-1.2246467991473532e-16f,0.039259815759068596f,-0.9992290362407229f,0.3515625f,0f,0f,0f,1f], start_interpolation: 0, interpolation_duration: 1 }