# This file was generated by Animated Java via MC-Build. It is not recommended to edit this file directly.
$data merge entity $(bone_bone4) {transformation: [-0.9996f,-0.0256f,-0.0076f,0.1683f,-0.0262f,0.9955f,0.0914f,-1.468f,0.0053f,0.0916f,-0.9958f,0.0723f,0f,0f,0f,1f],start_interpolation: 0,interpolation_duration: 1}
$data merge entity $(bone_bone) {transformation: [-0.9976f,-0.0693f,0.0077f,0.125f,-0.0697f,0.9888f,-0.1319f,-0.8499f,0.0015f,-0.1321f,-0.9912f,-0.0102f,0f,0f,0f,1f],start_interpolation: 0,interpolation_duration: 1}
$data merge entity $(bone_bone5) {transformation: [-0.9996f,0.0252f,0.0115f,-0.1686f,0.0267f,0.9869f,0.1594f,-1.4731f,-0.0074f,0.1596f,-0.9871f,-0.0287f,0f,0f,0f,1f],start_interpolation: 0,interpolation_duration: 1}
$data merge entity $(bone_bone2) {transformation: [-0.9976f,0.0697f,0.0024f,-0.125f,0.0697f,0.9971f,0.0295f,-0.8499f,-0.0004f,0.0296f,-0.9996f,-0.0102f,0f,0f,0f,1f],start_interpolation: 0,interpolation_duration: 1}
$data merge entity $(bone_head) {transformation: [-0.999f,-0.0133f,-0.0428f,0.0004f,-0.0156f,0.9984f,0.0545f,0.0281f,0.042f,0.0551f,-0.9976f,0.0423f,0f,0f,0f,1f],start_interpolation: 0,interpolation_duration: 1}
$data merge entity $(bone_bone6) {transformation: [-0.9789f,-0.2044f,-0.0008f,0.5747f,-0.2037f,0.9758f,-0.08f,-1.0443f,0.0172f,-0.0782f,-0.9968f,0.0062f,0f,0f,0f,1f],start_interpolation: 0,interpolation_duration: 1}
$data merge entity $(bone_left_down_arm) {transformation: [-0.9789f,-0.2044f,-0.0008f,0.4598f,-0.2037f,0.9758f,-0.08f,-0.4954f,0.0172f,-0.0782f,-0.9968f,-0.0377f,0f,0f,0f,1f],start_interpolation: 0,interpolation_duration: 1}
$data merge entity $(bone_left_upper_arm) {transformation: [-0.9789f,-0.2001f,-0.0416f,0.2498f,-0.2037f,0.9721f,0.1161f,-0.0956f,0.0172f,0.1221f,-0.9924f,0.0179f,0f,0f,0f,1f],start_interpolation: 0,interpolation_duration: 1}
$data merge entity $(bone_bone7) {transformation: [-0.9575f,0.0583f,-0.2826f,-0.4876f,0.1902f,0.8638f,-0.4665f,-0.9797f,0.2169f,-0.5004f,-0.8382f,0.3601f,0f,0f,0f,1f],start_interpolation: 0,interpolation_duration: 1}
$data merge entity $(bone_left_down_arm2) {transformation: [-0.9297f,0.0827f,-0.3588f,-0.4635f,0.2235f,0.9012f,-0.3714f,-0.496f,0.2927f,-0.4255f,-0.8563f,0.0672f,0f,0f,0f,1f],start_interpolation: 0,interpolation_duration: 1}
$data merge entity $(bone_left_upper_arm2) {transformation: [-0.9297f,0.2137f,-0.2999f,-0.2538f,0.2235f,0.9747f,0.0018f,-0.0975f,0.2927f,-0.0654f,-0.954f,0.002f,0f,0f,0f,1f],start_interpolation: 0,interpolation_duration: 1}
$data merge entity $(bone_upperbody) {transformation: [-0.9957f,-0.0042f,-0.0929f,-0.1905f,-0.0051f,0.9999f,0.0097f,-0.3472f,0.0928f,0.0102f,-0.9956f,-0.0063f,0f,0f,0f,1f],start_interpolation: 0,interpolation_duration: 1}
$data merge entity $(bone_downbody) {transformation: [-0.9957f,0.0039f,-0.0929f,0f,-0.0051f,0.9953f,0.0969f,-0.8499f,0.0928f,0.0969f,-0.991f,-0.0102f,0f,0f,0f,1f],start_interpolation: 0,interpolation_duration: 1}