# This file was generated by Animated Java via MC-Build. It is not recommended to edit this file directly.
$data merge entity $(bone_bone4) {transformation: [-0.9996f,-0.0217f,0.0153f,0.1645f,-0.0215f,0.9997f,0.0152f,-1.4769f,-0.0156f,0.0148f,-0.9998f,0.1889f,0f,0f,0f,1f],start_interpolation: 0,interpolation_duration: 1}
$data merge entity $(bone_bone) {transformation: [-0.9976f,-0.0631f,0.0295f,0.125f,-0.0696f,0.9189f,-0.3884f,-0.9026f,-0.0026f,-0.3895f,-0.921f,-0.0545f,0f,0f,0f,1f],start_interpolation: 0,interpolation_duration: 1}
$data merge entity $(bone_bone5) {transformation: [-0.9988f,0.0438f,0.0208f,-0.1683f,0.0485f,0.9173f,0.3953f,-1.5173f,-0.0017f,0.3959f,-0.9183f,-0.1585f,0f,0f,0f,1f],start_interpolation: 0,interpolation_duration: 1}
$data merge entity $(bone_bone2) {transformation: [-0.9976f,0.0693f,0.0079f,-0.125f,0.0696f,0.9836f,0.1662f,-0.9026f,0.0038f,0.1664f,-0.9861f,-0.0545f,0f,0f,0f,1f],start_interpolation: 0,interpolation_duration: 1}
$data merge entity $(bone_head) {transformation: [-0.9974f,-0.0032f,-0.0723f,0.0214f,-0.026f,0.9485f,0.3158f,-0.0671f,0.0676f,0.3169f,-0.9461f,0.2197f,0f,0f,0f,1f],start_interpolation: 0,interpolation_duration: 1}
$data merge entity $(bone_bone6) {transformation: [-0.9794f,-0.0594f,0.1932f,0.4912f,-0.1078f,0.9619f,-0.2511f,-1.1129f,-0.1709f,-0.2667f,-0.9485f,0.1662f,0f,0f,0f,1f],start_interpolation: 0,interpolation_duration: 1}
$data merge entity $(bone_left_down_arm) {transformation: [-0.9794f,-0.0594f,0.1932f,0.4578f,-0.1078f,0.9619f,-0.2511f,-0.5718f,-0.1709f,-0.2667f,-0.9485f,0.0162f,0f,0f,0f,1f],start_interpolation: 0,interpolation_duration: 1}
$data merge entity $(bone_left_upper_arm) {transformation: [-0.9794f,-0.1605f,0.1228f,0.2652f,-0.1078f,0.9289f,0.3542f,-0.1788f,-0.1709f,0.3336f,-0.9271f,0.1408f,0f,0f,0f,1f],start_interpolation: 0,interpolation_duration: 1}
$data merge entity $(bone_bone7) {transformation: [-0.8964f,-0.1989f,-0.3962f,-0.3123f,0.0089f,0.8854f,-0.4647f,-1.0816f,0.4432f,-0.4201f,-0.7919f,0.3669f,0f,0f,0f,1f],start_interpolation: 0,interpolation_duration: 1}
$data merge entity $(bone_left_down_arm2) {transformation: [-0.8571f,-0.1636f,-0.4886f,-0.4348f,0.0425f,0.9225f,-0.3835f,-0.5867f,0.5135f,-0.3495f,-0.7837f,0.1213f,0f,0f,0f,1f],start_interpolation: 0,interpolation_duration: 1}
$data merge entity $(bone_left_upper_arm2) {transformation: [-0.8571f,0.2057f,-0.4724f,-0.2377f,0.0425f,0.942f,0.333f,-0.1799f,0.5135f,0.2653f,-0.8161f,0.1733f,0f,0f,0f,1f],start_interpolation: 0,interpolation_duration: 1}
$data merge entity $(bone_upperbody) {transformation: [-0.9824f,0.0151f,-0.1859f,-0.1801f,-0.0349f,0.9641f,0.2631f,-0.4187f,0.1832f,0.2649f,-0.9467f,0.0956f,0f,0f,0f,1f],start_interpolation: 0,interpolation_duration: 1}
$data merge entity $(bone_downbody) {transformation: [-0.9824f,0.0313f,-0.1839f,0f,-0.0349f,0.9376f,0.3461f,-0.9026f,0.1832f,0.3464f,-0.92f,-0.0545f,0f,0f,0f,1f],start_interpolation: 0,interpolation_duration: 1}