# This file was generated by Animated Java via MC-Build. It is not recommended to edit this file directly.
$data merge entity $(bone_bone4) {transformation: [-0.9998f,-0.0182f,0.0094f,0.1666f,-0.0173f,0.996f,0.0876f,-1.4871f,-0.011f,0.0874f,-0.9961f,0.1275f,0f,0f,0f,1f],start_interpolation: 0,interpolation_duration: 1}
$data merge entity $(bone_bone) {transformation: [-0.9976f,-0.0665f,0.0207f,0.125f,-0.0697f,0.9607f,-0.2686f,-0.8866f,-0.002f,-0.2694f,-0.963f,-0.0409f,0f,0f,0f,1f],start_interpolation: 0,interpolation_duration: 1}
$data merge entity $(bone_bone5) {transformation: [-0.9983f,0.0568f,0.0147f,-0.1685f,0.0586f,0.9521f,0.3001f,-1.5101f,0.003f,0.3005f,-0.9538f,-0.0477f,0f,0f,0f,1f],start_interpolation: 0,interpolation_duration: 1}
$data merge entity $(bone_bone2) {transformation: [-0.9976f,0.0697f,-0.0024f,-0.125f,0.0696f,0.9975f,0.011f,-0.8866f,0.0032f,0.0108f,-0.9999f,-0.0409f,0f,0f,0f,1f],start_interpolation: 0,interpolation_duration: 1}
$data merge entity $(bone_head) {transformation: [-0.9995f,-0.0143f,-0.0296f,0.0003f,-0.0226f,0.9526f,0.3034f,-0.0478f,0.0239f,0.3039f,-0.9524f,0.2241f,0f,0f,0f,1f],start_interpolation: 0,interpolation_duration: 1}
$data merge entity $(bone_bone6) {transformation: [-0.9557f,-0.0114f,0.2943f,0.4621f,-0.1264f,0.9184f,-0.3749f,-1.0756f,-0.266f,-0.3955f,-0.8791f,0.3105f,0f,0f,0f,1f],start_interpolation: 0,interpolation_duration: 1}
$data merge entity $(bone_left_down_arm) {transformation: [-0.9557f,-0.0114f,0.2943f,0.4558f,-0.1264f,0.9184f,-0.3749f,-0.559f,-0.266f,-0.3955f,-0.8791f,0.088f,0f,0f,0f,1f],start_interpolation: 0,interpolation_duration: 1}
$data merge entity $(bone_left_upper_arm) {transformation: [-0.9557f,-0.1979f,0.2181f,0.2497f,-0.1264f,0.9445f,0.3031f,-0.1616f,-0.266f,0.2621f,-0.9277f,0.1695f,0f,0f,0f,1f],start_interpolation: 0,interpolation_duration: 1}
$data merge entity $(bone_bone7) {transformation: [-0.9363f,-0.0575f,-0.3465f,-0.4311f,0.0666f,0.9396f,-0.3358f,-1.0758f,0.3448f,-0.3375f,-0.8759f,0.2643f,0f,0f,0f,1f],start_interpolation: 0,interpolation_duration: 1}
$data merge entity $(bone_left_down_arm2) {transformation: [-0.9022f,-0.027f,-0.4304f,-0.4732f,0.0884f,0.9653f,-0.2459f,-0.5482f,0.4221f,-0.2599f,-0.8685f,0.0639f,0f,0f,0f,1f],start_interpolation: 0,interpolation_duration: 1}
$data merge entity $(bone_left_upper_arm2) {transformation: [-0.9022f,0.2434f,-0.356f,-0.2539f,0.0884f,0.9123f,0.3998f,-0.1601f,0.4221f,0.3292f,-0.8446f,0.1551f,0f,0f,0f,1f],start_interpolation: 0,interpolation_duration: 1}
$data merge entity $(bone_upperbody) {transformation: [-0.9954f,-0.0044f,-0.096f,-0.1906f,-0.0286f,0.9673f,0.252f,-0.4002f,0.0917f,0.2536f,-0.9629f,0.086f,0f,0f,0f,1f],start_interpolation: 0,interpolation_duration: 1}
$data merge entity $(bone_downbody) {transformation: [-0.9954f,0.004f,-0.096f,0f,-0.0286f,0.9417f,0.3354f,-0.8866f,0.0917f,0.3366f,-0.9372f,-0.0409f,0f,0f,0f,1f],start_interpolation: 0,interpolation_duration: 1}