# This file was generated by Animated Java via MC-Build. It is not recommended to edit this file directly.
$data merge entity $(bone_bone4) {transformation: [-0.9999f,-0.0142f,0.0033f,0.168f,-0.0135f,0.9871f,0.1595f,-1.4873f,-0.0055f,0.1594f,-0.9872f,0.0633f,0f,0f,0f,1f],start_interpolation: 0,interpolation_duration: 1}
$data merge entity $(bone_bone) {transformation: [-0.9976f,-0.0687f,0.0115f,0.125f,-0.0697f,0.987f,-0.1445f,-0.8704f,-0.0015f,-0.145f,-0.9894f,-0.0273f,0f,0f,0f,1f],start_interpolation: 0,interpolation_duration: 1}
$data merge entity $(bone_bone5) {transformation: [-0.9976f,0.0691f,0.0097f,-0.1678f,0.0696f,0.977f,0.2018f,-1.4873f,0.0045f,0.202f,-0.9794f,0.0633f,0f,0f,0f,1f],start_interpolation: 0,interpolation_duration: 1}
$data merge entity $(bone_bone2) {transformation: [-0.9976f,0.0685f,-0.0127f,-0.125f,0.0696f,0.9871f,-0.1444f,-0.8704f,0.0026f,-0.145f,-0.9894f,-0.0273f,0f,0f,0f,1f],start_interpolation: 0,interpolation_duration: 1}
$data merge entity $(bone_head) {transformation: [-0.9996f,-0.0253f,0.0132f,-0.0209f,-0.0204f,0.9564f,0.2914f,-0.0285f,-0.02f,0.291f,-0.9565f,0.2265f,0f,0f,0f,1f],start_interpolation: 0,interpolation_duration: 1}
$data merge entity $(bone_bone6) {transformation: [-0.9222f,0.0601f,0.3821f,0.4118f,-0.1474f,0.8586f,-0.491f,-1.0266f,-0.3576f,-0.5091f,-0.7829f,0.4465f,0f,0f,0f,1f],start_interpolation: 0,interpolation_duration: 1}
$data merge entity $(bone_left_down_arm) {transformation: [-0.9222f,0.0601f,0.3821f,0.4457f,-0.1474f,0.8586f,-0.491f,-0.5436f,-0.3576f,-0.5091f,-0.7829f,0.1601f,0f,0f,0f,1f],start_interpolation: 0,interpolation_duration: 1}
$data merge entity $(bone_left_upper_arm) {transformation: [-0.9222f,-0.2249f,0.3147f,0.232f,-0.1474f,0.9565f,0.2516f,-0.1436f,-0.3576f,0.1856f,-0.9153f,0.1966f,0f,0f,0f,1f],start_interpolation: 0,interpolation_duration: 1}
$data merge entity $(bone_bone7) {transformation: [-0.9623f,0.066f,-0.264f,-0.529f,0.1223f,0.9716f,-0.2028f,-1.056f,0.2431f,-0.2274f,-0.943f,0.1406f,0f,0f,0f,1f],start_interpolation: 0,interpolation_duration: 1}
$data merge entity $(bone_left_down_arm2) {transformation: [-0.9362f,0.0888f,-0.3401f,-0.5004f,0.132f,0.9855f,-0.1062f,-0.5083f,0.3258f,-0.1444f,-0.9344f,0.001f,0f,0f,0f,1f],start_interpolation: 0,interpolation_duration: 1}
$data merge entity $(bone_left_upper_arm2) {transformation: [-0.9362f,0.2632f,-0.233f,-0.2682f,0.132f,0.8775f,0.461f,-0.1409f,0.3258f,0.4008f,-0.8563f,0.1356f,0f,0f,0f,1f],start_interpolation: 0,interpolation_duration: 1}
$data merge entity $(bone_upperbody) {transformation: [-0.9997f,-0.0241f,-0.0052f,-0.1997f,-0.0246f,0.9704f,0.2404f,-0.3819f,-0.0007f,0.2404f,-0.9707f,0.0755f,0f,0f,0f,1f],start_interpolation: 0,interpolation_duration: 1}
$data merge entity $(bone_downbody) {transformation: [-0.9997f,-0.0235f,-0.0073f,0f,-0.0246f,0.9457f,0.324f,-0.8704f,-0.0007f,0.3241f,-0.946f,-0.0273f,0f,0f,0f,1f],start_interpolation: 0,interpolation_duration: 1}