# This file was generated by Animated Java via MC-Build. It is not recommended to edit this file directly.
$data merge entity $(bone_bone4) {transformation: [-0.9999f,-0.0096f,-0.0032f,0.1685f,-0.0101f,0.973f,0.2306f,-1.4774f,0.0009f,0.2306f,-0.9731f,-0.0023f,0f,0f,0f,1f],start_interpolation: 0,interpolation_duration: 1}
$data merge entity $(bone_bone) {transformation: [-0.9976f,-0.0697f,0.0021f,0.125f,-0.0697f,0.9974f,-0.0181f,-0.8541f,-0.0009f,-0.0182f,-0.9998f,-0.0136f,0f,0f,0f,1f],start_interpolation: 0,interpolation_duration: 1}
$data merge entity $(bone_bone5) {transformation: [-0.9967f,0.0806f,0.0057f,-0.1662f,0.0807f,0.9916f,0.1013f,-1.4494f,0.0025f,0.1014f,-0.9948f,0.1721f,0f,0f,0f,1f],start_interpolation: 0,interpolation_duration: 1}
$data merge entity $(bone_bone2) {transformation: [-0.9976f,0.0659f,-0.0226f,-0.125f,0.0697f,0.9525f,-0.2964f,-0.8541f,0.002f,-0.2972f,-0.9548f,-0.0136f,0f,0f,0f,1f],start_interpolation: 0,interpolation_duration: 1}
$data merge entity $(bone_head) {transformation: [-0.9978f,-0.0365f,0.0559f,-0.0422f,-0.0194f,0.9599f,0.2798f,-0.009f,-0.0639f,0.2781f,-0.9584f,0.2268f,0f,0f,0f,1f],start_interpolation: 0,interpolation_duration: 1}
$data merge entity $(bone_bone6) {transformation: [-0.8793f,0.1519f,0.4514f,0.342f,-0.1709f,0.7841f,-0.5967f,-0.9666f,-0.4446f,-0.6018f,-0.6635f,0.5697f,0f,0f,0f,1f],start_interpolation: 0,interpolation_duration: 1}
$data merge entity $(bone_left_down_arm) {transformation: [-0.8793f,0.1519f,0.4514f,0.4275f,-0.1709f,0.7841f,-0.5967f,-0.5256f,-0.4446f,-0.6018f,-0.6635f,0.2312f,0f,0f,0f,1f],start_interpolation: 0,interpolation_duration: 1}
$data merge entity $(bone_left_upper_arm) {transformation: [-0.8793f,-0.241f,0.4108f,0.2121f,-0.1709f,0.9647f,0.2003f,-0.1249f,-0.4446f,0.1059f,-0.8895f,0.222f,0f,0f,0f,1f],start_interpolation: 0,interpolation_duration: 1}
$data merge entity $(bone_bone7) {transformation: [-0.9745f,0.1632f,-0.1542f,-0.6005f,0.1754f,0.9821f,-0.0691f,-1.0231f,0.1401f,-0.0943f,-0.9856f,-0.0001f,0f,0f,0f,1f],start_interpolation: 0,interpolation_duration: 1}
$data merge entity $(bone_left_down_arm2) {transformation: [-0.9586f,0.176f,-0.2238f,-0.5155f,0.1733f,0.9844f,0.032f,-0.4674f,0.2259f,-0.0081f,-0.9741f,-0.0656f,0f,0f,0f,1f],start_interpolation: 0,interpolation_duration: 1}
$data merge entity $(bone_left_upper_arm2) {transformation: [-0.9586f,0.2639f,-0.1068f,-0.2802f,0.1733f,0.8385f,0.5166f,-0.1222f,0.2259f,0.4767f,-0.8496f,0.1147f,0f,0f,0f,1f],start_interpolation: 0,interpolation_duration: 1}
$data merge entity $(bone_upperbody) {transformation: [-0.9954f,-0.0438f,0.0855f,-0.2071f,-0.0232f,0.9733f,0.2284f,-0.3641f,-0.0932f,0.2254f,-0.9698f,0.0642f,0f,0f,0f,1f],start_interpolation: 0,interpolation_duration: 1}
$data merge entity $(bone_downbody) {transformation: [-0.9954f,-0.0511f,0.0814f,0f,-0.0232f,0.9497f,0.3123f,-0.8541f,-0.0932f,0.309f,-0.9465f,-0.0136f,0f,0f,0f,1f],start_interpolation: 0,interpolation_duration: 1}