# This file was generated by Animated Java via MC-Build. It is not recommended to edit this file directly.
$data merge entity $(bone_bone4) {transformation: [-0.9999f,-0.0045f,-0.0099f,0.1683f,-0.0073f,0.9538f,0.3004f,-1.4573f,0.0081f,0.3005f,-0.9538f,-0.0681f,0f,0f,0f,1f],start_interpolation: 0,interpolation_duration: 1}
$data merge entity $(bone_bone) {transformation: [-0.9976f,-0.0693f,-0.0073f,0.125f,-0.0697f,0.9916f,0.1086f,-0.8375f,-0.0003f,0.1089f,-0.9941f,0f,0f,0f,0f,1f],start_interpolation: 0,interpolation_duration: 1}
$data merge entity $(bone_bone5) {transformation: [-0.9958f,0.0911f,0.0028f,-0.1637f,0.0911f,0.9958f,-0.0004f,-1.3967f,-0.0029f,-0.0001f,-1f,0.2764f,0f,0f,0f,1f],start_interpolation: 0,interpolation_duration: 1}
$data merge entity $(bone_bone2) {transformation: [-0.9976f,0.0619f,-0.0321f,-0.125f,0.0697f,0.8947f,-0.4411f,-0.8375f,0.0014f,-0.4423f,-0.8969f,0f,0f,0f,0f,1f],start_interpolation: 0,interpolation_duration: 1}
$data merge entity $(bone_head) {transformation: [-0.994f,-0.0478f,0.0984f,-0.0633f,-0.0197f,0.963f,0.2687f,0.0105f,-0.1076f,0.2652f,-0.9582f,0.2252f,0f,0f,0f,1f],start_interpolation: 0,interpolation_duration: 1}
$data merge entity $(bone_bone6) {transformation: [-0.8275f,0.2595f,0.4979f,0.2552f,-0.1966f,0.6968f,-0.6898f,-0.8968f,-0.526f,-0.6687f,-0.5255f,0.6765f,0f,0f,0f,1f],start_interpolation: 0,interpolation_duration: 1}
$data merge entity $(bone_left_down_arm) {transformation: [-0.8275f,0.2595f,0.4979f,0.4012f,-0.1966f,0.6968f,-0.6898f,-0.5048f,-0.526f,-0.6687f,-0.5255f,0.3003f,0f,0f,0f,1f],start_interpolation: 0,interpolation_duration: 1}
$data merge entity $(bone_left_upper_arm) {transformation: [-0.8275f,-0.2459f,0.5048f,0.1902f,-0.1966f,0.969f,0.1498f,-0.1055f,-0.526f,0.0247f,-0.8502f,0.2454f,0f,0f,0f,1f],start_interpolation: 0,interpolation_duration: 1}
$data merge entity $(bone_bone7) {transformation: [-0.9735f,0.2273f,-0.0244f,-0.6413f,0.2255f,0.9723f,0.0623f,-0.978f,0.0379f,0.0551f,-0.9978f,-0.1522f,0f,0f,0f,1f],start_interpolation: 0,interpolation_duration: 1}
$data merge entity $(bone_left_down_arm2) {transformation: [-0.9694f,0.2286f,-0.0893f,-0.5183f,0.2118f,0.9631f,0.1659f,-0.4259f,0.1239f,0.1419f,-0.9821f,-0.1338f,0f,0f,0f,1f],start_interpolation: 0,interpolation_duration: 1}
$data merge entity $(bone_left_upper_arm2) {transformation: [-0.9694f,0.2447f,0.0186f,-0.29f,0.2118f,0.7961f,0.5669f,-0.1041f,0.1239f,0.5535f,-0.8236f,0.0929f,0f,0f,0f,1f],start_interpolation: 0,interpolation_duration: 1}
$data merge entity $(bone_upperbody) {transformation: [-0.9824f,-0.0633f,0.1755f,-0.2128f,-0.0242f,0.976f,0.2165f,-0.3465f,-0.185f,0.2084f,-0.9604f,0.0523f,0f,0f,0f,1f],start_interpolation: 0,interpolation_duration: 1}
$data merge entity $(bone_downbody) {transformation: [-0.9824f,-0.0784f,0.1693f,0f,-0.0242f,0.9534f,0.3007f,-0.8375f,-0.185f,0.2913f,-0.9386f,0f,0f,0f,0f,1f],start_interpolation: 0,interpolation_duration: 1}