# This file was generated by Animated Java via MC-Build. It is not recommended to edit this file directly.
$data merge entity $(bone_bone4) {transformation: [-0.9999f,0.001f,-0.0168f,0.1673f,-0.0055f,0.9241f,0.3821f,-1.4614f,0.0159f,0.3822f,-0.9239f,-0.1552f,0f,0f,0f,1f],start_interpolation: 0,interpolation_duration: 1}
$data merge entity $(bone_bone) {transformation: [-0.9976f,-0.0677f,-0.0166f,0.125f,-0.0697f,0.9663f,0.2477f,-0.8575f,-0.0007f,0.2483f,-0.9687f,0f,0f,0f,0f,1f],start_interpolation: 0,interpolation_duration: 1}
$data merge entity $(bone_bone5) {transformation: [-0.9949f,0.1007f,0.0011f,-0.1603f,0.1002f,0.9911f,-0.0877f,-1.3722f,-0.0099f,-0.0871f,-0.9961f,0.3529f,0f,0f,0f,1f],start_interpolation: 0,interpolation_duration: 1}
$data merge entity $(bone_bone2) {transformation: [-0.9976f,0.0565f,-0.0409f,-0.125f,0.0697f,0.8234f,-0.5631f,-0.8575f,0.0019f,-0.5646f,-0.8254f,0f,0f,0f,0f,1f],start_interpolation: 0,interpolation_duration: 1}
$data merge entity $(bone_head) {transformation: [-0.9883f,-0.0594f,0.1406f,-0.084f,-0.0191f,0.9621f,0.2721f,-0.01f,-0.1515f,0.2662f,-0.9519f,0.2203f,0f,0f,0f,1f],start_interpolation: 0,interpolation_duration: 1}
$data merge entity $(bone_bone6) {transformation: [-0.7673f,0.3777f,0.5182f,0.1547f,-0.2154f,0.6093f,-0.7631f,-0.8662f,-0.604f,-0.6972f,-0.3861f,0.7497f,0f,0f,0f,1f],start_interpolation: 0,interpolation_duration: 1}
$data merge entity $(bone_left_down_arm) {transformation: [-0.7673f,0.3777f,0.5182f,0.3671f,-0.2154f,0.6093f,-0.7631f,-0.5235f,-0.604f,-0.6972f,-0.3861f,0.3575f,0f,0f,0f,1f],start_interpolation: 0,interpolation_duration: 1}
$data merge entity $(bone_left_upper_arm) {transformation: [-0.7673f,-0.2393f,0.5949f,0.1665f,-0.2154f,0.97f,0.1123f,-0.1261f,-0.604f,-0.042f,-0.7959f,0.2637f,0f,0f,0f,1f],start_interpolation: 0,interpolation_duration: 1}
$data merge entity $(bone_bone7) {transformation: [-0.9602f,0.2538f,0.1164f,-0.6485f,0.2731f,0.9403f,0.2029f,-0.954f,-0.058f,0.2266f,-0.9723f,-0.3242f,0f,0f,0f,1f],start_interpolation: 0,interpolation_duration: 1}
$data merge entity $(bone_left_down_arm2) {transformation: [-0.9686f,0.2427f,0.0538f,-0.5086f,0.2473f,0.9191f,0.3068f,-0.4178f,0.025f,0.3105f,-0.9503f,-0.2089f,0f,0f,0f,1f],start_interpolation: 0,interpolation_duration: 1}
$data merge entity $(bone_left_upper_arm2) {transformation: [-0.9686f,0.2058f,0.1394f,-0.2975f,0.2473f,0.7417f,0.6235f,-0.1242f,0.025f,0.6384f,-0.7693f,0.0672f,0f,0f,0f,1f],start_interpolation: 0,interpolation_duration: 1}
$data merge entity $(bone_upperbody) {transformation: [-0.961f,-0.0825f,0.2639f,-0.2168f,-0.0237f,0.9755f,0.2187f,-0.3666f,-0.2754f,0.2039f,-0.9395f,0.0335f,0f,0f,0f,1f],start_interpolation: 0,interpolation_duration: 1}
$data merge entity $(bone_downbody) {transformation: [-0.961f,-0.1052f,0.2557f,0f,-0.0237f,0.9527f,0.3028f,-0.8575f,-0.2754f,0.285f,-0.9181f,0f,0f,0f,0f,1f],start_interpolation: 0,interpolation_duration: 1}