# This file was generated by Animated Java via MC-Build. It is not recommended to edit this file directly.
$data merge entity $(bone_bone4) {transformation: [-0.9997f,0.007f,-0.024f,0.1655f,-0.0049f,0.8874f,0.461f,-1.4535f,0.0245f,0.4609f,-0.8871f,-0.2392f,0f,0f,0f,1f],start_interpolation: 0,interpolation_duration: 1}
$data merge entity $(bone_bone) {transformation: [-0.9976f,-0.0649f,-0.0256f,0.125f,-0.0697f,0.9216f,0.3818f,-0.8775f,-0.0011f,0.3827f,-0.9239f,0f,0f,0f,0f,1f],start_interpolation: 0,interpolation_duration: 1}
$data merge entity $(bone_bone5) {transformation: [-0.994f,0.1091f,0.0006f,-0.1561f,0.1073f,0.9788f,-0.1744f,-1.3373f,-0.0196f,-0.1733f,-0.9847f,0.4222f,0f,0f,0f,1f],start_interpolation: 0,interpolation_duration: 1}
$data merge entity $(bone_bone2) {transformation: [-0.9976f,0.0498f,-0.0487f,-0.125f,0.0697f,0.7356f,-0.6738f,-0.8775f,0.0023f,-0.6756f,-0.7373f,0f,0f,0f,0f,1f],start_interpolation: 0,interpolation_duration: 1}
$data merge entity $(bone_head) {transformation: [-0.9806f,-0.0714f,0.1824f,-0.1042f,-0.0186f,0.961f,0.276f,-0.0305f,-0.195f,0.2673f,-0.9437f,0.2135f,0f,0f,0f,1f],start_interpolation: 0,interpolation_duration: 1}
$data merge entity $(bone_bone6) {transformation: [-0.6995f,0.5004f,0.5102f,0.0441f,-0.234f,0.5141f,-0.8252f,-0.8307f,-0.6752f,-0.6966f,-0.2425f,0.8025f,0f,0f,0f,1f],start_interpolation: 0,interpolation_duration: 1}
$data merge entity $(bone_left_down_arm) {transformation: [-0.6995f,0.5004f,0.5102f,0.3256f,-0.234f,0.5141f,-0.8252f,-0.5415f,-0.6752f,-0.6966f,-0.2425f,0.4107f,0f,0f,0f,1f],start_interpolation: 0,interpolation_duration: 1}
$data merge entity $(bone_left_upper_arm) {transformation: [-0.6995f,-0.2214f,0.6795f,0.1413f,-0.234f,0.9693f,0.075f,-0.1467f,-0.6752f,-0.1065f,-0.7299f,0.2797f,0f,0f,0f,1f],start_interpolation: 0,interpolation_duration: 1}
$data merge entity $(bone_bone7) {transformation: [-0.9358f,0.2403f,0.2581f,-0.621f,0.3199f,0.8864f,0.3346f,-0.9154f,-0.1484f,0.3957f,-0.9063f,-0.4922f,0f,0f,0f,1f],start_interpolation: 0,interpolation_duration: 1}
$data merge entity $(bone_left_down_arm2) {transformation: [-0.9564f,0.2169f,0.1954f,-0.4868f,0.2829f,0.8539f,0.4369f,-0.4078f,-0.0721f,0.4731f,-0.878f,-0.281f,0f,0f,0f,1f],start_interpolation: 0,interpolation_duration: 1}
$data merge entity $(bone_left_upper_arm2) {transformation: [-0.9564f,0.148f,0.2516f,-0.3025f,0.2829f,0.683f,0.6734f,-0.1444f,-0.0721f,0.7153f,-0.6951f,0.041f,0f,0f,0f,1f],start_interpolation: 0,interpolation_duration: 1}
$data merge entity $(bone_upperbody) {transformation: [-0.9313f,-0.1012f,0.3499f,-0.219f,-0.023f,0.9751f,0.2208f,-0.3867f,-0.3635f,0.1976f,-0.9104f,0.0143f,0f,0f,0f,1f],start_interpolation: 0,interpolation_duration: 1}
$data merge entity $(bone_downbody) {transformation: [-0.9313f,-0.1313f,0.3398f,0f,-0.023f,0.9521f,0.3049f,-0.8775f,-0.3635f,0.2762f,-0.8897f,0f,0f,0f,0f,1f],start_interpolation: 0,interpolation_duration: 1}