# This file was generated by Animated Java via MC-Build. It is not recommended to edit this file directly.
$data merge entity $(bone_bone4) {transformation: [-0.9997f,0.0139f,-0.0208f,0.1655f,-0.0049f,0.7077f,0.7065f,-1.4735f,0.0245f,0.7064f,-0.7074f,-0.2392f,0f,0f,0f,1f],start_interpolation: 0,interpolation_duration: 1}
$data merge entity $(bone_bone) {transformation: [-0.9976f,-0.0649f,-0.0256f,0.125f,-0.0697f,0.9216f,0.3818f,-0.8975f,-0.0011f,0.3827f,-0.9239f,0f,0f,0f,0f,1f],start_interpolation: 0,interpolation_duration: 1}
$data merge entity $(bone_bone5) {transformation: [-0.994f,0.1091f,0.0006f,-0.1561f,0.1073f,0.9788f,-0.1744f,-1.3573f,-0.0196f,-0.1733f,-0.9847f,0.4222f,0f,0f,0f,1f],start_interpolation: 0,interpolation_duration: 1}
$data merge entity $(bone_bone2) {transformation: [-0.9976f,0.0498f,-0.0487f,-0.125f,0.0697f,0.7356f,-0.6738f,-0.8975f,0.0023f,-0.6756f,-0.7373f,0f,0f,0f,0f,1f],start_interpolation: 0,interpolation_duration: 1}
$data merge entity $(bone_head) {transformation: [-0.971f,-0.0838f,0.2237f,-0.1237f,-0.0182f,0.9597f,0.2804f,-0.051f,-0.2382f,0.2682f,-0.9334f,0.2048f,0f,0f,0f,1f],start_interpolation: 0,interpolation_duration: 1}
$data merge entity $(bone_bone6) {transformation: [-0.6338f,0.5629f,0.5306f,-0.0306f,-0.2324f,0.5157f,-0.8247f,-0.8526f,-0.7378f,-0.6459f,-0.196f,0.8032f,0f,0f,0f,1f],start_interpolation: 0,interpolation_duration: 1}
$data merge entity $(bone_left_down_arm) {transformation: [-0.6338f,0.5629f,0.5306f,0.286f,-0.2324f,0.5157f,-0.8247f,-0.5625f,-0.7378f,-0.6459f,-0.196f,0.4399f,0f,0f,0f,1f],start_interpolation: 0,interpolation_duration: 1}
$data merge entity $(bone_left_upper_arm) {transformation: [-0.6338f,-0.2107f,0.7443f,0.1146f,-0.2324f,0.9696f,0.0766f,-0.1673f,-0.7378f,-0.1244f,-0.6635f,0.2932f,0f,0f,0f,1f],start_interpolation: 0,interpolation_duration: 1}
$data merge entity $(bone_bone7) {transformation: [-0.918f,0.2024f,0.3411f,-0.5726f,0.3203f,0.8855f,0.3366f,-0.9342f,-0.2339f,0.4183f,-0.8777f,-0.5479f,0f,0f,0f,1f],start_interpolation: 0,interpolation_duration: 1}
$data merge entity $(bone_left_down_arm2) {transformation: [-0.9456f,0.1719f,0.2761f,-0.4587f,0.2831f,0.8528f,0.4389f,-0.4271f,-0.16f,0.4932f,-0.8551f,-0.3239f,0f,0f,0f,1f],start_interpolation: 0,interpolation_duration: 1}
$data merge entity $(bone_left_upper_arm2) {transformation: [-0.9456f,0.0809f,0.315f,-0.3051f,0.2831f,0.6813f,0.675f,-0.1644f,-0.16f,0.7275f,-0.6672f,0.0144f,0f,0f,0f,1f],start_interpolation: 0,interpolation_duration: 1}
$data merge entity $(bone_upperbody) {transformation: [-0.8935f,-0.1192f,0.4329f,-0.2195f,-0.022f,0.9746f,0.2228f,-0.4067f,-0.4485f,0.1896f,-0.8735f,-0.005f,0f,0f,0f,1f],start_interpolation: 0,interpolation_duration: 1}
$data merge entity $(bone_downbody) {transformation: [-0.8935f,-0.1565f,0.4209f,0f,-0.022f,0.9515f,0.3069f,-0.8975f,-0.4485f,0.265f,-0.8536f,0f,0f,0f,0f,1f],start_interpolation: 0,interpolation_duration: 1}