# This file was generated by Animated Java via MC-Build. It is not recommended to edit this file directly.
$data merge entity $(bone_bone4) {transformation: [-0.9998f,0.0081f,-0.0176f,0.1668f,-0.0051f,0.7641f,0.645f,-1.5135f,0.0187f,0.645f,-0.7639f,-0.1836f,0f,0f,0f,1f],start_interpolation: 0,interpolation_duration: 1}
$data merge entity $(bone_bone) {transformation: [-0.9976f,-0.0669f,-0.0197f,0.125f,-0.0697f,0.9535f,0.2931f,-0.9175f,-0.0009f,0.2938f,-0.9559f,0f,0f,0f,0f,1f],start_interpolation: 0,interpolation_duration: 1}
$data merge entity $(bone_bone5) {transformation: [-0.9946f,0.1036f,0.0008f,-0.159f,0.1028f,0.9878f,-0.1167f,-1.415f,-0.0129f,-0.116f,-0.9932f,0.3768f,0f,0f,0f,1f],start_interpolation: 0,interpolation_duration: 1}
$data merge entity $(bone_bone2) {transformation: [-0.9976f,0.0544f,-0.0436f,-0.125f,0.0697f,0.7959f,-0.6014f,-0.9175f,0.002f,-0.603f,-0.7978f,0f,0f,0f,0f,1f],start_interpolation: 0,interpolation_duration: 1}
$data merge entity $(bone_head) {transformation: [-0.9595f,-0.0968f,0.2644f,-0.1422f,-0.018f,0.9583f,0.2853f,-0.0715f,-0.281f,0.269f,-0.9213f,0.1944f,0f,0f,0f,1f],start_interpolation: 0,interpolation_duration: 1}
$data merge entity $(bone_bone6) {transformation: [-0.5712f,0.5624f,0.5979f,-0.0622f,-0.2106f,0.6036f,-0.7689f,-0.9258f,-0.7934f,-0.5651f,-0.2263f,0.7649f,0f,0f,0f,1f],start_interpolation: 0,interpolation_duration: 1}
$data merge entity $(bone_left_down_arm) {transformation: [-0.5712f,0.5624f,0.5979f,0.2542f,-0.2106f,0.6036f,-0.7689f,-0.5863f,-0.7934f,-0.5651f,-0.2263f,0.4471f,0f,0f,0f,1f],start_interpolation: 0,interpolation_duration: 1}
$data merge entity $(bone_left_upper_arm) {transformation: [-0.5712f,-0.2194f,0.791f,0.0868f,-0.2106f,0.9705f,0.1171f,-0.188f,-0.7934f,-0.0997f,-0.6005f,0.3043f,0f,0f,0f,1f],start_interpolation: 0,interpolation_duration: 1}
$data merge entity $(bone_bone7) {transformation: [-0.9073f,0.1789f,0.3804f,-0.5331f,0.2749f,0.9371f,0.2149f,-1.0105f,-0.3181f,0.2996f,-0.8995f,-0.494f,0f,0f,0f,1f],start_interpolation: 0,interpolation_duration: 1}
$data merge entity $(bone_left_down_arm2) {transformation: [-0.9383f,0.1451f,0.314f,-0.4318f,0.2481f,0.9148f,0.3186f,-0.4759f,-0.241f,0.3768f,-0.8944f,-0.3379f,0f,0f,0f,1f],start_interpolation: 0,interpolation_duration: 1}
$data merge entity $(bone_left_upper_arm2) {transformation: [-0.9383f,0.0214f,0.3452f,-0.3052f,0.2481f,0.7372f,0.6285f,-0.1844f,-0.241f,0.6754f,-0.697f,-0.0123f,0f,0f,0f,1f],start_interpolation: 0,interpolation_duration: 1}
$data merge entity $(bone_upperbody) {transformation: [-0.848f,-0.1364f,0.5121f,-0.2181f,-0.0209f,0.9742f,0.2248f,-0.4267f,-0.5296f,0.1799f,-0.829f,-0.0242f,0f,0f,0f,1f],start_interpolation: 0,interpolation_duration: 1}
$data merge entity $(bone_downbody) {transformation: [-0.848f,-0.1805f,0.4983f,0f,-0.0209f,0.9509f,0.3088f,-0.9175f,-0.5296f,0.2515f,-0.8101f,0f,0f,0f,0f,1f],start_interpolation: 0,interpolation_duration: 1}