# This file was generated by Animated Java via MC-Build. It is not recommended to edit this file directly.
$data merge entity $(bone_bone4) {transformation: [-0.9999f,0.0028f,-0.0142f,0.1677f,-0.006f,0.8152f,0.5791f,-1.5481f,0.0132f,0.5791f,-0.8151f,-0.1264f,0f,0f,0f,1f],start_interpolation: 0,interpolation_duration: 1}
$data merge entity $(bone_bone) {transformation: [-0.9976f,-0.0684f,-0.0135f,0.125f,-0.0697f,0.9769f,0.2018f,-0.9375f,-0.0006f,0.2022f,-0.9793f,0f,0f,0f,0f,1f],start_interpolation: 0,interpolation_duration: 1}
$data merge entity $(bone_bone5) {transformation: [-0.9952f,0.0976f,0.0016f,-0.1615f,0.0973f,0.9935f,-0.0586f,-1.4682f,-0.0073f,-0.0582f,-0.9983f,0.3281f,0f,0f,0f,1f],start_interpolation: 0,interpolation_duration: 1}
$data merge entity $(bone_bone2) {transformation: [-0.9976f,0.0584f,-0.038f,-0.125f,0.0697f,0.8491f,-0.5236f,-0.9375f,0.0017f,-0.525f,-0.8511f,0f,0f,0f,0f,1f],start_interpolation: 0,interpolation_duration: 1}
$data merge entity $(bone_head) {transformation: [-0.9702f,-0.0848f,0.2269f,-0.1251f,-0.0182f,0.9596f,0.2808f,-0.0911f,-0.2415f,0.2683f,-0.9326f,0.2041f,0f,0f,0f,1f],start_interpolation: 0,interpolation_duration: 1}
$data merge entity $(bone_bone6) {transformation: [-0.6452f,0.4533f,0.615f,0.0449f,-0.1921f,0.6829f,-0.7048f,-0.9915f,-0.7395f,-0.5729f,-0.3536f,0.7259f,0f,0f,0f,1f],start_interpolation: 0,interpolation_duration: 1}
$data merge entity $(bone_left_down_arm) {transformation: [-0.6452f,0.4533f,0.615f,0.2998f,-0.1921f,0.6829f,-0.7048f,-0.6073f,-0.7395f,-0.5729f,-0.3536f,0.4037f,0f,0f,0f,1f],start_interpolation: 0,interpolation_duration: 1}
$data merge entity $(bone_left_upper_arm) {transformation: [-0.6452f,-0.2438f,0.7241f,0.1125f,-0.1921f,0.969f,0.1552f,-0.2074f,-0.7395f,-0.039f,-0.6721f,0.2942f,0f,0f,0f,1f],start_interpolation: 0,interpolation_duration: 1}
$data merge entity $(bone_bone7) {transformation: [-0.9447f,0.1995f,0.2604f,-0.571f,0.2272f,0.9705f,0.0808f,-1.0758f,-0.2366f,0.1355f,-0.9621f,-0.3346f,0f,0f,0f,1f],start_interpolation: 0,interpolation_duration: 1}
$data merge entity $(bone_left_down_arm2) {transformation: [-0.9652f,0.176f,0.1934f,-0.4599f,0.2119f,0.9598f,0.1842f,-0.5244f,-0.1532f,0.2188f,-0.9637f,-0.2717f,0f,0f,0f,1f],start_interpolation: 0,interpolation_duration: 1}
$data merge entity $(bone_left_upper_arm2) {transformation: [-0.9652f,0.0778f,0.2497f,-0.3052f,0.2119f,0.792f,0.5726f,-0.2044f,-0.1532f,0.6056f,-0.7809f,0.0123f,0f,0f,0f,1f],start_interpolation: 0,interpolation_duration: 1}
$data merge entity $(bone_upperbody) {transformation: [-0.8903f,-0.1205f,0.4392f,-0.2194f,-0.022f,0.9746f,0.223f,-0.4467f,-0.4549f,0.1889f,-0.8703f,-0.0064f,0f,0f,0f,1f],start_interpolation: 0,interpolation_duration: 1}
$data merge entity $(bone_downbody) {transformation: [-0.8903f,-0.1583f,0.427f,0f,-0.022f,0.9514f,0.3071f,-0.9375f,-0.4549f,0.264f,-0.8505f,0f,0f,0f,0f,1f],start_interpolation: 0,interpolation_duration: 1}