# This file was generated by Animated Java via MC-Build. It is not recommended to edit this file directly.
$data merge entity $(bone_bone4) {transformation: [-0.9997f,-0.0257f,-0.005f,0.168f,-0.0261f,0.995f,0.0962f,-1.4759f,0.0025f,0.0963f,-0.9954f,0.09f,0f,0f,0f,1f],start_interpolation: 0,interpolation_duration: 1}
$data merge entity $(bone_bone) {transformation: [-0.9976f,-0.0687f,0.0116f,0.125f,-0.0697f,0.9819f,-0.1764f,-0.8623f,0.0008f,-0.1767f,-0.9843f,-0.0205f,0f,0f,0f,1f],start_interpolation: 0,interpolation_duration: 1}
$data merge entity $(bone_bone5) {transformation: [-0.9996f,0.0244f,0.0158f,-0.1684f,0.0273f,0.9726f,0.2311f,-1.4825f,-0.0097f,0.2314f,-0.9728f,-0.0846f,0f,0f,0f,1f],start_interpolation: 0,interpolation_duration: 1}
$data merge entity $(bone_bone2) {transformation: [-0.9976f,0.0694f,0.0068f,-0.125f,0.0697f,0.9923f,0.1024f,-0.8623f,0.0004f,0.1026f,-0.9947f,-0.0205f,0f,0f,0f,1f],start_interpolation: 0,interpolation_duration: 1}
$data merge entity $(bone_head) {transformation: [-0.9962f,-0.0183f,-0.0853f,0.0077f,-0.0276f,0.9936f,0.1093f,0.0118f,0.0828f,0.1113f,-0.9903f,0.078f,0f,0f,0f,1f],start_interpolation: 0,interpolation_duration: 1}
$data merge entity $(bone_bone6) {transformation: [-0.9676f,-0.2414f,-0.0743f,0.6058f,-0.2456f,0.968f,0.0524f,-1.0312f,0.0593f,0.0689f,-0.9959f,-0.1496f,0f,0f,0f,1f],start_interpolation: 0,interpolation_duration: 1}
$data merge entity $(bone_left_down_arm) {transformation: [-0.9676f,-0.2414f,-0.0743f,0.47f,-0.2456f,0.968f,0.0524f,-0.4867f,0.0593f,0.0689f,-0.9959f,-0.1108f,0f,0f,0f,1f],start_interpolation: 0,interpolation_duration: 1}
$data merge entity $(bone_left_upper_arm) {transformation: [-0.9676f,-0.2185f,-0.1267f,0.2535f,-0.2456f,0.9314f,0.2688f,-0.1099f,0.0593f,0.2912f,-0.9548f,0.024f,0f,0f,0f,1f],start_interpolation: 0,interpolation_duration: 1}
$data merge entity $(bone_bone7) {transformation: [-0.9193f,-0.0885f,-0.3834f,-0.3895f,0.1746f,0.7814f,-0.5991f,-0.9466f,0.3526f,-0.6177f,-0.7029f,0.499f,0f,0f,0f,1f],start_interpolation: 0,interpolation_duration: 1}
$data merge entity $(bone_left_down_arm2) {transformation: [-0.8819f,-0.0548f,-0.4683f,-0.4496f,0.22f,0.8306f,-0.5115f,-0.5113f,0.417f,-0.5541f,-0.7205f,0.1422f,0f,0f,0f,1f],start_interpolation: 0,interpolation_duration: 1}
$data merge entity $(bone_left_upper_arm2) {transformation: [-0.8819f,0.2054f,-0.4244f,-0.2495f,0.22f,0.9754f,0.0149f,-0.1121f,0.417f,-0.0802f,-0.9054f,0.055f,0f,0f,0f,1f],start_interpolation: 0,interpolation_duration: 1}
$data merge entity $(bone_upperbody) {transformation: [-0.9827f,-0.0004f,-0.1851f,-0.1879f,-0.0121f,0.998f,0.062f,-0.3609f,0.1847f,0.0632f,-0.9808f,0.0277f,0f,0f,0f,1f],start_interpolation: 0,interpolation_duration: 1}
$data merge entity $(bone_downbody) {transformation: [-0.9827f,0.0157f,-0.1845f,0f,-0.0121f,0.9888f,0.1488f,-0.8623f,0.1847f,0.1484f,-0.9715f,-0.0205f,0f,0f,0f,1f],start_interpolation: 0,interpolation_duration: 1}