# This file was generated by Animated Java via MC-Build. It is not recommended to edit this file directly.
$data merge entity $(bone_bone4) {transformation: [-0.9999f,-0.0022f,-0.0107f,0.1683f,-0.0073f,0.8606f,0.5091f,-1.5448f,0.0081f,0.5092f,-0.8606f,-0.0681f,0f,0f,0f,1f],start_interpolation: 0,interpolation_duration: 1}
$data merge entity $(bone_bone) {transformation: [-0.9976f,-0.0693f,-0.0073f,0.125f,-0.0697f,0.9916f,0.1086f,-0.925f,-0.0003f,0.1089f,-0.9941f,0f,0f,0f,0f,1f],start_interpolation: 0,interpolation_duration: 1}
$data merge entity $(bone_bone5) {transformation: [-0.9958f,0.0911f,0.0028f,-0.1637f,0.0911f,0.9958f,-0.0004f,-1.4842f,-0.0029f,-0.0001f,-1f,0.2764f,0f,0f,0f,1f],start_interpolation: 0,interpolation_duration: 1}
$data merge entity $(bone_bone2) {transformation: [-0.9976f,0.0619f,-0.0321f,-0.125f,0.0697f,0.8947f,-0.4411f,-0.925f,0.0014f,-0.4423f,-0.8969f,0f,0f,0f,0f,1f],start_interpolation: 0,interpolation_duration: 1}
$data merge entity $(bone_head) {transformation: [-0.9793f,-0.0732f,0.1888f,-0.1073f,-0.0185f,0.9608f,0.2767f,-0.0781f,-0.2017f,0.2674f,-0.9422f,0.2123f,0f,0f,0f,1f],start_interpolation: 0,interpolation_duration: 1}
$data merge entity $(bone_bone6) {transformation: [-0.7138f,0.346f,0.6089f,0.1448f,-0.1733f,0.7552f,-0.6322f,-1.0199f,-0.6786f,-0.5568f,-0.4791f,0.6689f,0f,0f,0f,1f],start_interpolation: 0,interpolation_duration: 1}
$data merge entity $(bone_left_down_arm) {transformation: [-0.7138f,0.346f,0.6089f,0.3395f,-0.1733f,0.7552f,-0.6322f,-0.5951f,-0.6786f,-0.5568f,-0.4791f,0.3557f,0f,0f,0f,1f],start_interpolation: 0,interpolation_duration: 1}
$data merge entity $(bone_left_upper_arm) {transformation: [-0.7138f,-0.2583f,0.651f,0.1372f,-0.1733f,0.9657f,0.1932f,-0.1943f,-0.6786f,0.0251f,-0.7341f,0.2819f,0f,0f,0f,1f],start_interpolation: 0,interpolation_duration: 1}
$data merge entity $(bone_bone7) {transformation: [-0.9726f,0.1856f,0.1403f,-0.5788f,0.179f,0.9821f,-0.0587f,-1.094f,-0.1487f,-0.032f,-0.9884f,-0.1696f,0f,0f,0f,1f],start_interpolation: 0,interpolation_duration: 1}
$data merge entity $(bone_left_down_arm2) {transformation: [-0.9824f,0.1727f,0.0706f,-0.4773f,0.1759f,0.9835f,0.0426f,-0.5382f,-0.0621f,0.0542f,-0.9966f,-0.2014f,0f,0f,0f,1f],start_interpolation: 0,interpolation_duration: 1}
$data merge entity $(bone_left_upper_arm2) {transformation: [-0.9824f,0.1175f,0.1449f,-0.3031f,0.1759f,0.8418f,0.5104f,-0.1919f,-0.0621f,0.5269f,-0.8477f,0.0369f,0f,0f,0f,1f],start_interpolation: 0,interpolation_duration: 1}
$data merge entity $(bone_upperbody) {transformation: [-0.926f,-0.104f,0.3629f,-0.2192f,-0.0228f,0.975f,0.2211f,-0.4342f,-0.3768f,0.1965f,-0.9052f,0.0114f,0f,0f,0f,1f],start_interpolation: 0,interpolation_duration: 1}
$data merge entity $(bone_downbody) {transformation: [-0.926f,-0.1352f,0.3525f,0f,-0.0228f,0.952f,0.3052f,-0.925f,-0.3768f,0.2746f,-0.8846f,0f,0f,0f,0f,1f],start_interpolation: 0,interpolation_duration: 1}