# This file was generated by Animated Java via MC-Build. It is not recommended to edit this file directly.
$data merge entity $(bone_bone4) {transformation: [-1f,-0.0067f,-0.0069f,0.1686f,-0.0091f,0.9001f,0.4356f,-1.5359f,0.0033f,0.4357f,-0.9001f,-0.0091f,0f,0f,0f,1f],start_interpolation: 0,interpolation_duration: 1}
$data merge entity $(bone_bone) {transformation: [-0.9976f,-0.0697f,-0.001f,0.125f,-0.0697f,0.9975f,0.0145f,-0.9125f,0f,0.0146f,-0.9999f,0f,0f,0f,0f,1f],start_interpolation: 0,interpolation_duration: 1}
$data merge entity $(bone_bone5) {transformation: [-0.9964f,0.0842f,0.0046f,-0.1655f,0.0843f,0.9948f,0.0578f,-1.4952f,0.0003f,0.058f,-0.9983f,0.2223f,0f,0f,0f,1f],start_interpolation: 0,interpolation_duration: 1}
$data merge entity $(bone_bone2) {transformation: [-0.9976f,0.0647f,-0.0258f,-0.125f,0.0697f,0.9324f,-0.3547f,-0.9125f,0.0011f,-0.3556f,-0.9346f,0f,0f,0f,0f,1f],start_interpolation: 0,interpolation_duration: 1}
$data merge entity $(bone_head) {transformation: [-0.9867f,-0.0621f,0.1503f,-0.0887f,-0.019f,0.9618f,0.273f,-0.0652f,-0.1615f,0.2665f,-0.9502f,0.2189f,0f,0f,0f,1f],start_interpolation: 0,interpolation_duration: 1}
$data merge entity $(bone_bone6) {transformation: [-0.7762f,0.2452f,0.5808f,0.2348f,-0.1542f,0.8195f,-0.552f,-1.0431f,-0.6113f,-0.518f,-0.5983f,0.5955f,0f,0f,0f,1f],start_interpolation: 0,interpolation_duration: 1}
$data merge entity $(bone_left_down_arm) {transformation: [-0.7762f,0.2452f,0.5808f,0.3727f,-0.1542f,0.8195f,-0.552f,-0.5822f,-0.6113f,-0.518f,-0.5983f,0.3041f,0f,0f,0f,1f],start_interpolation: 0,interpolation_duration: 1}
$data merge entity $(bone_left_upper_arm) {transformation: [-0.7762f,-0.2626f,0.5732f,0.1608f,-0.1542f,0.9606f,0.2313f,-0.1812f,-0.6113f,0.0911f,-0.7861f,0.2676f,0f,0f,0f,1f],start_interpolation: 0,interpolation_duration: 1}
$data merge entity $(bone_bone7) {transformation: [-0.9899f,0.139f,0.0283f,-0.5572f,0.1307f,0.971f,-0.2f,-1.0968f,-0.0553f,-0.1943f,-0.9794f,-0.0056f,0f,0f,0f,1f],start_interpolation: 0,interpolation_duration: 1}
$data merge entity $(bone_left_down_arm2) {transformation: [-0.9896f,0.136f,-0.0461f,-0.4836f,0.1401f,0.9848f,-0.1028f,-0.5493f,0.0314f,-0.1082f,-0.9936f,-0.1285f,0f,0f,0f,1f],start_interpolation: 0,interpolation_duration: 1}
$data merge entity $(bone_left_upper_arm2) {transformation: [-0.9896f,0.1395f,0.0342f,-0.2989f,0.1401f,0.8858f,0.4424f,-0.1793f,0.0314f,0.4427f,-0.8961f,0.0612f,0f,0f,0f,1f],start_interpolation: 0,interpolation_duration: 1}
$data merge entity $(bone_upperbody) {transformation: [-0.9549f,-0.0868f,0.284f,-0.2175f,-0.0235f,0.9754f,0.2192f,-0.4217f,-0.296f,0.2026f,-0.9335f,0.0291f,0f,0f,0f,1f],start_interpolation: 0,interpolation_duration: 1}
$data merge entity $(bone_downbody) {transformation: [-0.9549f,-0.1113f,0.2753f,0f,-0.0235f,0.9526f,0.3033f,-0.9125f,-0.296f,0.2832f,-0.9122f,0f,0f,0f,0f,1f],start_interpolation: 0,interpolation_duration: 1}