# This file was generated by Animated Java via MC-Build. It is not recommended to edit this file directly.
$data merge entity $(bone_bone4) {transformation: [-0.9999f,-0.0108f,-0.003f,0.1684f,-0.0112f,0.9332f,0.3591f,-1.5215f,-0.0011f,0.3591f,-0.9333f,0.0499f,0f,0f,0f,1f],start_interpolation: 0,interpolation_duration: 1}
$data merge entity $(bone_bone) {transformation: [-0.9976f,-0.0695f,0.0053f,0.125f,-0.0697f,0.9944f,-0.0797f,-0.9f,0.0003f,-0.0799f,-0.9968f,0f,0f,0f,0f,1f],start_interpolation: 0,interpolation_duration: 1}
$data merge entity $(bone_bone5) {transformation: [-0.997f,0.0768f,0.0069f,-0.1668f,0.0771f,0.9903f,0.1157f,-1.5011f,0.0021f,0.1159f,-0.9933f,0.1661f,0f,0f,0f,1f],start_interpolation: 0,interpolation_duration: 1}
$data merge entity $(bone_bone2) {transformation: [-0.9976f,0.067f,-0.0193f,-0.125f,0.0697f,0.9617f,-0.2651f,-0.9f,0.0009f,-0.2658f,-0.964f,0f,0f,0f,0f,1f],start_interpolation: 0,interpolation_duration: 1}
$data merge entity $(bone_head) {transformation: [-0.9924f,-0.0513f,0.1114f,-0.0697f,-0.0195f,0.9627f,0.2697f,-0.0522f,-0.1211f,0.2655f,-0.9565f,0.2239f,0f,0f,0f,1f],start_interpolation: 0,interpolation_duration: 1}
$data merge entity $(bone_bone6) {transformation: [-0.8319f,0.1551f,0.5329f,0.3121f,-0.1348f,0.875f,-0.465f,-1.0607f,-0.5384f,-0.4587f,-0.707f,0.5076f,0f,0f,0f,1f],start_interpolation: 0,interpolation_duration: 1}
$data merge entity $(bone_left_down_arm) {transformation: [-0.8319f,0.1551f,0.5329f,0.3993f,-0.1348f,0.875f,-0.465f,-0.5685f,-0.5384f,-0.4587f,-0.707f,0.2496f,0f,0f,0f,1f],start_interpolation: 0,interpolation_duration: 1}
$data merge entity $(bone_left_upper_arm) {transformation: [-0.8319f,-0.2565f,0.4922f,0.1831f,-0.1348f,0.9536f,0.2691f,-0.1682f,-0.5384f,0.1575f,-0.8279f,0.2512f,0f,0f,0f,1f],start_interpolation: 0,interpolation_duration: 1}
$data merge entity $(bone_bone7) {transformation: [-0.9957f,0.0633f,-0.0677f,-0.5081f,0.0826f,0.9371f,-0.3392f,-1.0837f,0.042f,-0.3434f,-0.9383f,0.1512f,0f,0f,0f,1f],start_interpolation: 0,interpolation_duration: 1}
$data merge entity $(bone_left_down_arm2) {transformation: [-0.9865f,0.0689f,-0.1485f,-0.4786f,0.1046f,0.9631f,-0.2481f,-0.5575f,0.1259f,-0.2603f,-0.9573f,-0.055f,0f,0f,0f,1f],start_interpolation: 0,interpolation_duration: 1}
$data merge entity $(bone_left_upper_arm2) {transformation: [-0.9865f,0.1434f,-0.079f,-0.2926f,0.1046f,0.9234f,0.3694f,-0.1666f,0.1259f,0.3562f,-0.9259f,0.0851f,0f,0f,0f,1f],start_interpolation: 0,interpolation_duration: 1}
$data merge entity $(bone_upperbody) {transformation: [-0.9768f,-0.0692f,0.2029f,-0.2142f,-0.0241f,0.9758f,0.2172f,-0.4091f,-0.213f,0.2072f,-0.9548f,0.0466f,0f,0f,0f,1f],start_interpolation: 0,interpolation_duration: 1}
$data merge entity $(bone_downbody) {transformation: [-0.9768f,-0.0867f,0.1961f,0f,-0.0241f,0.9532f,0.3014f,-0.9f,-0.213f,0.2897f,-0.9331f,0f,0f,0f,0f,1f],start_interpolation: 0,interpolation_duration: 1}