# This file was generated by Animated Java via MC-Build. It is not recommended to edit this file directly.
$data merge entity $(bone_bone4) {transformation: [-0.9999f,-0.0145f,0.0011f,0.168f,-0.0136f,0.9599f,0.28f,-1.5015f,-0.0051f,0.28f,-0.96f,0.1085f,0f,0f,0f,1f],start_interpolation: 0,interpolation_duration: 1}
$data merge entity $(bone_bone) {transformation: [-0.9976f,-0.0687f,0.0115f,0.125f,-0.0697f,0.9824f,-0.1732f,-0.8875f,0.0006f,-0.1736f,-0.9848f,0f,0f,0f,0f,1f],start_interpolation: 0,interpolation_duration: 1}
$data merge entity $(bone_bone5) {transformation: [-0.9976f,0.0691f,0.0097f,-0.1678f,0.0697f,0.9824f,0.1732f,-1.5015f,0.0025f,0.1735f,-0.9848f,0.1085f,0f,0f,0f,1f],start_interpolation: 0,interpolation_duration: 1}
$data merge entity $(bone_bone2) {transformation: [-0.9976f,0.0685f,-0.0127f,-0.125f,0.0697f,0.9824f,-0.1732f,-0.8875f,0.0006f,-0.1736f,-0.9848f,0f,0f,0f,0f,1f],start_interpolation: 0,interpolation_duration: 1}
$data merge entity $(bone_head) {transformation: [-0.9966f,-0.0408f,0.0723f,-0.0504f,-0.0201f,0.9635f,0.2669f,-0.0392f,-0.0805f,0.2645f,-0.961f,0.2272f,0f,0f,0f,1f],start_interpolation: 0,interpolation_duration: 1}
$data merge entity $(bone_bone6) {transformation: [-0.8802f,0.0791f,0.4679f,0.3745f,-0.1152f,0.9209f,-0.3723f,-1.0721f,-0.4604f,-0.3816f,-0.8015f,0.4077f,0f,0f,0f,1f],start_interpolation: 0,interpolation_duration: 1}
$data merge entity $(bone_left_down_arm) {transformation: [-0.8802f,0.0791f,0.4679f,0.419f,-0.1152f,0.9209f,-0.3723f,-0.5541f,-0.4604f,-0.3816f,-0.8015f,0.1931f,0f,0f,0f,1f],start_interpolation: 0,interpolation_duration: 1}
$data merge entity $(bone_left_upper_arm) {transformation: [-0.8802f,-0.2402f,0.4093f,0.2039f,-0.1152f,0.9448f,0.3068f,-0.1551f,-0.4604f,0.2229f,-0.8593f,0.2331f,0f,0f,0f,1f],start_interpolation: 0,interpolation_duration: 1}
$data merge entity $(bone_bone7) {transformation: [-0.9893f,-0.0363f,-0.1414f,-0.4347f,0.0352f,0.8806f,-0.4726f,-1.0548f,0.1417f,-0.4725f,-0.8698f,0.2953f,0f,0f,0f,1f],start_interpolation: 0,interpolation_duration: 1}
$data merge entity $(bone_left_down_arm2) {transformation: [-0.973f,-0.0239f,-0.2297f,-0.4625f,0.0695f,0.9184f,-0.3895f,-0.5626f,0.2203f,-0.3949f,-0.8919f,0.0174f,0f,0f,0f,1f],start_interpolation: 0,interpolation_duration: 1}
$data merge entity $(bone_left_upper_arm2) {transformation: [-0.973f,0.1294f,-0.1913f,-0.2843f,0.0695f,0.9539f,0.2919f,-0.1539f,0.2203f,0.2708f,-0.9371f,0.1083f,0f,0f,0f,1f],start_interpolation: 0,interpolation_duration: 1}
$data merge entity $(bone_upperbody) {transformation: [-0.9914f,-0.0513f,0.1202f,-0.2095f,-0.0244f,0.9763f,0.2151f,-0.3965f,-0.1284f,0.2103f,-0.9692f,0.0637f,0f,0f,0f,1f],start_interpolation: 0,interpolation_duration: 1}
$data merge entity $(bone_downbody) {transformation: [-0.9914f,-0.0616f,0.1153f,0f,-0.0244f,0.9538f,0.2994f,-0.8875f,-0.1284f,0.294f,-0.9471f,0f,0f,0f,0f,1f],start_interpolation: 0,interpolation_duration: 1}