# This file was generated by Animated Java via MC-Build. It is not recommended to edit this file directly.
$data merge entity $(bone_bone4) {transformation: [-0.9998f,-0.0178f,0.0052f,0.1671f,-0.0164f,0.9799f,0.199f,-1.476f,-0.0086f,0.1989f,-0.98f,0.1661f,0f,0f,0f,1f],start_interpolation: 0,interpolation_duration: 1}
$data merge entity $(bone_bone) {transformation: [-0.9976f,-0.0674f,0.0177f,0.125f,-0.0697f,0.9617f,-0.2652f,-0.875f,0.0009f,-0.2658f,-0.964f,0f,0f,0f,0f,1f],start_interpolation: 0,interpolation_duration: 1}
$data merge entity $(bone_bone5) {transformation: [-0.9981f,0.061f,0.0129f,-0.1684f,0.0623f,0.9712f,0.2301f,-1.4965f,0.0015f,0.2305f,-0.9731f,0.0499f,0f,0f,0f,1f],start_interpolation: 0,interpolation_duration: 1}
$data merge entity $(bone_bone2) {transformation: [-0.9976f,0.0695f,-0.0059f,-0.125f,0.0697f,0.9944f,-0.0797f,-0.875f,0.0003f,-0.0799f,-0.9968f,0f,0f,0f,0f,1f],start_interpolation: 0,interpolation_duration: 1}
$data merge entity $(bone_head) {transformation: [-0.999f,-0.0305f,0.0329f,-0.0308f,-0.0207f,0.9642f,0.2645f,-0.0262f,-0.0398f,0.2635f,-0.9638f,0.2289f,0f,0f,0f,1f],start_interpolation: 0,interpolation_duration: 1}
$data merge entity $(bone_bone6) {transformation: [-0.9157f,-0.047f,0.3992f,0.4838f,-0.1515f,0.9602f,-0.2346f,-1.0628f,-0.3723f,-0.2753f,-0.8863f,0.2824f,0f,0f,0f,1f],start_interpolation: 0,interpolation_duration: 1}
$data merge entity $(bone_left_down_arm) {transformation: [-0.9157f,-0.047f,0.3992f,0.4574f,-0.1515f,0.9602f,-0.2346f,-0.5227f,-0.3723f,-0.2753f,-0.8863f,0.1276f,0f,0f,0f,1f],start_interpolation: 0,interpolation_duration: 1}
$data merge entity $(bone_left_upper_arm) {transformation: [-0.9157f,-0.2739f,0.2942f,0.2231f,-0.1515f,0.9131f,0.3786f,-0.1422f,-0.3723f,0.3021f,-0.8776f,0.2132f,0f,0f,0f,1f],start_interpolation: 0,interpolation_duration: 1}
$data merge entity $(bone_bone7) {transformation: [-0.9707f,-0.095f,-0.2209f,-0.4011f,0.0482f,0.8231f,-0.5658f,-1.0101f,0.2356f,-0.5599f,-0.7944f,0.4024f,0f,0f,0f,1f],start_interpolation: 0,interpolation_duration: 1}
$data merge entity $(bone_left_down_arm2) {transformation: [-0.9471f,-0.0754f,-0.3121f,-0.463f,0.0909f,0.8693f,-0.4859f,-0.5515f,0.3079f,-0.4885f,-0.8164f,0.0766f,0f,0f,0f,1f],start_interpolation: 0,interpolation_duration: 1}
$data merge entity $(bone_left_upper_arm2) {transformation: [-0.9471f,0.1614f,-0.2776f,-0.274f,0.0909f,0.9639f,0.2501f,-0.1412f,0.3079f,0.2117f,-0.9276f,0.1307f,0f,0f,0f,1f],start_interpolation: 0,interpolation_duration: 1}
$data merge entity $(bone_upperbody) {transformation: [-0.9988f,-0.0332f,0.0367f,-0.2033f,-0.0246f,0.9767f,0.2131f,-0.3838f,-0.0429f,0.2119f,-0.9764f,0.0804f,0f,0f,0f,1f],start_interpolation: 0,interpolation_duration: 1}
$data merge entity $(bone_downbody) {transformation: [-0.9988f,-0.0363f,0.0337f,0f,-0.0246f,0.9544f,0.2974f,-0.875f,-0.0429f,0.2962f,-0.9542f,0f,0f,0f,0f,1f],start_interpolation: 0,interpolation_duration: 1}