# This file was generated by Animated Java via MC-Build. It is not recommended to edit this file directly.
$data merge entity $(bone_bone4) {transformation: [-0.9997f,-0.0205f,0.0094f,0.166f,-0.0193f,0.993f,0.1166f,-1.4452f,-0.0117f,0.1163f,-0.9931f,0.2223f,0f,0f,0f,1f],start_interpolation: 0,interpolation_duration: 1}
$data merge entity $(bone_bone) {transformation: [-0.9976f,-0.0655f,0.0237f,0.125f,-0.0697f,0.9323f,-0.3548f,-0.8625f,0.0011f,-0.3556f,-0.9346f,0f,0f,0f,0f,1f],start_interpolation: 0,interpolation_duration: 1}
$data merge entity $(bone_bone5) {transformation: [-0.9985f,0.0526f,0.0166f,-0.1686f,0.0551f,0.9566f,0.2862f,-1.4859f,-0.0009f,0.2867f,-0.958f,-0.0091f,0f,0f,0f,1f],start_interpolation: 0,interpolation_duration: 1}
$data merge entity $(bone_bone2) {transformation: [-0.9976f,0.0697f,0.001f,-0.125f,0.0697f,0.9975f,0.0145f,-0.8625f,0f,0.0146f,-0.9999f,0f,0f,0f,0f,1f],start_interpolation: 0,interpolation_duration: 1}
$data merge entity $(bone_head) {transformation: [-0.9998f,-0.0202f,-0.0066f,-0.0111f,-0.0212f,0.9647f,0.2625f,-0.0133f,0.001f,0.2626f,-0.9649f,0.2289f,0f,0f,0f,1f],start_interpolation: 0,interpolation_duration: 1}
$data merge entity $(bone_bone6) {transformation: [-0.941f,-0.1516f,0.3025f,0.5704f,-0.1877f,0.9777f,-0.0942f,-1.0386f,-0.2815f,-0.1454f,-0.9485f,0.1394f,0f,0f,0f,1f],start_interpolation: 0,interpolation_duration: 1}
$data merge entity $(bone_left_down_arm) {transformation: [-0.941f,-0.1516f,0.3025f,0.4851f,-0.1877f,0.9777f,-0.0942f,-0.4887f,-0.2815f,-0.1454f,-0.9485f,0.0576f,0f,0f,0f,1f],start_interpolation: 0,interpolation_duration: 1}
$data merge entity $(bone_left_upper_arm) {transformation: [-0.941f,-0.2904f,0.1737f,0.2405f,-0.1877f,0.8752f,0.4459f,-0.1292f,-0.2815f,0.387f,-0.8781f,0.1917f,0f,0f,0f,1f],start_interpolation: 0,interpolation_duration: 1}
$data merge entity $(bone_bone7) {transformation: [-0.9426f,-0.1703f,-0.2871f,-0.3512f,0.0619f,0.7559f,-0.6517f,-0.9589f,0.328f,-0.6321f,-0.702f,0.501f,0f,0f,0f,1f],start_interpolation: 0,interpolation_duration: 1}
$data merge entity $(bone_left_down_arm2) {transformation: [-0.9128f,-0.1446f,-0.3819f,-0.4564f,0.1125f,0.8099f,-0.5757f,-0.5394f,0.3925f,-0.5685f,-0.723f,0.1361f,0f,0f,0f,1f],start_interpolation: 0,interpolation_duration: 1}
$data merge entity $(bone_left_upper_arm2) {transformation: [-0.9128f,0.1838f,-0.3646f,-0.2619f,0.1125f,0.9716f,0.2081f,-0.1284f,0.3925f,0.149f,-0.9076f,0.1522f,0f,0f,0f,1f],start_interpolation: 0,interpolation_duration: 1}
$data merge entity $(bone_upperbody) {transformation: [-0.9988f,-0.015f,-0.0472f,-0.1957f,-0.0246f,0.9772f,0.211f,-0.3711f,0.0429f,0.2119f,-0.9764f,0.0965f,0f,0f,0f,1f],start_interpolation: 0,interpolation_duration: 1}
$data merge entity $(bone_downbody) {transformation: [-0.9988f,-0.0108f,-0.0483f,0f,-0.0246f,0.9551f,0.2954f,-0.8625f,0.0429f,0.2962f,-0.9542f,0f,0f,0f,0f,1f],start_interpolation: 0,interpolation_duration: 1}