# This file was generated by Animated Java via MC-Build. It is not recommended to edit this file directly.
$data merge entity $(bone_bone4) {transformation: [-0.9996f,-0.0228f,0.0136f,0.1645f,-0.0224f,0.9992f,0.0333f,-1.4092f,-0.0143f,0.033f,-0.9994f,0.2764f,0f,0f,0f,1f],start_interpolation: 0,interpolation_duration: 1}
$data merge entity $(bone_bone) {transformation: [-0.9976f,-0.0631f,0.0295f,0.125f,-0.0697f,0.8947f,-0.4413f,-0.85f,0.0014f,-0.4423f,-0.8969f,0f,0f,0f,0f,1f],start_interpolation: 0,interpolation_duration: 1}
$data merge entity $(bone_bone5) {transformation: [-0.9988f,0.0438f,0.0208f,-0.1683f,0.0483f,0.9387f,0.3412f,-1.4698f,-0.0046f,0.3419f,-0.9397f,-0.0681f,0f,0f,0f,1f],start_interpolation: 0,interpolation_duration: 1}
$data merge entity $(bone_bone2) {transformation: [-0.9976f,0.0693f,0.0079f,-0.125f,0.0697f,0.9916f,0.1086f,-0.85f,-0.0003f,0.1089f,-0.9941f,0f,0f,0f,0f,1f],start_interpolation: 0,interpolation_duration: 1}
$data merge entity $(bone_head) {transformation: [-0.9989f,-0.01f,-0.046f,0.0085f,-0.0217f,0.9651f,0.261f,-0.0003f,0.0418f,0.2618f,-0.9642f,0.2272f,0f,0f,0f,1f],start_interpolation: 0,interpolation_duration: 1}
$data merge entity $(bone_bone6) {transformation: [-0.9561f,-0.2283f,0.1836f,0.6301f,-0.2237f,0.9736f,0.0454f,-0.9999f,-0.1891f,0.0023f,-0.982f,-0.0163f,0f,0f,0f,1f],start_interpolation: 0,interpolation_duration: 1}
$data merge entity $(bone_left_down_arm) {transformation: [-0.9561f,-0.2283f,0.1836f,0.5017f,-0.2237f,0.9736f,0.0454f,-0.4523f,-0.1891f,0.0023f,-0.982f,-0.015f,0f,0f,0f,1f],start_interpolation: 0,interpolation_duration: 1}
$data merge entity $(bone_left_upper_arm) {transformation: [-0.9561f,-0.2884f,0.0511f,0.2559f,-0.2237f,0.8318f,0.5081f,-0.1164f,-0.1891f,0.4743f,-0.8598f,0.1689f,0f,0f,0f,1f],start_interpolation: 0,interpolation_duration: 1}
$data merge entity $(bone_bone7) {transformation: [-0.9052f,-0.2593f,-0.3366f,-0.2866f,0.0763f,0.68f,-0.7292f,-0.9019f,0.418f,-0.6858f,-0.5958f,0.5884f,0f,0f,0f,1f],start_interpolation: 0,interpolation_duration: 1}
$data merge entity $(bone_left_down_arm2) {transformation: [-0.8706f,-0.229f,-0.4355f,-0.4426f,0.1342f,0.741f,-0.658f,-0.5262f,0.4733f,-0.6313f,-0.6144f,0.1949f,0f,0f,0f,1f],start_interpolation: 0,interpolation_duration: 1}
$data merge entity $(bone_left_upper_arm2) {transformation: [-0.8706f,0.1963f,-0.4512f,-0.2479f,0.1342f,0.9769f,0.1661f,-0.1155f,0.4733f,0.084f,-0.8769f,0.1725f,0f,0f,0f,1f],start_interpolation: 0,interpolation_duration: 1}
$data merge entity $(bone_upperbody) {transformation: [-0.9914f,0.0031f,-0.1307f,-0.1867f,-0.0244f,0.9776f,0.2089f,-0.3584f,0.1284f,0.2103f,-0.9692f,0.1119f,0f,0f,0f,1f],start_interpolation: 0,interpolation_duration: 1}
$data merge entity $(bone_downbody) {transformation: [-0.9914f,0.0145f,-0.1299f,0f,-0.0244f,0.9557f,0.2933f,-0.85f,0.1284f,0.294f,-0.9471f,0f,0f,0f,0f,1f],start_interpolation: 0,interpolation_duration: 1}