# This file was generated by Animated Java via MC-Build. It is not recommended to edit this file directly.
$data merge entity $(bone_bone4) {transformation: [-0.9995f,-0.0246f,0.0178f,0.1626f,-0.0255f,0.9984f,-0.0501f,-1.3681f,-0.0165f,-0.0506f,-0.9986f,0.3281f,0f,0f,0f,1f],start_interpolation: 0,interpolation_duration: 1}
$data merge entity $(bone_bone) {transformation: [-0.9976f,-0.0602f,0.0351f,0.125f,-0.0697f,0.849f,-0.5238f,-0.8375f,0.0017f,-0.525f,-0.8511f,0f,0f,0f,0f,1f],start_interpolation: 0,interpolation_duration: 1}
$data merge entity $(bone_bone5) {transformation: [-0.9991f,0.0349f,0.0254f,-0.1676f,0.0421f,0.9177f,0.3952f,-1.4481f,-0.0095f,0.3959f,-0.9183f,-0.1264f,0f,0f,0f,1f],start_interpolation: 0,interpolation_duration: 1}
$data merge entity $(bone_bone2) {transformation: [-0.9976f,0.0682f,0.0147f,-0.125f,0.0697f,0.977f,0.2017f,-0.8375f,-0.0006f,0.2022f,-0.9793f,0f,0f,0f,0f,1f],start_interpolation: 0,interpolation_duration: 1}
$data merge entity $(bone_head) {transformation: [-0.9963f,0.0002f,-0.0855f,0.0279f,-0.0221f,0.9654f,0.26f,0.0127f,0.0826f,0.2609f,-0.9618f,0.2239f,0f,0f,0f,1f],start_interpolation: 0,interpolation_duration: 1}
$data merge entity $(bone_bone6) {transformation: [-0.9609f,-0.2722f,0.0496f,0.6598f,-0.2594f,0.9487f,0.1807f,-0.9475f,-0.0963f,0.1607f,-0.9823f,-0.179f,0f,0f,0f,1f],start_interpolation: 0,interpolation_duration: 1}
$data merge entity $(bone_left_down_arm) {transformation: [-0.9609f,-0.2722f,0.0496f,0.5067f,-0.2594f,0.9487f,0.1807f,-0.4139f,-0.0963f,0.1607f,-0.9823f,-0.0886f,0f,0f,0f,1f],start_interpolation: 0,interpolation_duration: 1}
$data merge entity $(bone_left_upper_arm) {transformation: [-0.9609f,-0.2677f,-0.0701f,0.2694f,-0.2594f,0.7835f,0.5647f,-0.1035f,-0.0963f,0.5608f,-0.8223f,0.1447f,0f,0f,0f,1f],start_interpolation: 0,interpolation_duration: 1}
$data merge entity $(bone_bone7) {transformation: [-0.8586f,-0.3583f,-0.3666f,-0.2095f,0.0916f,0.5965f,-0.7974f,-0.8395f,0.5044f,-0.7182f,-0.4794f,0.6621f,0f,0f,0f,1f],start_interpolation: 0,interpolation_duration: 1}
$data merge entity $(bone_left_down_arm2) {transformation: [-0.8208f,-0.325f,-0.4698f,-0.4217f,0.1559f,0.6637f,-0.7315f,-0.5119f,0.5496f,-0.6737f,-0.4941f,0.2522f,0f,0f,0f,1f],start_interpolation: 0,interpolation_duration: 1}
$data merge entity $(bone_left_upper_arm2) {transformation: [-0.8208f,0.1984f,-0.5357f,-0.2323f,0.1559f,0.9799f,0.1241f,-0.1026f,0.5496f,0.0183f,-0.8353f,0.1916f,0f,0f,0f,1f],start_interpolation: 0,interpolation_duration: 1}
$data merge entity $(bone_upperbody) {transformation: [-0.9768f,0.0211f,-0.2133f,-0.1765f,-0.0241f,0.9781f,0.2069f,-0.3456f,0.213f,0.2072f,-0.9548f,0.1264f,0f,0f,0f,1f],start_interpolation: 0,interpolation_duration: 1}
$data merge entity $(bone_downbody) {transformation: [-0.9768f,0.0396f,-0.2107f,0f,-0.0241f,0.9563f,0.2913f,-0.8375f,0.213f,0.2897f,-0.9331f,0f,0f,0f,0f,1f],start_interpolation: 0,interpolation_duration: 1}