# This file was generated by Animated Java via MC-Build. It is not recommended to edit this file directly.
$data merge entity $(bone_bone4) {transformation: [-0.9994f,-0.026f,0.0219f,0.1605f,-0.0287f,0.9907f,-0.1333f,-1.3548f,-0.0183f,-0.1338f,-0.9908f,0.3768f,0f,0f,0f,1f],start_interpolation: 0,interpolation_duration: 1}
$data merge entity $(bone_bone) {transformation: [-0.9976f,-0.0568f,0.0404f,0.125f,-0.0697f,0.7958f,-0.6016f,-0.8575f,0.002f,-0.603f,-0.7978f,0f,0f,0f,0f,1f],start_interpolation: 0,interpolation_duration: 1}
$data merge entity $(bone_bone5) {transformation: [-0.9992f,0.0256f,0.0304f,-0.1665f,0.0366f,0.8934f,0.4477f,-1.4535f,-0.0157f,0.4485f,-0.8937f,-0.1836f,0f,0f,0f,1f],start_interpolation: 0,interpolation_duration: 1}
$data merge entity $(bone_bone2) {transformation: [-0.9976f,0.0664f,0.0213f,-0.125f,0.0697f,0.9536f,0.293f,-0.8575f,-0.0009f,0.2938f,-0.9559f,0f,0f,0f,0f,1f],start_interpolation: 0,interpolation_duration: 1}
$data merge entity $(bone_head) {transformation: [-0.9921f,0.0105f,-0.1247f,0.0469f,-0.0224f,0.9655f,0.2594f,-0.0068f,0.1232f,0.2601f,-0.9577f,0.2189f,0f,0f,0f,1f],start_interpolation: 0,interpolation_duration: 1}
$data merge entity $(bone_bone6) {transformation: [-0.9556f,-0.2804f,-0.0909f,0.6579f,-0.2948f,0.9044f,0.3086f,-0.9149f,-0.0043f,0.3217f,-0.9468f,-0.3422f,0f,0f,0f,1f],start_interpolation: 0,interpolation_duration: 1}
$data merge entity $(bone_left_down_arm) {transformation: [-0.9556f,-0.2804f,-0.0909f,0.5001f,-0.2948f,0.9044f,0.3086f,-0.4062f,-0.0043f,0.3217f,-0.9468f,-0.1612f,0f,0f,0f,1f],start_interpolation: 0,interpolation_duration: 1}
$data merge entity $(bone_left_upper_arm) {transformation: [-0.9556f,-0.2284f,-0.1864f,0.2808f,-0.2948f,0.731f,0.6154f,-0.1232f,-0.0043f,0.643f,-0.7658f,0.1196f,0f,0f,0f,1f],start_interpolation: 0,interpolation_duration: 1}
$data merge entity $(bone_bone7) {transformation: [-0.803f,-0.463f,-0.3752f,-0.1226f,0.1077f,0.5066f,-0.8555f,-0.8051f,0.5861f,-0.7274f,-0.3569f,0.7201f,0f,0f,0f,1f],start_interpolation: 0,interpolation_duration: 1}
$data merge entity $(bone_left_down_arm2) {transformation: [-0.7639f,-0.4285f,-0.4826f,-0.3938f,0.1777f,0.5792f,-0.7956f,-0.529f,0.6204f,-0.6935f,-0.3663f,0.3072f,0f,0f,0f,1f],start_interpolation: 0,interpolation_duration: 1}
$data merge entity $(bone_left_upper_arm2) {transformation: [-0.7639f,0.1903f,-0.6167f,-0.2151f,0.1777f,0.9806f,0.0824f,-0.1222f,0.6204f,-0.0466f,-0.7829f,0.2092f,0f,0f,0f,1f],start_interpolation: 0,interpolation_duration: 1}
$data merge entity $(bone_upperbody) {transformation: [-0.9549f,0.0387f,-0.2944f,-0.1651f,-0.0235f,0.9785f,0.2049f,-0.3654f,0.296f,0.2026f,-0.9335f,0.1401f,0f,0f,0f,1f],start_interpolation: 0,interpolation_duration: 1}
$data merge entity $(bone_downbody) {transformation: [-0.9549f,0.0642f,-0.2899f,0f,-0.0235f,0.9569f,0.2894f,-0.8575f,0.296f,0.2832f,-0.9122f,0f,0f,0f,0f,1f],start_interpolation: 0,interpolation_duration: 1}