# This file was generated by Animated Java via MC-Build. It is not recommended to edit this file directly.
$data merge entity $(bone_bone4) {transformation: [-0.9993f,-0.0269f,0.026f,0.1581f,-0.0318f,0.976f,-0.2155f,-1.3371f,-0.0196f,-0.2161f,-0.9762f,0.4222f,0f,0f,0f,1f],start_interpolation: 0,interpolation_duration: 1}
$data merge entity $(bone_bone) {transformation: [-0.9976f,-0.0529f,0.0454f,0.125f,-0.0697f,0.7354f,-0.674f,-0.8775f,0.0023f,-0.6756f,-0.7373f,0f,0f,0f,0f,1f],start_interpolation: 0,interpolation_duration: 1}
$data merge entity $(bone_bone5) {transformation: [-0.9992f,0.0162f,0.0359f,-0.165f,0.032f,0.8662f,0.4987f,-1.4535f,-0.023f,0.4995f,-0.866f,-0.2392f,0f,0f,0f,1f],start_interpolation: 0,interpolation_duration: 1}
$data merge entity $(bone_bone2) {transformation: [-0.9976f,0.064f,0.0277f,-0.125f,0.0697f,0.9217f,0.3817f,-0.8775f,-0.0011f,0.3827f,-0.9239f,0f,0f,0f,0f,1f],start_interpolation: 0,interpolation_duration: 1}
$data merge entity $(bone_head) {transformation: [-0.9863f,0.0211f,-0.1638f,0.0654f,-0.0224f,0.9656f,0.2592f,-0.0264f,0.1636f,0.2593f,-0.9518f,0.2123f,0f,0f,0f,1f],start_interpolation: 0,interpolation_duration: 1}
$data merge entity $(bone_bone6) {transformation: [-0.9402f,-0.2519f,-0.2293f,0.6241f,-0.3296f,0.8423f,0.4264f,-0.871f,0.0857f,0.4765f,-0.875f,-0.4992f,0f,0f,0f,1f],start_interpolation: 0,interpolation_duration: 1}
$data merge entity $(bone_left_down_arm) {transformation: [-0.9402f,-0.2519f,-0.2293f,0.4824f,-0.3296f,0.8423f,0.4264f,-0.3972f,0.0857f,0.4765f,-0.875f,-0.2312f,0f,0f,0f,1f],start_interpolation: 0,interpolation_duration: 1}
$data merge entity $(bone_left_upper_arm) {transformation: [-0.9402f,-0.1713f,-0.2944f,0.2899f,-0.3296f,0.6751f,0.66f,-0.143f,0.0857f,0.7176f,-0.6912f,0.0935f,0f,0f,0f,1f],start_interpolation: 0,interpolation_duration: 1}
$data merge entity $(bone_bone7) {transformation: [-0.739f,-0.5687f,-0.3613f,-0.0287f,0.1247f,0.4115f,-0.9028f,-0.7669f,0.6621f,-0.7122f,-0.2332f,0.7612f,0f,0f,0f,1f],start_interpolation: 0,interpolation_duration: 1}
$data merge entity $(bone_left_down_arm2) {transformation: [-0.7005f,-0.5351f,-0.4723f,-0.3592f,0.1995f,0.4886f,-0.8494f,-0.5451f,0.6853f,-0.6892f,-0.2355f,0.3588f,0f,0f,0f,1f],start_interpolation: 0,interpolation_duration: 1}
$data merge entity $(bone_left_upper_arm2) {transformation: [-0.7005f,0.1719f,-0.6927f,-0.1964f,0.1995f,0.979f,0.0412f,-0.1418f,0.6853f,-0.1093f,-0.7201f,0.2253f,0f,0f,0f,1f],start_interpolation: 0,interpolation_duration: 1}
$data merge entity $(bone_upperbody) {transformation: [-0.926f,0.0558f,-0.3734f,-0.1525f,-0.0228f,0.9789f,0.2029f,-0.3851f,0.3768f,0.1965f,-0.9052f,0.1527f,0f,0f,0f,1f],start_interpolation: 0,interpolation_duration: 1}
$data merge entity $(bone_downbody) {transformation: [-0.926f,0.0881f,-0.3671f,0f,-0.0228f,0.9575f,0.2875f,-0.8775f,0.3768f,0.2746f,-0.8846f,0f,0f,0f,0f,1f],start_interpolation: 0,interpolation_duration: 1}