# This file was generated by Animated Java via MC-Build. It is not recommended to edit this file directly.
$data merge entity $(bone_bone4) {transformation: [-0.9997f,-0.0259f,-0.0024f,0.1675f,-0.026f,0.9945f,0.101f,-1.4826f,-0.0002f,0.101f,-0.9949f,0.1075f,0f,0f,0f,1f],start_interpolation: 0,interpolation_duration: 1}
$data merge entity $(bone_bone) {transformation: [-0.9976f,-0.068f,0.0154f,0.125f,-0.0697f,0.9729f,-0.2205f,-0.8745f,0f,-0.2211f,-0.9753f,-0.0307f,0f,0f,0f,1f],start_interpolation: 0,interpolation_duration: 1}
$data merge entity $(bone_bone5) {transformation: [-0.9995f,0.0232f,0.02f,-0.168f,0.0282f,0.9531f,0.3015f,-1.4883f,-0.012f,0.3019f,-0.9533f,-0.1401f,0f,0f,0f,1f],start_interpolation: 0,interpolation_duration: 1}
$data merge entity $(bone_bone2) {transformation: [-0.9976f,0.0689f,0.0111f,-0.125f,0.0697f,0.9821f,0.1748f,-0.8745f,0.0011f,0.1751f,-0.9845f,-0.0307f,0f,0f,0f,1f],start_interpolation: 0,interpolation_duration: 1}
$data merge entity $(bone_head) {transformation: [-0.9918f,-0.015f,-0.127f,0.0218f,-0.0359f,0.9858f,0.1639f,-0.0067f,0.1227f,0.1671f,-0.9783f,0.1115f,0f,0f,0f,1f],start_interpolation: 0,interpolation_duration: 1}
$data merge entity $(bone_bone6) {transformation: [-0.9542f,-0.2577f,-0.1521f,0.6175f,-0.2836f,0.9411f,0.1841f,-0.998f,0.0957f,0.2188f,-0.9711f,-0.3056f,0f,0f,0f,1f],start_interpolation: 0,interpolation_duration: 1}
$data merge entity $(bone_left_down_arm) {transformation: [-0.9542f,-0.2577f,-0.1521f,0.4725f,-0.2836f,0.9411f,0.1841f,-0.4687f,0.0957f,0.2188f,-0.9711f,-0.1825f,0f,0f,0f,1f],start_interpolation: 0,interpolation_duration: 1}
$data merge entity $(bone_left_upper_arm) {transformation: [-0.9542f,-0.2115f,-0.2118f,0.2608f,-0.2836f,0.865f,0.4139f,-0.1257f,0.0957f,0.455f,-0.8853f,0.0285f,0f,0f,0f,1f],start_interpolation: 0,interpolation_duration: 1}
$data merge entity $(bone_bone7) {transformation: [-0.8613f,-0.264f,-0.4341f,-0.2634f,0.1545f,0.6779f,-0.7187f,-0.9052f,0.484f,-0.6861f,-0.5431f,0.6065f,0f,0f,0f,1f],start_interpolation: 0,interpolation_duration: 1}
$data merge entity $(bone_left_down_arm2) {transformation: [-0.8183f,-0.2251f,-0.5288f,-0.4231f,0.2112f,0.7379f,-0.641f,-0.5301f,0.5345f,-0.6362f,-0.5563f,0.2139f,0f,0f,0f,1f],start_interpolation: 0,interpolation_duration: 1}
$data merge entity $(bone_left_upper_arm2) {transformation: [-0.8183f,0.1913f,-0.542f,-0.2371f,0.2112f,0.9771f,0.026f,-0.129f,0.5345f,-0.0932f,-0.84f,0.1063f,0f,0f,0f,1f],start_interpolation: 0,interpolation_duration: 1}
$data merge entity $(bone_upperbody) {transformation: [-0.9612f,0.0111f,-0.2755f,-0.1798f,-0.0209f,0.9934f,0.1128f,-0.3761f,0.2749f,0.1142f,-0.9547f,0.0605f,0f,0f,0f,1f],start_interpolation: 0,interpolation_duration: 1}
$data merge entity $(bone_downbody) {transformation: [-0.9612f,0.0351f,-0.2734f,0f,-0.0209f,0.9798f,0.199f,-0.8745f,0.2749f,0.197f,-0.9411f,-0.0307f,0f,0f,0f,1f],start_interpolation: 0,interpolation_duration: 1}