# This file was generated by Animated Java via MC-Build. It is not recommended to edit this file directly.
$data merge entity $(bone_bone4) {transformation: [-0.9993f,-0.0269f,0.026f,0.1581f,-0.0318f,0.976f,-0.2155f,-1.3571f,-0.0196f,-0.2161f,-0.9762f,0.4222f,0f,0f,0f,1f],start_interpolation: 0,interpolation_duration: 1}
$data merge entity $(bone_bone) {transformation: [-0.9976f,-0.0529f,0.0454f,0.125f,-0.0697f,0.7354f,-0.674f,-0.8975f,0.0023f,-0.6756f,-0.7373f,0f,0f,0f,0f,1f],start_interpolation: 0,interpolation_duration: 1}
$data merge entity $(bone_bone5) {transformation: [-0.9992f,0.0162f,0.0359f,-0.165f,0.032f,0.8662f,0.4987f,-1.4735f,-0.023f,0.4995f,-0.866f,-0.2392f,0f,0f,0f,1f],start_interpolation: 0,interpolation_duration: 1}
$data merge entity $(bone_bone2) {transformation: [-0.9976f,0.064f,0.0277f,-0.125f,0.0697f,0.9217f,0.3817f,-0.8975f,-0.0011f,0.3827f,-0.9239f,0f,0f,0f,0f,1f],start_interpolation: 0,interpolation_duration: 1}
$data merge entity $(bone_head) {transformation: [-0.9788f,0.0319f,-0.2025f,0.0833f,-0.0222f,0.9655f,0.2595f,-0.0459f,0.2038f,0.2585f,-0.9443f,0.2041f,0f,0f,0f,1f],start_interpolation: 0,interpolation_duration: 1}
$data merge entity $(bone_bone6) {transformation: [-0.9294f,-0.2102f,-0.3035f,0.579f,-0.3294f,0.8433f,0.4246f,-0.8921f,0.1667f,0.4946f,-0.853f,-0.5509f,0f,0f,0f,1f],start_interpolation: 0,interpolation_duration: 1}
$data merge entity $(bone_left_down_arm) {transformation: [-0.9294f,-0.2102f,-0.3035f,0.4607f,-0.3294f,0.8433f,0.4246f,-0.4177f,0.1667f,0.4946f,-0.853f,-0.2727f,0f,0f,0f,1f],start_interpolation: 0,interpolation_duration: 1}
$data merge entity $(bone_left_upper_arm) {transformation: [-0.9294f,-0.1092f,-0.3526f,0.2968f,-0.3294f,0.6766f,0.6585f,-0.1629f,0.1667f,0.7282f,-0.6648f,0.0667f,0f,0f,0f,1f],start_interpolation: 0,interpolation_duration: 1}
$data merge entity $(bone_bone7) {transformation: [-0.6795f,-0.6277f,-0.3798f,0.0367f,0.1261f,0.41f,-0.9033f,-0.7853f,0.7228f,-0.6617f,-0.1994f,0.7606f,0f,0f,0f,1f],start_interpolation: 0,interpolation_duration: 1}
$data merge entity $(bone_left_down_arm2) {transformation: [-0.6392f,-0.5922f,-0.4907f,-0.3271f,0.201f,0.4872f,-0.8498f,-0.5644f,0.7424f,-0.6418f,-0.1924f,0.3876f,0f,0f,0f,1f],start_interpolation: 0,interpolation_duration: 1}
$data merge entity $(bone_left_upper_arm2) {transformation: [-0.6392f,0.1618f,-0.7519f,-0.1764f,0.201f,0.9788f,0.0397f,-0.1613f,0.7424f,-0.1257f,-0.6581f,0.2398f,0f,0f,0f,1f],start_interpolation: 0,interpolation_duration: 1}
$data merge entity $(bone_upperbody) {transformation: [-0.8903f,0.0724f,-0.4496f,-0.1389f,-0.022f,0.9793f,0.2011f,-0.4047f,0.4549f,0.1889f,-0.8703f,0.1641f,0f,0f,0f,1f],start_interpolation: 0,interpolation_duration: 1}
$data merge entity $(bone_downbody) {transformation: [-0.8903f,0.1113f,-0.4416f,0f,-0.022f,0.9581f,0.2857f,-0.8975f,0.4549f,0.264f,-0.8505f,0f,0f,0f,0f,1f],start_interpolation: 0,interpolation_duration: 1}