# This file was generated by Animated Java via MC-Build. It is not recommended to edit this file directly.
$data merge entity $(bone_bone4) {transformation: [-0.9994f,-0.0261f,0.0225f,0.1602f,-0.0291f,0.989f,-0.1451f,-1.4097f,-0.0185f,-0.1456f,-0.9892f,0.3835f,0f,0f,0f,1f],start_interpolation: 0,interpolation_duration: 1}
$data merge entity $(bone_bone) {transformation: [-0.9976f,-0.0562f,0.0411f,0.125f,-0.0697f,0.7876f,-0.6123f,-0.9175f,0.002f,-0.6137f,-0.7896f,0f,0f,0f,0f,1f],start_interpolation: 0,interpolation_duration: 1}
$data merge entity $(bone_bone5) {transformation: [-0.9992f,0.0243f,0.0312f,-0.1663f,0.0358f,0.8897f,0.4551f,-1.511f,-0.0167f,0.4559f,-0.8899f,-0.1917f,0f,0f,0f,1f],start_interpolation: 0,interpolation_duration: 1}
$data merge entity $(bone_bone2) {transformation: [-0.9976f,0.0661f,0.0222f,-0.125f,0.0697f,0.9495f,0.3059f,-0.9175f,-0.0009f,0.3067f,-0.9518f,0f,0f,0f,0f,1f],start_interpolation: 0,interpolation_duration: 1}
$data merge entity $(bone_head) {transformation: [-0.9696f,0.043f,-0.2408f,0.1004f,-0.0218f,0.9653f,0.2602f,-0.0655f,0.2436f,0.2575f,-0.9351f,0.1944f,0f,0f,0f,1f],start_interpolation: 0,interpolation_duration: 1}
$data merge entity $(bone_bone6) {transformation: [-0.9249f,-0.1869f,-0.3311f,0.5473f,-0.294f,0.9037f,0.3112f,-0.976f,0.241f,0.3852f,-0.8908f,-0.5028f,0f,0f,0f,1f],start_interpolation: 0,interpolation_duration: 1}
$data merge entity $(bone_left_down_arm) {transformation: [-0.9249f,-0.1869f,-0.3311f,0.4422f,-0.294f,0.9037f,0.3112f,-0.4676f,0.241f,0.3852f,-0.8908f,-0.2861f,0f,0f,0f,1f],start_interpolation: 0,interpolation_duration: 1}
$data merge entity $(bone_left_upper_arm) {transformation: [-0.9249f,-0.0577f,-0.3758f,0.3014f,-0.294f,0.7352f,0.6108f,-0.1827f,0.241f,0.6754f,-0.697f,0.0395f,0f,0f,0f,1f],start_interpolation: 0,interpolation_duration: 1}
$data merge entity $(bone_bone7) {transformation: [-0.6269f,-0.6381f,-0.4471f,0.0674f,0.1115f,0.4944f,-0.862f,-0.8559f,0.7711f,-0.5903f,-0.2388f,0.7281f,0f,0f,0f,1f],start_interpolation: 0,interpolation_duration: 1}
$data merge entity $(bone_left_down_arm2) {transformation: [-0.5808f,-0.5967f,-0.5537f,-0.3029f,0.1822f,0.5677f,-0.8028f,-0.5868f,0.7934f,-0.5672f,-0.221f,0.3953f,0f,0f,0f,1f],start_interpolation: 0,interpolation_duration: 1}
$data merge entity $(bone_left_upper_arm2) {transformation: [-0.5808f,0.1713f,-0.7958f,-0.1553f,0.1822f,0.9802f,0.078f,-0.1807f,0.7934f,-0.0997f,-0.6005f,0.2525f,0f,0f,0f,1f],start_interpolation: 0,interpolation_duration: 1}
$data merge entity $(bone_upperbody) {transformation: [-0.848f,0.0882f,-0.5226f,-0.1244f,-0.0209f,0.9797f,0.1993f,-0.4244f,0.5296f,0.1799f,-0.829f,0.1744f,0f,0f,0f,1f],start_interpolation: 0,interpolation_duration: 1}
$data merge entity $(bone_downbody) {transformation: [-0.848f,0.1334f,-0.5129f,0f,-0.0209f,0.9586f,0.2839f,-0.9175f,0.5296f,0.2515f,-0.8101f,0f,0f,0f,0f,1f],start_interpolation: 0,interpolation_duration: 1}