# This file was generated by Animated Java via MC-Build. It is not recommended to edit this file directly.
$data merge entity $(bone_bone4) {transformation: [-0.9995f,-0.0251f,0.019f,0.162f,-0.0264f,0.9969f,-0.074f,-1.4591f,-0.0171f,-0.0744f,-0.9971f,0.3423f,0f,0f,0f,1f],start_interpolation: 0,interpolation_duration: 1}
$data merge entity $(bone_bone) {transformation: [-0.9976f,-0.0593f,0.0367f,0.125f,-0.0697f,0.8345f,-0.5465f,-0.9375f,0.0018f,-0.5477f,-0.8366f,0f,0f,0f,0f,1f],start_interpolation: 0,interpolation_duration: 1}
$data merge entity $(bone_bone5) {transformation: [-0.9991f,0.0323f,0.0268f,-0.1673f,0.0404f,0.911f,0.4103f,-1.5445f,-0.0112f,0.411f,-0.9116f,-0.1429f,0f,0f,0f,1f],start_interpolation: 0,interpolation_duration: 1}
$data merge entity $(bone_bone2) {transformation: [-0.9976f,0.0677f,0.0166f,-0.125f,0.0697f,0.9712f,0.228f,-0.9375f,-0.0007f,0.2286f,-0.9735f,0f,0f,0f,0f,1f],start_interpolation: 0,interpolation_duration: 1}
$data merge entity $(bone_head) {transformation: [-0.9776f,0.0334f,-0.2076f,0.0856f,-0.0222f,0.9655f,0.2596f,-0.0859f,0.2091f,0.2584f,-0.9431f,0.2029f,0f,0f,0f,1f],start_interpolation: 0,interpolation_duration: 1}
$data merge entity $(bone_bone6) {transformation: [-0.9518f,-0.2166f,-0.2174f,0.5863f,-0.2592f,0.9466f,0.1919f,-1.0473f,0.1642f,0.239f,-0.957f,-0.3573f,0f,0f,0f,1f],start_interpolation: 0,interpolation_duration: 1}
$data merge entity $(bone_left_down_arm) {transformation: [-0.9518f,-0.2166f,-0.2174f,0.4645f,-0.2592f,0.9466f,0.1919f,-0.5149f,0.1642f,0.239f,-0.957f,-0.2228f,0f,0f,0f,1f],start_interpolation: 0,interpolation_duration: 1}
$data merge entity $(bone_left_upper_arm) {transformation: [-0.9518f,-0.1098f,-0.2865f,0.2975f,-0.2592f,0.7874f,0.5594f,-0.2028f,0.1642f,0.6066f,-0.7778f,0.0631f,0f,0f,0f,1f],start_interpolation: 0,interpolation_duration: 1}
$data merge entity $(bone_bone7) {transformation: [-0.693f,-0.5468f,-0.4699f,-0.0206f,0.0946f,0.5773f,-0.8111f,-0.9264f,0.7147f,-0.6065f,-0.3483f,0.6969f,0f,0f,0f,1f],start_interpolation: 0,interpolation_duration: 1}
$data merge entity $(bone_left_down_arm2) {transformation: [-0.6454f,-0.5037f,-0.5742f,-0.3398f,0.1602f,0.6457f,-0.7465f,-0.6099f,0.7469f,-0.5738f,-0.336f,0.3531f,0f,0f,0f,1f],start_interpolation: 0,interpolation_duration: 1}
$data merge entity $(bone_left_upper_arm2) {transformation: [-0.6454f,0.1953f,-0.7385f,-0.1737f,0.1602f,0.9799f,0.1191f,-0.2012f,0.7469f,-0.0415f,-0.6637f,0.2416f,0f,0f,0f,1f],start_interpolation: 0,interpolation_duration: 1}
$data merge entity $(bone_upperbody) {transformation: [-0.885f,0.0745f,-0.4595f,-0.137f,-0.0218f,0.9794f,0.2008f,-0.4447f,0.465f,0.1878f,-0.8652f,0.1656f,0f,0f,0f,1f],start_interpolation: 0,interpolation_duration: 1}
$data merge entity $(bone_downbody) {transformation: [-0.885f,0.1143f,-0.4513f,0f,-0.0218f,0.9582f,0.2854f,-0.9375f,0.465f,0.2624f,-0.8455f,0f,0f,0f,0f,1f],start_interpolation: 0,interpolation_duration: 1}