# This file was generated by Animated Java via MC-Build. It is not recommended to edit this file directly.
$data merge entity $(bone_bone4) {transformation: [-0.9996f,-0.0237f,0.0154f,0.1637f,-0.0237f,0.9997f,-0.0025f,-1.475f,-0.0153f,-0.0028f,-0.9999f,0.2989f,0f,0f,0f,1f],start_interpolation: 0,interpolation_duration: 1}
$data merge entity $(bone_bone) {transformation: [-0.9976f,-0.0619f,0.032f,0.125f,-0.0697f,0.876f,-0.4772f,-0.9275f,0.0015f,-0.4782f,-0.8782f,0f,0f,0f,0f,1f],start_interpolation: 0,interpolation_duration: 1}
$data merge entity $(bone_bone5) {transformation: [-0.9989f,0.04f,0.0227f,-0.168f,0.0456f,0.9301f,0.3645f,-1.544f,-0.0065f,0.3652f,-0.9309f,-0.0932f,0f,0f,0f,1f],start_interpolation: 0,interpolation_duration: 1}
$data merge entity $(bone_bone2) {transformation: [-0.9976f,0.0689f,0.0108f,-0.125f,0.0697f,0.9864f,0.1487f,-0.9275f,-0.0004f,0.1491f,-0.9888f,0f,0f,0f,0f,1f],start_interpolation: 0,interpolation_duration: 1}
$data merge entity $(bone_head) {transformation: [-0.9844f,0.0239f,-0.1741f,0.0702f,-0.0224f,0.9655f,0.2593f,-0.0762f,0.1743f,0.2591f,-0.95f,0.2102f,0f,0f,0f,1f],start_interpolation: 0,interpolation_duration: 1}
$data merge entity $(bone_bone6) {transformation: [-0.9709f,-0.2169f,-0.1015f,0.5995f,-0.2241f,0.9723f,0.0658f,-1.0773f,0.0844f,0.0866f,-0.9927f,-0.2047f,0f,0f,0f,1f],start_interpolation: 0,interpolation_duration: 1}
$data merge entity $(bone_left_down_arm) {transformation: [-0.9709f,-0.2169f,-0.1015f,0.4775f,-0.2241f,0.9723f,0.0658f,-0.5304f,0.0844f,0.0866f,-0.9927f,-0.156f,0f,0f,0f,1f],start_interpolation: 0,interpolation_duration: 1}
$data merge entity $(bone_left_upper_arm) {transformation: [-0.9709f,-0.1467f,-0.1893f,0.292f,-0.2241f,0.8352f,0.5021f,-0.193f,0.0844f,0.5299f,-0.8438f,0.0864f,0f,0f,0f,1f],start_interpolation: 0,interpolation_duration: 1}
$data merge entity $(bone_bone7) {transformation: [-0.7533f,-0.4549f,-0.475f,-0.1041f,0.0783f,0.655f,-0.7515f,-0.9632f,0.653f,-0.6033f,-0.4578f,0.6513f,0f,0f,0f,1f],start_interpolation: 0,interpolation_duration: 1}
$data merge entity $(bone_left_down_arm2) {transformation: [-0.7057f,-0.4118f,-0.5765f,-0.3717f,0.1383f,0.718f,-0.6821f,-0.6019f,0.6948f,-0.5611f,-0.4498f,0.3076f,0f,0f,0f,1f],start_interpolation: 0,interpolation_duration: 1}
$data merge entity $(bone_left_upper_arm2) {transformation: [-0.7057f,0.2109f,-0.6763f,-0.1912f,0.1383f,0.9773f,0.1605f,-0.1916f,0.6948f,0.0198f,-0.7189f,0.2294f,0f,0f,0f,1f],start_interpolation: 0,interpolation_duration: 1}
$data merge entity $(bone_upperbody) {transformation: [-0.9171f,0.0603f,-0.394f,-0.149f,-0.0226f,0.979f,0.2024f,-0.435f,0.3979f,0.1946f,-0.8965f,0.1558f,0f,0f,0f,1f],start_interpolation: 0,interpolation_duration: 1}
$data merge entity $(bone_downbody) {transformation: [-0.9171f,0.0944f,-0.3872f,0f,-0.0226f,0.9577f,0.287f,-0.9275f,0.3979f,0.272f,-0.8762f,0f,0f,0f,0f,1f],start_interpolation: 0,interpolation_duration: 1}