# This file was generated by Animated Java via MC-Build. It is not recommended to edit this file directly.
$data merge entity $(bone_bone4) {transformation: [-0.9997f,-0.0219f,0.0118f,0.1651f,-0.021f,0.9974f,0.0691f,-1.4874f,-0.0133f,0.0688f,-0.9975f,0.2535f,0f,0f,0f,1f],start_interpolation: 0,interpolation_duration: 1}
$data merge entity $(bone_bone) {transformation: [-0.9976f,-0.0642f,0.0271f,0.125f,-0.0697f,0.9118f,-0.4047f,-0.9175f,0.0013f,-0.4056f,-0.9141f,0f,0f,0f,0f,1f],start_interpolation: 0,interpolation_duration: 1}
$data merge entity $(bone_bone5) {transformation: [-0.9987f,0.0476f,0.019f,-0.1685f,0.0512f,0.9468f,0.3178f,-1.5395f,-0.0028f,0.3183f,-0.948f,-0.0428f,0f,0f,0f,1f],start_interpolation: 0,interpolation_duration: 1}
$data merge entity $(bone_bone2) {transformation: [-0.9976f,0.0695f,0.0049f,-0.125f,0.0697f,0.9952f,0.0684f,-0.9175f,-0.0002f,0.0685f,-0.9976f,0f,0f,0f,0f,1f],start_interpolation: 0,interpolation_duration: 1}
$data merge entity $(bone_head) {transformation: [-0.99f,0.0147f,-0.1404f,0.0543f,-0.0224f,0.9655f,0.2593f,-0.0666f,0.1394f,0.2598f,-0.9555f,0.2164f,0f,0f,0f,1f],start_interpolation: 0,interpolation_duration: 1}
$data merge entity $(bone_bone6) {transformation: [-0.982f,-0.1885f,0.0099f,0.5868f,-0.1888f,0.9799f,-0.0646f,-1.095f,0.0025f,-0.0653f,-0.9979f,-0.0503f,0f,0f,0f,1f],start_interpolation: 0,interpolation_duration: 1}
$data merge entity $(bone_left_down_arm) {transformation: [-0.982f,-0.1885f,0.0099f,0.4808f,-0.1888f,0.9799f,-0.0646f,-0.5438f,0.0025f,-0.0653f,-0.9979f,-0.0871f,0f,0f,0f,1f],start_interpolation: 0,interpolation_duration: 1}
$data merge entity $(bone_left_upper_arm) {transformation: [-0.982f,-0.1677f,-0.0867f,0.2847f,-0.1888f,0.8782f,0.4395f,-0.1832f,0.0025f,0.4479f,-0.8941f,0.1092f,0f,0f,0f,1f],start_interpolation: 0,interpolation_duration: 1}
$data merge entity $(bone_bone7) {transformation: [-0.8074f,-0.3659f,-0.4628f,-0.1809f,0.0626f,0.7268f,-0.6839f,-0.9956f,0.5866f,-0.5812f,-0.564f,0.5923f,0f,0f,0f,1f],start_interpolation: 0,interpolation_duration: 1}
$data merge entity $(bone_left_down_arm2) {transformation: [-0.7614f,-0.3242f,-0.5614f,-0.3983f,0.1163f,0.7837f,-0.6102f,-0.5929f,0.6378f,-0.5299f,-0.559f,0.2593f,0f,0f,0f,1f],start_interpolation: 0,interpolation_duration: 1}
$data merge entity $(bone_left_upper_arm2) {transformation: [-0.7614f,0.2179f,-0.6105f,-0.2078f,0.1163f,0.9724f,0.2021f,-0.182f,0.6378f,0.0829f,-0.7658f,0.2159f,0f,0f,0f,1f],start_interpolation: 0,interpolation_duration: 1}
$data merge entity $(bone_upperbody) {transformation: [-0.9442f,0.0456f,-0.3263f,-0.1602f,-0.0233f,0.9787f,0.2041f,-0.4252f,0.3286f,0.2003f,-0.923f,0.1452f,0f,0f,0f,1f],start_interpolation: 0,interpolation_duration: 1}
$data merge entity $(bone_downbody) {transformation: [-0.9442f,0.0739f,-0.3211f,0f,-0.0233f,0.9572f,0.2886f,-0.9175f,0.3286f,0.28f,-0.902f,0f,0f,0f,0f,1f],start_interpolation: 0,interpolation_duration: 1}