# This file was generated by Animated Java via MC-Build. It is not recommended to edit this file directly.
$data merge entity $(bone_bone4) {transformation: [-0.9998f,-0.0198f,0.0082f,0.1663f,-0.0184f,0.99f,0.1402f,-1.496f,-0.0109f,0.14f,-0.9901f,0.2064f,0f,0f,0f,1f],start_interpolation: 0,interpolation_duration: 1}
$data merge entity $(bone_bone) {transformation: [-0.9976f,-0.0661f,0.022f,0.125f,-0.0697f,0.9416f,-0.3295f,-0.9075f,0.0011f,-0.3303f,-0.9439f,0f,0f,0f,0f,1f],start_interpolation: 0,interpolation_duration: 1}
$data merge entity $(bone_bone5) {transformation: [-0.9984f,0.055f,0.0155f,-0.1686f,0.0572f,0.9611f,0.2702f,-1.5309f,0f,0.2707f,-0.9627f,0.0078f,0f,0f,0f,1f],start_interpolation: 0,interpolation_duration: 1}
$data merge entity $(bone_bone2) {transformation: [-0.9976f,0.0697f,-0.0009f,-0.125f,0.0697f,0.9975f,-0.0124f,-0.9075f,0.0001f,-0.0124f,-0.9999f,0f,0f,0f,0f,1f],start_interpolation: 0,interpolation_duration: 1}
$data merge entity $(bone_head) {transformation: [-0.9943f,0.0057f,-0.1064f,0.0381f,-0.0223f,0.9655f,0.2596f,-0.057f,0.1042f,0.2605f,-0.9598f,0.2214f,0f,0f,0f,1f],start_interpolation: 0,interpolation_duration: 1}
$data merge entity $(bone_bone6) {transformation: [-0.9849f,-0.1334f,0.1105f,0.5493f,-0.1532f,0.9685f,-0.1965f,-1.0995f,-0.0807f,-0.2105f,-0.9743f,0.1009f,0f,0f,0f,1f],start_interpolation: 0,interpolation_duration: 1}
$data merge entity $(bone_left_down_arm) {transformation: [-0.9849f,-0.1334f,0.1105f,0.4742f,-0.1532f,0.9685f,-0.1965f,-0.5548f,-0.0807f,-0.2105f,-0.9743f,-0.0175f,0f,0f,0f,1f],start_interpolation: 0,interpolation_duration: 1}
$data merge entity $(bone_left_upper_arm) {transformation: [-0.9849f,-0.1722f,0.0182f,0.2757f,-0.1532f,0.9156f,0.3718f,-0.1734f,-0.0807f,0.3634f,-0.9281f,0.1314f,0f,0f,0f,1f],start_interpolation: 0,interpolation_duration: 1}
$data merge entity $(bone_bone7) {transformation: [-0.8551f,-0.2828f,-0.4345f,-0.2491f,0.0476f,0.7918f,-0.609f,-1.0233f,0.5162f,-0.5414f,-0.6636f,0.5211f,0f,0f,0f,1f],start_interpolation: 0,interpolation_duration: 1}
$data merge entity $(bone_left_down_arm2) {transformation: [-0.812f,-0.2438f,-0.5303f,-0.4194f,0.0943f,0.8418f,-0.5314f,-0.5829f,0.576f,-0.4815f,-0.6606f,0.209f,0f,0f,0f,1f],start_interpolation: 0,interpolation_duration: 1}
$data merge entity $(bone_left_upper_arm2) {transformation: [-0.812f,0.2161f,-0.5422f,-0.2233f,0.0943f,0.9653f,0.2436f,-0.1724f,0.576f,0.1467f,-0.8042f,0.2012f,0f,0f,0f,1f],start_interpolation: 0,interpolation_duration: 1}
$data merge entity $(bone_upperbody) {transformation: [-0.966f,0.0305f,-0.2568f,-0.1706f,-0.0238f,0.9783f,0.2058f,-0.4155f,0.2575f,0.2049f,-0.9443f,0.1338f,0f,0f,0f,1f],start_interpolation: 0,interpolation_duration: 1}
$data merge entity $(bone_downbody) {transformation: [-0.966f,0.0528f,-0.2532f,0f,-0.0238f,0.9566f,0.2903f,-0.9075f,0.2575f,0.2865f,-0.9228f,0f,0f,0f,0f,1f],start_interpolation: 0,interpolation_duration: 1}