# This file was generated by Animated Java via MC-Build. It is not recommended to edit this file directly.
$data merge entity $(bone_bone4) {transformation: [-0.9998f,-0.0173f,0.0046f,0.1673f,-0.016f,0.9774f,0.2106f,-1.5007f,-0.0082f,0.2105f,-0.9776f,0.158f,0f,0f,0f,1f],start_interpolation: 0,interpolation_duration: 1}
$data merge entity $(bone_bone) {transformation: [-0.9976f,-0.0676f,0.0168f,0.125f,-0.0697f,0.9652f,-0.2522f,-0.8975f,0.0008f,-0.2528f,-0.9675f,0f,0f,0f,0f,1f],start_interpolation: 0,interpolation_duration: 1}
$data merge entity $(bone_bone5) {transformation: [-0.998f,0.0622f,0.0124f,-0.1684f,0.0634f,0.973f,0.222f,-1.5183f,0.0017f,0.2224f,-0.975f,0.0583f,0f,0f,0f,1f],start_interpolation: 0,interpolation_duration: 1}
$data merge entity $(bone_bone2) {transformation: [-0.9976f,0.0694f,-0.0068f,-0.125f,0.0697f,0.9932f,-0.0931f,-0.8975f,0.0003f,-0.0933f,-0.9956f,0f,0f,0f,0f,1f],start_interpolation: 0,interpolation_duration: 1}
$data merge entity $(bone_head) {transformation: [-0.9974f,-0.0032f,-0.0723f,0.0214f,-0.022f,0.9653f,0.2603f,-0.0474f,0.069f,0.2612f,-0.9628f,0.2252f,0f,0f,0f,1f],start_interpolation: 0,interpolation_duration: 1}
$data merge entity $(bone_bone6) {transformation: [-0.9794f,-0.055f,0.1945f,0.4888f,-0.1176f,0.9377f,-0.3269f,-1.0906f,-0.1644f,-0.343f,-0.9248f,0.2443f,0f,0f,0f,1f],start_interpolation: 0,interpolation_duration: 1}
$data merge entity $(bone_left_down_arm) {transformation: [-0.9794f,-0.055f,0.1945f,0.4578f,-0.1176f,0.9377f,-0.3269f,-0.5631f,-0.1644f,-0.343f,-0.9248f,0.0514f,0f,0f,0f,1f],start_interpolation: 0,interpolation_duration: 1}
$data merge entity $(bone_left_upper_arm) {transformation: [-0.9794f,-0.1605f,0.1228f,0.2652f,-0.1176f,0.9468f,0.2997f,-0.1636f,-0.1644f,0.2791f,-0.9461f,0.1529f,0f,0f,0f,1f],start_interpolation: 0,interpolation_duration: 1}
$data merge entity $(bone_bone7) {transformation: [-0.8961f,-0.2085f,-0.3919f,-0.3069f,0.0331f,0.849f,-0.5273f,-1.0456f,0.4427f,-0.4855f,-0.7539f,0.4393f,0f,0f,0f,1f],start_interpolation: 0,interpolation_duration: 1}
$data merge entity $(bone_left_down_arm2) {transformation: [-0.8571f,-0.1735f,-0.4851f,-0.4348f,0.0723f,0.8917f,-0.4467f,-0.5719f,0.5101f,-0.418f,-0.7517f,0.1572f,0f,0f,0f,1f],start_interpolation: 0,interpolation_duration: 1}
$data merge entity $(bone_left_upper_arm2) {transformation: [-0.8571f,0.2057f,-0.4724f,-0.2377f,0.0723f,0.9558f,0.285f,-0.1628f,0.5101f,0.2101f,-0.834f,0.1854f,0f,0f,0f,1f],start_interpolation: 0,interpolation_duration: 1}
$data merge entity $(bone_upperbody) {transformation: [-0.9824f,0.0151f,-0.1859f,-0.1801f,-0.0242f,0.9779f,0.2076f,-0.4057f,0.185f,0.2084f,-0.9604f,0.1217f,0f,0f,0f,1f],start_interpolation: 0,interpolation_duration: 1}
$data merge entity $(bone_downbody) {transformation: [-0.9824f,0.0313f,-0.1839f,0f,-0.0242f,0.9561f,0.292f,-0.8975f,0.185f,0.2913f,-0.9386f,0f,0f,0f,0f,1f],start_interpolation: 0,interpolation_duration: 1}