# This file was generated by Animated Java via MC-Build. It is not recommended to edit this file directly.
$data merge entity $(bone_bone4) {transformation: [-0.9999f,-0.0145f,0.0011f,0.168f,-0.0136f,0.9599f,0.28f,-1.5015f,-0.0051f,0.28f,-0.96f,0.1085f,0f,0f,0f,1f],start_interpolation: 0,interpolation_duration: 1}
$data merge entity $(bone_bone) {transformation: [-0.9976f,-0.0687f,0.0115f,0.125f,-0.0697f,0.9824f,-0.1732f,-0.8875f,0.0006f,-0.1736f,-0.9848f,0f,0f,0f,0f,1f],start_interpolation: 0,interpolation_duration: 1}
$data merge entity $(bone_bone5) {transformation: [-0.9976f,0.0691f,0.0097f,-0.1678f,0.0697f,0.9824f,0.1732f,-1.5015f,0.0025f,0.1735f,-0.9848f,0.1085f,0f,0f,0f,1f],start_interpolation: 0,interpolation_duration: 1}
$data merge entity $(bone_bone2) {transformation: [-0.9976f,0.0685f,-0.0127f,-0.125f,0.0697f,0.9824f,-0.1732f,-0.8875f,0.0006f,-0.1736f,-0.9848f,0f,0f,0f,0f,1f],start_interpolation: 0,interpolation_duration: 1}
$data merge entity $(bone_head) {transformation: [-0.9992f,-0.0121f,-0.0381f,0.0046f,-0.0216f,0.965f,0.2613f,-0.0379f,0.0337f,0.2619f,-0.9645f,0.2277f,0f,0f,0f,1f],start_interpolation: 0,interpolation_duration: 1}
$data merge entity $(bone_bone6) {transformation: [-0.9614f,-0.0184f,0.2745f,0.4669f,-0.1328f,0.9049f,-0.4044f,-1.0633f,-0.241f,-0.4253f,-0.8724f,0.3401f,0f,0f,0f,1f],start_interpolation: 0,interpolation_duration: 1}
$data merge entity $(bone_left_down_arm) {transformation: [-0.9614f,-0.0184f,0.2745f,0.4566f,-0.1328f,0.9049f,-0.4044f,-0.5543f,-0.241f,-0.4253f,-0.8724f,0.1009f,0f,0f,0f,1f],start_interpolation: 0,interpolation_duration: 1}
$data merge entity $(bone_left_upper_arm) {transformation: [-0.9614f,-0.1906f,0.1985f,0.253f,-0.1328f,0.9531f,0.2718f,-0.1539f,-0.241f,0.235f,-0.9417f,0.1735f,0f,0f,0f,1f],start_interpolation: 0,interpolation_duration: 1}
$data merge entity $(bone_bone7) {transformation: [-0.9292f,-0.0974f,-0.3564f,-0.4003f,0.0683f,0.9028f,-0.4246f,-1.0551f,0.3631f,-0.4189f,-0.8322f,0.351f,0f,0f,0f,1f],start_interpolation: 0,interpolation_duration: 1}
$data merge entity $(bone_left_down_arm2) {transformation: [-0.894f,-0.066f,-0.4432f,-0.4651f,0.098f,0.9364f,-0.3371f,-0.5495f,0.4372f,-0.3448f,-0.8306f,0.1051f,0f,0f,0f,1f],start_interpolation: 0,interpolation_duration: 1}
$data merge entity $(bone_left_upper_arm2) {transformation: [-0.894f,0.2343f,-0.3819f,-0.2509f,0.098f,0.934f,0.3437f,-0.1531f,0.4372f,0.2698f,-0.8579f,0.1685f,0f,0f,0f,1f],start_interpolation: 0,interpolation_duration: 1}
$data merge entity $(bone_upperbody) {transformation: [-0.9935f,-0.0005f,-0.114f,-0.1886f,-0.0245f,0.9775f,0.2093f,-0.3959f,0.1114f,0.2108f,-0.9712f,0.1089f,0f,0f,0f,1f],start_interpolation: 0,interpolation_duration: 1}
$data merge entity $(bone_downbody) {transformation: [-0.9935f,0.0095f,-0.1137f,0f,-0.0245f,0.9556f,0.2937f,-0.8875f,0.1114f,0.2946f,-0.9491f,0f,0f,0f,0f,1f],start_interpolation: 0,interpolation_duration: 1}