# This file was generated by Animated Java via MC-Build. It is not recommended to edit this file directly.
$data merge entity $(bone_bone4) {transformation: [-0.9999f,-0.0114f,-0.0024f,0.1684f,-0.0115f,0.9375f,0.3479f,-1.4983f,-0.0017f,0.3479f,-0.9375f,0.0583f,0f,0f,0f,1f],start_interpolation: 0,interpolation_duration: 1}
$data merge entity $(bone_bone) {transformation: [-0.9976f,-0.0694f,0.0062f,0.125f,-0.0697f,0.9932f,-0.0931f,-0.8775f,0.0003f,-0.0933f,-0.9956f,0f,0f,0f,0f,1f],start_interpolation: 0,interpolation_duration: 1}
$data merge entity $(bone_bone5) {transformation: [-0.9971f,0.0758f,0.0073f,-0.167f,0.0761f,0.9894f,0.124f,-1.4807f,0.0022f,0.1242f,-0.9923f,0.158f,0f,0f,0f,1f],start_interpolation: 0,interpolation_duration: 1}
$data merge entity $(bone_bone2) {transformation: [-0.9976f,0.0672f,-0.0184f,-0.125f,0.0697f,0.9652f,-0.2521f,-0.8775f,0.0008f,-0.2528f,-0.9675f,0f,0f,0f,0f,1f],start_interpolation: 0,interpolation_duration: 1}
$data merge entity $(bone_head) {transformation: [-0.9998f,-0.0209f,-0.0039f,-0.0124f,-0.0212f,0.9647f,0.2627f,-0.0283f,-0.0017f,0.2627f,-0.9649f,0.229f,0f,0f,0f,1f],start_interpolation: 0,interpolation_duration: 1}
$data merge entity $(bone_bone6) {transformation: [-0.9372f,0.032f,0.3473f,0.4323f,-0.1478f,0.8655f,-0.4786f,-1.032f,-0.3159f,-0.4999f,-0.8064f,0.4316f,0f,0f,0f,1f],start_interpolation: 0,interpolation_duration: 1}
$data merge entity $(bone_left_down_arm) {transformation: [-0.9372f,0.032f,0.3473f,0.4503f,-0.1478f,0.8655f,-0.4786f,-0.5451f,-0.3159f,-0.4999f,-0.8064f,0.1505f,0f,0f,0f,1f],start_interpolation: 0,interpolation_duration: 1}
$data merge entity $(bone_left_upper_arm) {transformation: [-0.9372f,-0.2145f,0.275f,0.2394f,-0.1478f,0.9585f,0.2439f,-0.1443f,-0.3159f,0.1879f,-0.93f,0.1932f,0f,0f,0f,1f],start_interpolation: 0,interpolation_duration: 1}
$data merge entity $(bone_bone7) {transformation: [-0.9537f,0.0042f,-0.3006f,-0.482f,0.104f,0.9428f,-0.3168f,-1.055f,0.2821f,-0.3334f,-0.8996f,0.2486f,0f,0f,0f,1f],start_interpolation: 0,interpolation_duration: 1}
$data merge entity $(bone_left_down_arm2) {transformation: [-0.924f,0.0304f,-0.3811f,-0.4887f,0.124f,0.9668f,-0.2234f,-0.5252f,0.3617f,-0.2537f,-0.8971f,0.0498f,0f,0f,0f,1f],start_interpolation: 0,interpolation_duration: 1}
$data merge entity $(bone_left_upper_arm2) {transformation: [-0.924f,0.2526f,-0.287f,-0.2627f,0.124f,0.9081f,0.4f,-0.1434f,0.3617f,0.334f,-0.8704f,0.1508f,0f,0f,0f,1f],start_interpolation: 0,interpolation_duration: 1}
$data merge entity $(bone_upperbody) {transformation: [-0.999f,-0.0162f,-0.0416f,-0.1962f,-0.0246f,0.9771f,0.2111f,-0.3861f,0.0372f,0.2119f,-0.9766f,0.0954f,0f,0f,0f,1f],start_interpolation: 0,interpolation_duration: 1}
$data merge entity $(bone_downbody) {transformation: [-0.999f,-0.0125f,-0.0428f,0f,-0.0246f,0.955f,0.2955f,-0.8775f,0.0372f,0.2962f,-0.9544f,0f,0f,0f,0f,1f],start_interpolation: 0,interpolation_duration: 1}