# This file was generated by Animated Java via MC-Build. It is not recommended to edit this file directly.
$data merge entity $(bone_bone4) {transformation: [-1f,-0.0079f,-0.0058f,0.1686f,-0.0096f,0.9102f,0.414f,-1.4909f,0.002f,0.4141f,-0.9102f,0.0078f,0f,0f,0f,1f],start_interpolation: 0,interpolation_duration: 1}
$data merge entity $(bone_bone) {transformation: [-0.9976f,-0.0697f,0.0008f,0.125f,-0.0697f,0.9975f,-0.0124f,-0.8675f,0.0001f,-0.0124f,-0.9999f,0f,0f,0f,0f,1f],start_interpolation: 0,interpolation_duration: 1}
$data merge entity $(bone_bone5) {transformation: [-0.9966f,0.0821f,0.0052f,-0.1659f,0.0823f,0.9938f,0.0744f,-1.456f,0.0009f,0.0745f,-0.9972f,0.2064f,0f,0f,0f,1f],start_interpolation: 0,interpolation_duration: 1}
$data merge entity $(bone_bone2) {transformation: [-0.9976f,0.0654f,-0.024f,-0.125f,0.0697f,0.9416f,-0.3294f,-0.8675f,0.0011f,-0.3303f,-0.9439f,0f,0f,0f,0f,1f],start_interpolation: 0,interpolation_duration: 1}
$data merge entity $(bone_head) {transformation: [-0.9991f,-0.0298f,0.0303f,-0.0295f,-0.0207f,0.9642f,0.2643f,-0.0187f,-0.0371f,0.2635f,-0.964f,0.229f,0f,0f,0f,1f],start_interpolation: 0,interpolation_duration: 1}
$data merge entity $(bone_bone6) {transformation: [-0.907f,0.0948f,0.4103f,0.3858f,-0.1626f,0.82f,-0.5488f,-0.9968f,-0.3885f,-0.5645f,-0.7283f,0.5172f,0f,0f,0f,1f],start_interpolation: 0,interpolation_duration: 1}
$data merge entity $(bone_left_down_arm) {transformation: [-0.907f,0.0948f,0.4103f,0.4391f,-0.1626f,0.82f,-0.5488f,-0.5355f,-0.3885f,-0.5645f,-0.7283f,0.1997f,0f,0f,0f,1f],start_interpolation: 0,interpolation_duration: 1}
$data merge entity $(bone_left_upper_arm) {transformation: [-0.907f,-0.2319f,0.3515f,0.2243f,-0.1626f,0.9628f,0.2158f,-0.1346f,-0.3885f,0.1386f,-0.911f,0.2118f,0f,0f,0f,1f],start_interpolation: 0,interpolation_duration: 1}
$data merge entity $(bone_bone7) {transformation: [-0.9696f,0.0922f,-0.2267f,-0.5492f,0.1401f,0.9686f,-0.2056f,-1.0453f,0.2006f,-0.2311f,-0.952f,0.1342f,0f,0f,0f,1f],start_interpolation: 0,interpolation_duration: 1}
$data merge entity $(bone_left_down_arm2) {transformation: [-0.9469f,0.1116f,-0.3014f,-0.5052f,0.1501f,0.9828f,-0.1077f,-0.4992f,0.2842f,-0.1472f,-0.9474f,-0.0078f,0f,0f,0f,1f],start_interpolation: 0,interpolation_duration: 1}
$data merge entity $(bone_left_upper_arm2) {transformation: [-0.9469f,0.2597f,-0.1895f,-0.2733f,0.1501f,0.8784f,0.4537f,-0.1336f,0.2842f,0.4012f,-0.8708f,0.1322f,0f,0f,0f,1f],start_interpolation: 0,interpolation_duration: 1}
$data merge entity $(bone_upperbody) {transformation: [-0.999f,-0.032f,0.0311f,-0.2028f,-0.0246f,0.9768f,0.2129f,-0.3763f,-0.0372f,0.2119f,-0.9766f,0.0815f,0f,0f,0f,1f],start_interpolation: 0,interpolation_duration: 1}
$data merge entity $(bone_downbody) {transformation: [-0.999f,-0.0346f,0.0282f,0f,-0.0246f,0.9545f,0.2972f,-0.8675f,-0.0372f,0.2962f,-0.9544f,0f,0f,0f,0f,1f],start_interpolation: 0,interpolation_duration: 1}