# This file was generated by Animated Java via MC-Build. It is not recommended to edit this file directly.
$data merge entity $(bone_bone4) {transformation: [-0.9997f,-0.0262f,0.0002f,0.1669f,-0.0261f,0.9941f,0.1057f,-1.4878f,-0.0029f,0.1057f,-0.9944f,0.1247f,0f,0f,0f,1f],start_interpolation: 0,interpolation_duration: 1}
$data merge entity $(bone_bone) {transformation: [-0.9976f,-0.067f,0.0192f,0.125f,-0.0697f,0.9619f,-0.2642f,-0.8866f,-0.0008f,-0.2649f,-0.9643f,-0.0409f,0f,0f,0f,1f],start_interpolation: 0,interpolation_duration: 1}
$data merge entity $(bone_bone5) {transformation: [-0.9995f,0.0219f,0.0241f,-0.1675f,0.0292f,0.9285f,0.3703f,-1.4908f,-0.0143f,0.3708f,-0.9286f,-0.1951f,0f,0f,0f,1f],start_interpolation: 0,interpolation_duration: 1}
$data merge entity $(bone_bone2) {transformation: [-0.9976f,0.068f,0.0154f,-0.125f,0.0697f,0.9667f,0.2462f,-0.8866f,0.0019f,0.2467f,-0.9691f,-0.0409f,0f,0f,0f,1f],start_interpolation: 0,interpolation_duration: 1}
$data merge entity $(bone_head) {transformation: [-0.9859f,-0.0035f,-0.1672f,0.0423f,-0.0403f,0.9752f,0.2177f,-0.0272f,0.1623f,0.2214f,-0.9616f,0.1417f,0f,0f,0f,1f],start_interpolation: 0,interpolation_duration: 1}
$data merge entity $(bone_bone6) {transformation: [-0.9399f,-0.2528f,-0.2297f,0.6097f,-0.3172f,0.8955f,0.3123f,-0.9456f,0.1268f,0.3664f,-0.9218f,-0.4564f,0f,0f,0f,1f],start_interpolation: 0,interpolation_duration: 1}
$data merge entity $(bone_left_down_arm) {transformation: [-0.9399f,-0.2528f,-0.2297f,0.4675f,-0.3172f,0.8955f,0.3123f,-0.4419f,0.1268f,0.3664f,-0.9218f,-0.2503f,0f,0f,0f,1f],start_interpolation: 0,interpolation_duration: 1}
$data merge entity $(bone_left_upper_arm) {transformation: [-0.9399f,-0.1797f,-0.2905f,0.2714f,-0.3172f,0.7747f,0.5471f,-0.1427f,0.1268f,0.6063f,-0.7851f,0.0308f,0f,0f,0f,1f],start_interpolation: 0,interpolation_duration: 1}
$data merge entity $(bone_bone7) {transformation: [-0.7836f,-0.4503f,-0.428f,-0.1201f,0.1307f,0.5541f,-0.8221f,-0.8556f,0.6073f,-0.7002f,-0.3753f,0.6778f,0f,0f,0f,1f],start_interpolation: 0,interpolation_duration: 1}
$data merge entity $(bone_left_down_arm2) {transformation: [-0.74f,-0.4112f,-0.5322f,-0.3847f,0.1974f,0.6236f,-0.7564f,-0.5521f,0.6429f,-0.6648f,-0.3803f,0.2801f,0f,0f,0f,1f],start_interpolation: 0,interpolation_duration: 1}
$data merge entity $(bone_left_upper_arm2) {transformation: [-0.74f,0.1719f,-0.6502f,-0.217f,0.1974f,0.9797f,0.0343f,-0.1481f,0.6429f,-0.103f,-0.759f,0.1547f,0f,0f,0f,1f],start_interpolation: 0,interpolation_duration: 1}
$data merge entity $(bone_upperbody) {transformation: [-0.9315f,0.0301f,-0.3626f,-0.1663f,-0.0312f,0.9863f,0.1618f,-0.3928f,0.3625f,0.162f,-0.9178f,0.0915f,0f,0f,0f,1f],start_interpolation: 0,interpolation_duration: 1}
$data merge entity $(bone_downbody) {transformation: [-0.9315f,0.0616f,-0.3586f,0f,-0.0312f,0.9685f,0.2472f,-0.8866f,0.3625f,0.2414f,-0.9002f,-0.0409f,0f,0f,0f,1f],start_interpolation: 0,interpolation_duration: 1}