# This file was generated by Animated Java via MC-Build. It is not recommended to edit this file directly.
$data merge entity $(bone_bone4) {transformation: [-1f,-0.0042f,-0.0091f,0.1685f,-0.008f,0.8783f,0.478f,-1.4795f,0.006f,0.4781f,-0.8783f,-0.0428f,0f,0f,0f,1f],start_interpolation: 0,interpolation_duration: 1}
$data merge entity $(bone_bone) {transformation: [-0.9976f,-0.0696f,-0.0046f,0.125f,-0.0697f,0.9952f,0.0684f,-0.8575f,-0.0002f,0.0685f,-0.9976f,0f,0f,0f,0f,1f],start_interpolation: 0,interpolation_duration: 1}
$data merge entity $(bone_bone5) {transformation: [-0.9961f,0.0882f,0.0035f,-0.1645f,0.0883f,0.9958f,0.0245f,-1.4274f,-0.0014f,0.0248f,-0.9997f,0.2535f,0f,0f,0f,1f],start_interpolation: 0,interpolation_duration: 1}
$data merge entity $(bone_bone2) {transformation: [-0.9976f,0.0632f,-0.0294f,-0.125f,0.0697f,0.9119f,-0.4045f,-0.8575f,0.0013f,-0.4056f,-0.9141f,0f,0f,0f,0f,1f],start_interpolation: 0,interpolation_duration: 1}
$data merge entity $(bone_head) {transformation: [-0.9972f,-0.0387f,0.0644f,-0.0464f,-0.0202f,0.9637f,0.2664f,-0.0091f,-0.0724f,0.2643f,-0.9617f,0.2277f,0f,0f,0f,1f],start_interpolation: 0,interpolation_duration: 1}
$data merge entity $(bone_bone6) {transformation: [-0.8709f,0.1685f,0.4616f,0.3282f,-0.1771f,0.7687f,-0.6146f,-0.958f,-0.4584f,-0.6171f,-0.6396f,0.5952f,0f,0f,0f,1f],start_interpolation: 0,interpolation_duration: 1}
$data merge entity $(bone_left_down_arm) {transformation: [-0.8709f,0.1685f,0.4616f,0.4229f,-0.1771f,0.7687f,-0.6146f,-0.5256f,-0.4584f,-0.6171f,-0.6396f,0.2481f,0f,0f,0f,1f],start_interpolation: 0,interpolation_duration: 1}
$data merge entity $(bone_left_upper_arm) {transformation: [-0.8709f,-0.2427f,0.4273f,0.2079f,-0.1771f,0.9661f,0.1877f,-0.125f,-0.4584f,0.0878f,-0.8844f,0.2292f,0f,0f,0f,1f],start_interpolation: 0,interpolation_duration: 1}
$data merge entity $(bone_bone7) {transformation: [-0.977f,0.1629f,-0.1374f,-0.5994f,0.1765f,0.9799f,-0.0929f,-1.0257f,0.1195f,-0.115f,-0.9861f,0.0103f,0f,0f,0f,1f],start_interpolation: 0,interpolation_duration: 1}
$data merge entity $(bone_left_down_arm2) {transformation: [-0.9626f,0.1743f,-0.2074f,-0.5144f,0.1764f,0.9843f,0.0082f,-0.4716f,0.2056f,-0.0287f,-0.9782f,-0.0669f,0f,0f,0f,1f],start_interpolation: 0,interpolation_duration: 1}
$data merge entity $(bone_left_upper_arm2) {transformation: [-0.9626f,0.2552f,-0.0909f,-0.2824f,0.1764f,0.8452f,0.5046f,-0.1239f,0.2056f,0.4697f,-0.8586f,0.1128f,0f,0f,0f,1f],start_interpolation: 0,interpolation_duration: 1}
$data merge entity $(bone_upperbody) {transformation: [-0.9935f,-0.0477f,0.1036f,-0.2084f,-0.0245f,0.9764f,0.2147f,-0.3664f,-0.1114f,0.2108f,-0.9712f,0.0671f,0f,0f,0f,1f],start_interpolation: 0,interpolation_duration: 1}
$data merge entity $(bone_downbody) {transformation: [-0.9935f,-0.0566f,0.099f,0f,-0.0245f,0.9539f,0.299f,-0.8575f,-0.1114f,0.2946f,-0.9491f,0f,0f,0f,0f,1f],start_interpolation: 0,interpolation_duration: 1}