# This file was generated by Animated Java via MC-Build. It is not recommended to edit this file directly.
$data merge entity $(bone_bone4) {transformation: [-0.9999f,-0.0001f,-0.0122f,0.1681f,-0.0067f,0.8419f,0.5396f,-1.464f,0.0102f,0.5396f,-0.8418f,-0.0932f,0f,0f,0f,1f],start_interpolation: 0,interpolation_duration: 1}
$data merge entity $(bone_bone) {transformation: [-0.9976f,-0.069f,-0.01f,0.125f,-0.0697f,0.9864f,0.1487f,-0.8475f,-0.0004f,0.1491f,-0.9888f,0f,0f,0f,0f,1f],start_interpolation: 0,interpolation_duration: 1}
$data merge entity $(bone_bone5) {transformation: [-0.9956f,0.094f,0.0022f,-0.1628f,0.0939f,0.9953f,-0.0254f,-1.3951f,-0.0046f,-0.025f,-0.9997f,0.2989f,0f,0f,0f,1f],start_interpolation: 0,interpolation_duration: 1}
$data merge entity $(bone_bone2) {transformation: [-0.9976f,0.0605f,-0.0347f,-0.125f,0.0697f,0.8762f,-0.477f,-0.8475f,0.0015f,-0.4782f,-0.8782f,0f,0f,0f,0f,1f],start_interpolation: 0,interpolation_duration: 1}
$data merge entity $(bone_head) {transformation: [-0.994f,-0.0478f,0.0984f,-0.0633f,-0.0197f,0.963f,0.2687f,0.0005f,-0.1076f,0.2652f,-0.9582f,0.2252f,0f,0f,0f,1f],start_interpolation: 0,interpolation_duration: 1}
$data merge entity $(bone_bone6) {transformation: [-0.8293f,0.2508f,0.4994f,0.2607f,-0.1915f,0.712f,-0.6756f,-0.9157f,-0.525f,-0.6559f,-0.5424f,0.664f,0f,0f,0f,1f],start_interpolation: 0,interpolation_duration: 1}
$data merge entity $(bone_left_down_arm) {transformation: [-0.8293f,0.2508f,0.4994f,0.4018f,-0.1915f,0.712f,-0.6756f,-0.5152f,-0.525f,-0.6559f,-0.5424f,0.2951f,0f,0f,0f,1f],start_interpolation: 0,interpolation_duration: 1}
$data merge entity $(bone_left_upper_arm) {transformation: [-0.8293f,-0.2466f,0.5015f,0.1902f,-0.1915f,0.9684f,0.1596f,-0.1155f,-0.525f,0.0363f,-0.8503f,0.2454f,0f,0f,0f,1f],start_interpolation: 0,interpolation_duration: 1}
$data merge entity $(bone_bone7) {transformation: [-0.9763f,0.2134f,-0.0366f,-0.6309f,0.2128f,0.9769f,0.0193f,-0.9966f,0.0399f,0.0111f,-0.9991f,-0.12f,0f,0f,0f,1f],start_interpolation: 0,interpolation_duration: 1}
$data merge entity $(bone_left_down_arm2) {transformation: [-0.971f,0.2158f,-0.1029f,-0.5159f,0.2029f,0.9715f,0.1225f,-0.4425f,0.1264f,0.0981f,-0.9871f,-0.1265f,0f,0f,0f,1f],start_interpolation: 0,interpolation_duration: 1}
$data merge entity $(bone_left_upper_arm2) {transformation: [-0.971f,0.2389f,0.0069f,-0.29f,0.2029f,0.8086f,0.5522f,-0.1141f,0.1264f,0.5376f,-0.8337f,0.0929f,0f,0f,0f,1f],start_interpolation: 0,interpolation_duration: 1}
$data merge entity $(bone_upperbody) {transformation: [-0.9824f,-0.0633f,0.1755f,-0.2128f,-0.0242f,0.976f,0.2165f,-0.3565f,-0.185f,0.2084f,-0.9604f,0.0523f,0f,0f,0f,1f],start_interpolation: 0,interpolation_duration: 1}
$data merge entity $(bone_downbody) {transformation: [-0.9824f,-0.0784f,0.1693f,0f,-0.0242f,0.9534f,0.3007f,-0.8475f,-0.185f,0.2913f,-0.9386f,0f,0f,0f,0f,1f],start_interpolation: 0,interpolation_duration: 1}