# This file was generated by Animated Java via MC-Build. It is not recommended to edit this file directly.
$data merge entity $(bone_bone4) {transformation: [-0.9999f,0.0043f,-0.0152f,0.1675f,-0.0057f,0.8012f,0.5984f,-1.4445f,0.0148f,0.5984f,-0.8011f,-0.1429f,0f,0f,0f,1f],start_interpolation: 0,interpolation_duration: 1}
$data merge entity $(bone_bone) {transformation: [-0.9976f,-0.068f,-0.0153f,0.125f,-0.0697f,0.9711f,0.2281f,-0.8375f,-0.0007f,0.2286f,-0.9735f,0f,0f,0f,0f,1f],start_interpolation: 0,interpolation_duration: 1}
$data merge entity $(bone_bone5) {transformation: [-0.995f,0.0994f,0.0013f,-0.1608f,0.099f,0.9922f,-0.0752f,-1.3592f,-0.0088f,-0.0747f,-0.9972f,0.3423f,0f,0f,0f,1f],start_interpolation: 0,interpolation_duration: 1}
$data merge entity $(bone_bone2) {transformation: [-0.9976f,0.0573f,-0.0397f,-0.125f,0.0697f,0.8347f,-0.5463f,-0.8375f,0.0018f,-0.5477f,-0.8366f,0f,0f,0f,0f,1f],start_interpolation: 0,interpolation_duration: 1}
$data merge entity $(bone_head) {transformation: [-0.9896f,-0.057f,0.1322f,-0.0799f,-0.0192f,0.9623f,0.2714f,0.0101f,-0.1427f,0.266f,-0.9533f,0.2214f,0f,0f,0f,1f],start_interpolation: 0,interpolation_duration: 1}
$data merge entity $(bone_bone6) {transformation: [-0.7823f,0.3396f,0.5221f,0.1848f,-0.2056f,0.6504f,-0.7312f,-0.8704f,-0.588f,-0.6794f,-0.439f,0.7224f,0f,0f,0f,1f],start_interpolation: 0,interpolation_duration: 1}
$data merge entity $(bone_left_down_arm) {transformation: [-0.7823f,0.3396f,0.5221f,0.3758f,-0.2056f,0.6504f,-0.7312f,-0.5045f,-0.588f,-0.6794f,-0.439f,0.3402f,0f,0f,0f,1f],start_interpolation: 0,interpolation_duration: 1}
$data merge entity $(bone_left_upper_arm) {transformation: [-0.7823f,-0.2437f,0.5732f,0.1714f,-0.2056f,0.9697f,0.1316f,-0.1059f,-0.588f,-0.015f,-0.8088f,0.2602f,0f,0f,0f,1f],start_interpolation: 0,interpolation_duration: 1}
$data merge entity $(bone_bone7) {transformation: [-0.9678f,0.2414f,0.0717f,-0.6422f,0.249f,0.9598f,0.1293f,-0.9581f,-0.0376f,0.1429f,-0.989f,-0.2534f,0f,0f,0f,1f],start_interpolation: 0,interpolation_duration: 1}
$data merge entity $(bone_left_down_arm2) {transformation: [-0.9722f,0.2342f,0.0077f,-0.51f,0.2295f,0.9449f,0.2333f,-0.412f,0.0473f,0.2286f,-0.9724f,-0.1856f,0f,0f,0f,1f],start_interpolation: 0,interpolation_duration: 1}
$data merge entity $(bone_left_upper_arm2) {transformation: [-0.9722f,0.211f,0.1021f,-0.2962f,0.2295f,0.7691f,0.5965f,-0.1042f,0.0473f,0.6033f,-0.7961f,0.0724f,0f,0f,0f,1f],start_interpolation: 0,interpolation_duration: 1}
$data merge entity $(bone_upperbody) {transformation: [-0.966f,-0.0787f,0.2463f,-0.2161f,-0.0238f,0.9756f,0.2182f,-0.3466f,-0.2575f,0.2049f,-0.9443f,0.0373f,0f,0f,0f,1f],start_interpolation: 0,interpolation_duration: 1}
$data merge entity $(bone_downbody) {transformation: [-0.966f,-0.0999f,0.2385f,0f,-0.0238f,0.9529f,0.3024f,-0.8375f,-0.2575f,0.2865f,-0.9228f,0f,0f,0f,0f,1f],start_interpolation: 0,interpolation_duration: 1}