# This file was generated by Animated Java via MC-Build. It is not recommended to edit this file directly.
$data merge entity $(bone_bone4) {transformation: [-0.9998f,0.0089f,-0.0181f,0.1667f,-0.0051f,0.7564f,0.6541f,-1.4509f,0.0195f,0.6541f,-0.7562f,-0.1917f,0f,0f,0f,1f],start_interpolation: 0,interpolation_duration: 1}
$data merge entity $(bone_bone) {transformation: [-0.9976f,-0.0666f,-0.0205f,0.125f,-0.0697f,0.9495f,0.306f,-0.8575f,-0.0009f,0.3067f,-0.9518f,0f,0f,0f,0f,1f],start_interpolation: 0,interpolation_duration: 1}
$data merge entity $(bone_bone5) {transformation: [-0.9945f,0.1044f,0.0007f,-0.1586f,0.1035f,0.9867f,-0.125f,-1.3498f,-0.0138f,-0.1242f,-0.9922f,0.3835f,0f,0f,0f,1f],start_interpolation: 0,interpolation_duration: 1}
$data merge entity $(bone_bone2) {transformation: [-0.9976f,0.0538f,-0.0444f,-0.125f,0.0697f,0.7877f,-0.6121f,-0.8575f,0.002f,-0.6137f,-0.7896f,0f,0f,0f,0f,1f],start_interpolation: 0,interpolation_duration: 1}
$data merge entity $(bone_head) {transformation: [-0.9839f,-0.0665f,0.1658f,-0.0962f,-0.0188f,0.9614f,0.2744f,-0.0103f,-0.1776f,0.2669f,-0.9472f,0.2164f,0f,0f,0f,1f],start_interpolation: 0,interpolation_duration: 1}
$data merge entity $(bone_bone6) {transformation: [-0.7304f,0.4323f,0.5288f,0.102f,-0.2196f,0.5845f,-0.7811f,-0.8522f,-0.6467f,-0.6866f,-0.332f,0.7692f,0f,0f,0f,1f],start_interpolation: 0,interpolation_duration: 1}
$data merge entity $(bone_left_down_arm) {transformation: [-0.7304f,0.4323f,0.5288f,0.3452f,-0.2196f,0.5845f,-0.7811f,-0.5234f,-0.6467f,-0.6866f,-0.332f,0.3829f,0f,0f,0f,1f],start_interpolation: 0,interpolation_duration: 1}
$data merge entity $(bone_left_upper_arm) {transformation: [-0.7304f,-0.2339f,0.6417f,0.1515f,-0.2196f,0.9701f,0.1036f,-0.1264f,-0.6467f,-0.0653f,-0.7599f,0.2735f,0f,0f,0f,1f],start_interpolation: 0,interpolation_duration: 1}
$data merge entity $(bone_bone7) {transformation: [-0.952f,0.2455f,0.1827f,-0.6327f,0.2848f,0.9293f,0.2352f,-0.9407f,-0.112f,0.2759f,-0.9546f,-0.3863f,0f,0f,0f,1f],start_interpolation: 0,interpolation_duration: 1}
$data merge entity $(bone_left_down_arm2) {transformation: [-0.9661f,0.2287f,0.1196f,-0.4966f,0.2562f,0.9053f,0.3389f,-0.4103f,-0.0308f,0.3581f,-0.9332f,-0.2432f,0f,0f,0f,1f],start_interpolation: 0,interpolation_duration: 1}
$data merge entity $(bone_left_upper_arm2) {transformation: [-0.9661f,0.1716f,0.1928f,-0.3008f,0.2562f,0.7269f,0.6372f,-0.1243f,-0.0308f,0.665f,-0.7462f,0.0515f,0f,0f,0f,1f],start_interpolation: 0,interpolation_duration: 1}
$data merge entity $(bone_upperbody) {transformation: [-0.9442f,-0.0938f,0.3158f,-0.2183f,-0.0233f,0.9752f,0.2199f,-0.3667f,-0.3286f,0.2003f,-0.923f,0.022f,0f,0f,0f,1f],start_interpolation: 0,interpolation_duration: 1}
$data merge entity $(bone_downbody) {transformation: [-0.9442f,-0.1209f,0.3065f,0f,-0.0233f,0.9524f,0.3041f,-0.8575f,-0.3286f,0.28f,-0.902f,0f,0f,0f,0f,1f],start_interpolation: 0,interpolation_duration: 1}