# This file was generated by Animated Java via MC-Build. It is not recommended to edit this file directly.
$data merge entity $(bone_bone4) {transformation: [-0.9997f,0.0139f,-0.0208f,0.1655f,-0.0049f,0.7077f,0.7065f,-1.4535f,0.0245f,0.7064f,-0.7074f,-0.2392f,0f,0f,0f,1f],start_interpolation: 0,interpolation_duration: 1}
$data merge entity $(bone_bone) {transformation: [-0.9976f,-0.0649f,-0.0256f,0.125f,-0.0697f,0.9216f,0.3818f,-0.8775f,-0.0011f,0.3827f,-0.9239f,0f,0f,0f,0f,1f],start_interpolation: 0,interpolation_duration: 1}
$data merge entity $(bone_bone5) {transformation: [-0.994f,0.1091f,0.0006f,-0.1561f,0.1073f,0.9788f,-0.1744f,-1.3373f,-0.0196f,-0.1733f,-0.9847f,0.4222f,0f,0f,0f,1f],start_interpolation: 0,interpolation_duration: 1}
$data merge entity $(bone_bone2) {transformation: [-0.9976f,0.0498f,-0.0487f,-0.125f,0.0697f,0.7356f,-0.6738f,-0.8775f,0.0023f,-0.6756f,-0.7373f,0f,0f,0f,0f,1f],start_interpolation: 0,interpolation_duration: 1}
$data merge entity $(bone_head) {transformation: [-0.977f,-0.0763f,0.199f,-0.1121f,-0.0184f,0.9605f,0.2777f,-0.0307f,-0.2123f,0.2677f,-0.9398f,0.2102f,0f,0f,0f,1f],start_interpolation: 0,interpolation_duration: 1}
$data merge entity $(bone_bone6) {transformation: [-0.6739f,0.526f,0.5188f,0.0142f,-0.2334f,0.5148f,-0.825f,-0.8315f,-0.701f,-0.677f,-0.2242f,0.8036f,0f,0f,0f,1f],start_interpolation: 0,interpolation_duration: 1}
$data merge entity $(bone_left_down_arm) {transformation: [-0.6739f,0.526f,0.5188f,0.3101f,-0.2334f,0.5148f,-0.825f,-0.5419f,-0.701f,-0.677f,-0.2242f,0.4228f,0f,0f,0f,1f],start_interpolation: 0,interpolation_duration: 1}
$data merge entity $(bone_left_upper_arm) {transformation: [-0.6739f,-0.2173f,0.7061f,0.1308f,-0.2334f,0.9694f,0.0757f,-0.1469f,-0.701f,-0.1138f,-0.704f,0.2854f,0f,0f,0f,1f],start_interpolation: 0,interpolation_duration: 1}
$data merge entity $(bone_bone7) {transformation: [-0.9296f,0.2254f,0.2916f,-0.6023f,0.32f,0.886f,0.3354f,-0.915f,-0.1828f,0.4051f,-0.8958f,-0.515f,0f,0f,0f,1f],start_interpolation: 0,interpolation_duration: 1}
$data merge entity $(bone_left_down_arm2) {transformation: [-0.9531f,0.1991f,0.2279f,-0.4761f,0.283f,0.8534f,0.4377f,-0.4075f,-0.1074f,0.4817f,-0.8697f,-0.2984f,0f,0f,0f,1f],start_interpolation: 0,interpolation_duration: 1}
$data merge entity $(bone_left_upper_arm2) {transformation: [-0.9531f,0.1213f,0.2773f,-0.3038f,0.283f,0.6823f,0.6741f,-0.1444f,-0.1074f,0.7209f,-0.6847f,0.0304f,0f,0f,0f,1f],start_interpolation: 0,interpolation_duration: 1}
$data merge entity $(bone_upperbody) {transformation: [-0.9171f,-0.1085f,0.3835f,-0.2194f,-0.0226f,0.9749f,0.2216f,-0.3867f,-0.3979f,0.1946f,-0.8965f,0.0066f,0f,0f,0f,1f],start_interpolation: 0,interpolation_duration: 1}
$data merge entity $(bone_downbody) {transformation: [-0.9171f,-0.1415f,0.3726f,0f,-0.0226f,0.9518f,0.3057f,-0.8775f,-0.3979f,0.272f,-0.8762f,0f,0f,0f,0f,1f],start_interpolation: 0,interpolation_duration: 1}