# This file was generated by Animated Java via MC-Build. It is not recommended to edit this file directly.
$data merge entity $(bone_bone4) {transformation: [-0.9997f,0.0139f,-0.0208f,0.1655f,-0.0049f,0.7077f,0.7065f,-1.4735f,0.0245f,0.7064f,-0.7074f,-0.2392f,0f,0f,0f,1f],start_interpolation: 0,interpolation_duration: 1}
$data merge entity $(bone_bone) {transformation: [-0.9976f,-0.0649f,-0.0256f,0.125f,-0.0697f,0.9216f,0.3818f,-0.8975f,-0.0011f,0.3827f,-0.9239f,0f,0f,0f,0f,1f],start_interpolation: 0,interpolation_duration: 1}
$data merge entity $(bone_bone5) {transformation: [-0.994f,0.1091f,0.0006f,-0.1561f,0.1073f,0.9788f,-0.1744f,-1.3573f,-0.0196f,-0.1733f,-0.9847f,0.4222f,0f,0f,0f,1f],start_interpolation: 0,interpolation_duration: 1}
$data merge entity $(bone_bone2) {transformation: [-0.9976f,0.0498f,-0.0487f,-0.125f,0.0697f,0.7356f,-0.6738f,-0.8975f,0.0023f,-0.6756f,-0.7373f,0f,0f,0f,0f,1f],start_interpolation: 0,interpolation_duration: 1}
$data merge entity $(bone_head) {transformation: [-0.9689f,-0.0863f,0.2319f,-0.1275f,-0.0182f,0.9594f,0.2814f,-0.0511f,-0.2468f,0.2684f,-0.9312f,0.2029f,0f,0f,0f,1f],start_interpolation: 0,interpolation_duration: 1}
$data merge entity $(bone_bone6) {transformation: [-0.6199f,0.5748f,0.5341f,-0.0456f,-0.232f,0.516f,-0.8246f,-0.8529f,-0.7496f,-0.6351f,-0.1865f,0.8025f,0f,0f,0f,1f],start_interpolation: 0,interpolation_duration: 1}
$data merge entity $(bone_left_down_arm) {transformation: [-0.6199f,0.5748f,0.5341f,0.2778f,-0.232f,0.516f,-0.8246f,-0.5627f,-0.7496f,-0.6351f,-0.1865f,0.4453f,0f,0f,0f,1f],start_interpolation: 0,interpolation_duration: 1}
$data merge entity $(bone_left_upper_arm) {transformation: [-0.6199f,-0.2084f,0.7565f,0.1091f,-0.232f,0.9697f,0.0769f,-0.1675f,-0.7496f,-0.1278f,-0.6495f,0.2957f,0f,0f,0f,1f],start_interpolation: 0,interpolation_duration: 1}
$data merge entity $(bone_bone7) {transformation: [-0.9135f,0.1946f,0.3574f,-0.5624f,0.3204f,0.8853f,0.337f,-0.934f,-0.2508f,0.4224f,-0.871f,-0.5584f,0f,0f,0f,1f],start_interpolation: 0,interpolation_duration: 1}
$data merge entity $(bone_left_down_arm2) {transformation: [-0.9425f,0.1627f,0.2919f,-0.4526f,0.2832f,0.8525f,0.4393f,-0.427f,-0.1774f,0.4967f,-0.8496f,-0.3321f,0f,0f,0f,1f],start_interpolation: 0,interpolation_duration: 1}
$data merge entity $(bone_left_upper_arm2) {transformation: [-0.9425f,0.0674f,0.3273f,-0.3053f,0.2832f,0.681f,0.6753f,-0.1644f,-0.1774f,0.7292f,-0.6609f,0.0091f,0f,0f,0f,1f],start_interpolation: 0,interpolation_duration: 1}
$data merge entity $(bone_upperbody) {transformation: [-0.885f,-0.1227f,0.4491f,-0.2193f,-0.0218f,0.9745f,0.2232f,-0.4067f,-0.465f,0.1878f,-0.8652f,-0.0088f,0f,0f,0f,1f],start_interpolation: 0,interpolation_duration: 1}
$data merge entity $(bone_downbody) {transformation: [-0.885f,-0.1614f,0.4367f,0f,-0.0218f,0.9514f,0.3073f,-0.8975f,-0.465f,0.2624f,-0.8455f,0f,0f,0f,0f,1f],start_interpolation: 0,interpolation_duration: 1}