# This file was generated by Animated Java via MC-Build. It is not recommended to edit this file directly.
$data merge entity $(bone_bone4) {transformation: [-0.9998f,0.0086f,-0.0179f,0.1667f,-0.0051f,0.76f,0.6499f,-1.5121f,0.0192f,0.6499f,-0.7598f,-0.188f,0f,0f,0f,1f],start_interpolation: 0,interpolation_duration: 1}
$data merge entity $(bone_bone) {transformation: [-0.9976f,-0.0668f,-0.0201f,0.125f,-0.0697f,0.9514f,0.3f,-0.9175f,-0.0009f,0.3007f,-0.9537f,0f,0f,0f,0f,1f],start_interpolation: 0,interpolation_duration: 1}
$data merge entity $(bone_bone5) {transformation: [-0.9946f,0.104f,0.0008f,-0.1588f,0.1032f,0.9873f,-0.1212f,-1.4122f,-0.0134f,-0.1204f,-0.9926f,0.3805f,0f,0f,0f,1f],start_interpolation: 0,interpolation_duration: 1}
$data merge entity $(bone_bone2) {transformation: [-0.9976f,0.054f,-0.044f,-0.125f,0.0697f,0.7915f,-0.6071f,-0.9175f,0.002f,-0.6087f,-0.7934f,0f,0f,0f,0f,1f],start_interpolation: 0,interpolation_duration: 1}
$data merge entity $(bone_head) {transformation: [-0.9595f,-0.0968f,0.2644f,-0.1422f,-0.018f,0.9583f,0.2853f,-0.0715f,-0.281f,0.269f,-0.9213f,0.1944f,0f,0f,0f,1f],start_interpolation: 0,interpolation_duration: 1}
$data merge entity $(bone_bone6) {transformation: [-0.5712f,0.5654f,0.5951f,-0.0638f,-0.2106f,0.5997f,-0.772f,-0.9237f,-0.7934f,-0.5662f,-0.2235f,0.7656f,0f,0f,0f,1f],start_interpolation: 0,interpolation_duration: 1}
$data merge entity $(bone_left_down_arm) {transformation: [-0.5712f,0.5654f,0.5951f,0.2542f,-0.2106f,0.5997f,-0.772f,-0.5863f,-0.7934f,-0.5662f,-0.2235f,0.4471f,0f,0f,0f,1f],start_interpolation: 0,interpolation_duration: 1}
$data merge entity $(bone_left_upper_arm) {transformation: [-0.5712f,-0.2194f,0.791f,0.0868f,-0.2106f,0.9705f,0.1171f,-0.188f,-0.7934f,-0.0997f,-0.6005f,0.3043f,0f,0f,0f,1f],start_interpolation: 0,interpolation_duration: 1}
$data merge entity $(bone_bone7) {transformation: [-0.9073f,0.1774f,0.3813f,-0.5322f,0.2753f,0.9359f,0.2196f,-1.0098f,-0.3179f,0.3042f,-0.898f,-0.4966f,0f,0f,0f,1f],start_interpolation: 0,interpolation_duration: 1}
$data merge entity $(bone_left_down_arm2) {transformation: [-0.9383f,0.1435f,0.3147f,-0.4318f,0.2481f,0.9132f,0.3232f,-0.4759f,-0.241f,0.3813f,-0.8925f,-0.3379f,0f,0f,0f,1f],start_interpolation: 0,interpolation_duration: 1}
$data merge entity $(bone_left_upper_arm2) {transformation: [-0.9383f,0.0214f,0.3452f,-0.3052f,0.2481f,0.7372f,0.6285f,-0.1844f,-0.241f,0.6754f,-0.697f,-0.0123f,0f,0f,0f,1f],start_interpolation: 0,interpolation_duration: 1}
$data merge entity $(bone_upperbody) {transformation: [-0.848f,-0.1364f,0.5121f,-0.2181f,-0.0209f,0.9742f,0.2248f,-0.4267f,-0.5296f,0.1799f,-0.829f,-0.0242f,0f,0f,0f,1f],start_interpolation: 0,interpolation_duration: 1}
$data merge entity $(bone_downbody) {transformation: [-0.848f,-0.1805f,0.4983f,0f,-0.0209f,0.9509f,0.3088f,-0.9175f,-0.5296f,0.2515f,-0.8101f,0f,0f,0f,0f,1f],start_interpolation: 0,interpolation_duration: 1}