# This file was generated by Animated Java via MC-Build. It is not recommended to edit this file directly.
$data merge entity $(bone_bone4) {transformation: [-0.9999f,0.0036f,-0.0148f,0.1676f,-0.0058f,0.8077f,0.5895f,-1.5462f,0.0141f,0.5896f,-0.8076f,-0.1353f,0f,0f,0f,1f],start_interpolation: 0,interpolation_duration: 1}
$data merge entity $(bone_bone) {transformation: [-0.9976f,-0.0682f,-0.0145f,0.125f,-0.0697f,0.9739f,0.216f,-0.9375f,-0.0006f,0.2165f,-0.9763f,0f,0f,0f,0f,1f],start_interpolation: 0,interpolation_duration: 1}
$data merge entity $(bone_bone5) {transformation: [-0.9951f,0.0986f,0.0014f,-0.1611f,0.0982f,0.9929f,-0.0676f,-1.4634f,-0.0081f,-0.0671f,-0.9977f,0.3358f,0f,0f,0f,1f],start_interpolation: 0,interpolation_duration: 1}
$data merge entity $(bone_bone2) {transformation: [-0.9976f,0.0578f,-0.0389f,-0.125f,0.0697f,0.8414f,-0.5359f,-0.9375f,0.0018f,-0.5373f,-0.8434f,0f,0f,0f,0f,1f],start_interpolation: 0,interpolation_duration: 1}
$data merge entity $(bone_head) {transformation: [-0.9695f,-0.0856f,0.2296f,-0.1264f,-0.0182f,0.9595f,0.2811f,-0.0911f,-0.2444f,0.2684f,-0.9318f,0.2034f,0f,0f,0f,1f],start_interpolation: 0,interpolation_duration: 1}
$data merge entity $(bone_bone6) {transformation: [-0.6407f,0.463f,0.6126f,0.0369f,-0.192f,0.6759f,-0.7116f,-0.9876f,-0.7434f,-0.5735f,-0.3441f,0.7281f,0f,0f,0f,1f],start_interpolation: 0,interpolation_duration: 1}
$data merge entity $(bone_left_down_arm) {transformation: [-0.6407f,0.463f,0.6126f,0.2973f,-0.192f,0.6759f,-0.7116f,-0.6074f,-0.7434f,-0.5735f,-0.3441f,0.4055f,0f,0f,0f,1f],start_interpolation: 0,interpolation_duration: 1}
$data merge entity $(bone_left_upper_arm) {transformation: [-0.6407f,-0.2436f,0.7282f,0.1107f,-0.192f,0.969f,0.1553f,-0.2074f,-0.7434f,-0.0403f,-0.6676f,0.295f,0f,0f,0f,1f],start_interpolation: 0,interpolation_duration: 1}
$data merge entity $(bone_bone7) {transformation: [-0.943f,0.1968f,0.2682f,-0.5679f,0.2281f,0.9694f,0.0907f,-1.0753f,-0.2422f,0.1467f,-0.9591f,-0.3437f,0f,0f,0f,1f],start_interpolation: 0,interpolation_duration: 1}
$data merge entity $(bone_left_down_arm2) {transformation: [-0.9642f,0.1726f,0.2011f,-0.4582f,0.212f,0.9578f,0.194f,-0.5244f,-0.1591f,0.2297f,-0.9602f,-0.2745f,0f,0f,0f,1f],start_interpolation: 0,interpolation_duration: 1}
$data merge entity $(bone_left_upper_arm2) {transformation: [-0.9642f,0.0741f,0.2545f,-0.3053f,0.212f,0.7919f,0.5727f,-0.2044f,-0.1591f,0.6062f,-0.7793f,0.0106f,0f,0f,0f,1f],start_interpolation: 0,interpolation_duration: 1}
$data merge entity $(bone_upperbody) {transformation: [-0.8875f,-0.1217f,0.4445f,-0.2194f,-0.0219f,0.9745f,0.2231f,-0.4467f,-0.4603f,0.1883f,-0.8676f,-0.0077f,0f,0f,0f,1f],start_interpolation: 0,interpolation_duration: 1}
$data merge entity $(bone_downbody) {transformation: [-0.8875f,-0.16f,0.4322f,0f,-0.0219f,0.9514f,0.3072f,-0.9375f,-0.4603f,0.2632f,-0.8478f,0f,0f,0f,0f,1f],start_interpolation: 0,interpolation_duration: 1}