# This file was generated by Animated Java via MC-Build. It is not recommended to edit this file directly.
$data merge entity $(bone_bone4) {transformation: [-0.9999f,-0.0011f,-0.0115f,0.1682f,-0.007f,0.8507f,0.5256f,-1.5456f,0.0092f,0.5257f,-0.8506f,-0.0816f,0f,0f,0f,1f],start_interpolation: 0,interpolation_duration: 1}
$data merge entity $(bone_bone) {transformation: [-0.9976f,-0.0692f,-0.0088f,0.125f,-0.0697f,0.989f,0.1303f,-0.9275f,-0.0004f,0.1305f,-0.9914f,0f,0f,0f,0f,1f],start_interpolation: 0,interpolation_duration: 1}
$data merge entity $(bone_bone5) {transformation: [-0.9957f,0.0927f,0.0025f,-0.1632f,0.0926f,0.9956f,-0.0138f,-1.4806f,-0.0038f,-0.0136f,-0.9999f,0.2886f,0f,0f,0f,1f],start_interpolation: 0,interpolation_duration: 1}
$data merge entity $(bone_bone2) {transformation: [-0.9976f,0.0611f,-0.0335f,-0.125f,0.0697f,0.8849f,-0.4605f,-0.9275f,0.0015f,-0.4617f,-0.887f,0f,0f,0f,0f,1f],start_interpolation: 0,interpolation_duration: 1}
$data merge entity $(bone_head) {transformation: [-0.9781f,-0.0749f,0.1943f,-0.1099f,-0.0184f,0.9606f,0.2772f,-0.0807f,-0.2074f,0.2676f,-0.941f,0.2112f,0f,0f,0f,1f],start_interpolation: 0,interpolation_duration: 1}
$data merge entity $(bone_bone6) {transformation: [-0.7054f,0.3621f,0.6094f,0.1314f,-0.173f,0.7457f,-0.6434f,-1.0172f,-0.6873f,-0.5593f,-0.4634f,0.6746f,0f,0f,0f,1f],start_interpolation: 0,interpolation_duration: 1}
$data merge entity $(bone_left_down_arm) {transformation: [-0.7054f,0.3621f,0.6094f,0.3351f,-0.173f,0.7457f,-0.6434f,-0.5977f,-0.6873f,-0.5593f,-0.4634f,0.36f,0f,0f,0f,1f],start_interpolation: 0,interpolation_duration: 1}
$data merge entity $(bone_left_upper_arm) {transformation: [-0.7054f,-0.2586f,0.6599f,0.1338f,-0.173f,0.9657f,0.1935f,-0.1969f,-0.6873f,0.0223f,-0.726f,0.2838f,0f,0f,0f,1f],start_interpolation: 0,interpolation_duration: 1}
$data merge entity $(bone_bone7) {transformation: [-0.9704f,0.185f,0.1551f,-0.5762f,0.1803f,0.9826f,-0.0436f,-1.097f,-0.1604f,-0.0144f,-0.9869f,-0.1852f,0f,0f,0f,1f],start_interpolation: 0,interpolation_duration: 1}
$data merge entity $(bone_left_down_arm2) {transformation: [-0.9816f,0.1708f,0.0854f,-0.4748f,0.176f,0.9827f,0.0577f,-0.5406f,-0.074f,0.0717f,-0.9947f,-0.2071f,0f,0f,0f,1f],start_interpolation: 0,interpolation_duration: 1}
$data merge entity $(bone_left_upper_arm2) {transformation: [-0.9816f,0.111f,0.1553f,-0.3035f,0.176f,0.8416f,0.5106f,-0.1944f,-0.074f,0.5286f,-0.8457f,0.0334f,0f,0f,0f,1f],start_interpolation: 0,interpolation_duration: 1}
$data merge entity $(bone_upperbody) {transformation: [-0.9213f,-0.1064f,0.374f,-0.2193f,-0.0227f,0.9749f,0.2214f,-0.4367f,-0.3882f,0.1955f,-0.9006f,0.0088f,0f,0f,0f,1f],start_interpolation: 0,interpolation_duration: 1}
$data merge entity $(bone_downbody) {transformation: [-0.9213f,-0.1386f,0.3633f,0f,-0.0227f,0.9519f,0.3055f,-0.9275f,-0.3882f,0.2732f,-0.8802f,0f,0f,0f,0f,1f],start_interpolation: 0,interpolation_duration: 1}