# This file was generated by Animated Java via MC-Build. It is not recommended to edit this file directly.
$data merge entity $(bone_bone4) {transformation: [-1f,-0.0054f,-0.0081f,0.1685f,-0.0085f,0.8886f,0.4586f,-1.5404f,0.0047f,0.4586f,-0.8886f,-0.0273f,0f,0f,0f,1f],start_interpolation: 0,interpolation_duration: 1}
$data merge entity $(bone_bone) {transformation: [-0.9976f,-0.0696f,-0.003f,0.125f,-0.0697f,0.9966f,0.0435f,-0.9175f,-0.0001f,0.0436f,-0.999f,0f,0f,0f,0f,1f],start_interpolation: 0,interpolation_duration: 1}
$data merge entity $(bone_bone5) {transformation: [-0.9963f,0.0864f,0.004f,-0.1649f,0.0865f,0.9955f,0.0399f,-1.4935f,-0.0006f,0.0401f,-0.9992f,0.2392f,0f,0f,0f,1f],start_interpolation: 0,interpolation_duration: 1}
$data merge entity $(bone_bone2) {transformation: [-0.9976f,0.0639f,-0.0278f,-0.125f,0.0697f,0.9217f,-0.3817f,-0.9175f,0.0012f,-0.3827f,-0.9239f,0f,0f,0f,0f,1f],start_interpolation: 0,interpolation_duration: 1}
$data merge entity $(bone_head) {transformation: [-0.9852f,-0.0645f,0.1586f,-0.0928f,-0.0188f,0.9616f,0.2737f,-0.0703f,-0.1702f,0.2667f,-0.9486f,0.2176f,0f,0f,0f,1f],start_interpolation: 0,interpolation_duration: 1}
$data merge entity $(bone_bone6) {transformation: [-0.7648f,0.2666f,0.5865f,0.2171f,-0.1539f,0.8084f,-0.5681f,-1.0421f,-0.6256f,-0.5248f,-0.5773f,0.6062f,0f,0f,0f,1f],start_interpolation: 0,interpolation_duration: 1}
$data merge entity $(bone_left_down_arm) {transformation: [-0.7648f,0.2666f,0.5865f,0.3671f,-0.1539f,0.8084f,-0.5681f,-0.5873f,-0.6256f,-0.5248f,-0.5773f,0.3111f,0f,0f,0f,1f],start_interpolation: 0,interpolation_duration: 1}
$data merge entity $(bone_left_upper_arm) {transformation: [-0.7648f,-0.2642f,0.5876f,0.1559f,-0.1539f,0.9606f,0.2316f,-0.1863f,-0.6256f,0.0867f,-0.7753f,0.2708f,0f,0f,0f,1f],start_interpolation: 0,interpolation_duration: 1}
$data merge entity $(bone_bone7) {transformation: [-0.9885f,0.1433f,0.0491f,-0.5575f,0.1324f,0.9747f,-0.18f,-1.1041f,-0.0736f,-0.1714f,-0.9824f,-0.0271f,0f,0f,0f,1f],start_interpolation: 0,interpolation_duration: 1}
$data merge entity $(bone_left_down_arm2) {transformation: [-0.99f,0.1385f,-0.025f,-0.4811f,0.1401f,0.9867f,-0.0825f,-0.5542f,0.0132f,-0.0852f,-0.9963f,-0.1372f,0f,0f,0f,1f],start_interpolation: 0,interpolation_duration: 1}
$data merge entity $(bone_left_upper_arm2) {transformation: [-0.99f,0.1313f,0.0507f,-0.2999f,0.1401f,0.8856f,0.4428f,-0.1843f,0.0132f,0.4455f,-0.8952f,0.056f,0f,0f,0f,1f],start_interpolation: 0,interpolation_duration: 1}
$data merge entity $(bone_upperbody) {transformation: [-0.9493f,-0.0906f,0.3011f,-0.218f,-0.0234f,0.9753f,0.2196f,-0.4267f,-0.3135f,0.2014f,-0.928f,0.0253f,0f,0f,0f,1f],start_interpolation: 0,interpolation_duration: 1}
$data merge entity $(bone_downbody) {transformation: [-0.9493f,-0.1165f,0.292f,0f,-0.0234f,0.9525f,0.3037f,-0.9175f,-0.3135f,0.2815f,-0.9069f,0f,0f,0f,0f,1f],start_interpolation: 0,interpolation_duration: 1}