# This file was generated by Animated Java via MC-Build. It is not recommended to edit this file directly.
$data merge entity $(bone_bone4) {transformation: [-0.9996f,-0.0267f,0.0027f,0.1661f,-0.0262f,0.9935f,0.1105f,-1.4918f,-0.0057f,0.1104f,-0.9939f,0.1415f,0f,0f,0f,1f],start_interpolation: 0,interpolation_duration: 1}
$data merge entity $(bone_bone) {transformation: [-0.9976f,-0.0658f,0.0229f,0.125f,-0.0697f,0.949f,-0.3074f,-0.8986f,-0.0015f,-0.3082f,-0.9513f,-0.0511f,0f,0f,0f,1f],start_interpolation: 0,interpolation_duration: 1}
$data merge entity $(bone_bone5) {transformation: [-0.9994f,0.0202f,0.0281f,-0.1668f,0.0305f,0.8989f,0.4371f,-1.4899f,-0.0164f,0.4377f,-0.899f,-0.2492f,0f,0f,0f,1f],start_interpolation: 0,interpolation_duration: 1}
$data merge entity $(bone_bone2) {transformation: [-0.9976f,0.0669f,0.0196f,-0.125f,0.0697f,0.9461f,0.3163f,-0.8986f,0.0027f,0.3169f,-0.9485f,-0.0511f,0f,0f,0f,1f],start_interpolation: 0,interpolation_duration: 1}
$data merge entity $(bone_head) {transformation: [-0.9786f,0.016f,-0.2053f,0.0687f,-0.0409f,0.9619f,0.2702f,-0.0494f,0.2018f,0.2728f,-0.9407f,0.1676f,0f,0f,0f,1f],start_interpolation: 0,interpolation_duration: 1}
$data merge entity $(bone_bone6) {transformation: [-0.9256f,-0.227f,-0.3028f,0.5834f,-0.346f,0.8318f,0.434f,-0.8754f,0.1533f,0.5065f,-0.8485f,-0.5968f,0f,0f,0f,1f],start_interpolation: 0,interpolation_duration: 1}
$data merge entity $(bone_left_down_arm) {transformation: [-0.9256f,-0.227f,-0.3028f,0.4557f,-0.346f,0.8318f,0.434f,-0.4075f,0.1533f,0.5065f,-0.8485f,-0.3119f,0f,0f,0f,1f],start_interpolation: 0,interpolation_duration: 1}
$data merge entity $(bone_left_upper_arm) {transformation: [-0.9256f,-0.1254f,-0.357f,0.2851f,-0.346f,0.6628f,0.6641f,-0.1608f,0.1533f,0.7382f,-0.6569f,0.0302f,0f,0f,0f,1f],start_interpolation: 0,interpolation_duration: 1}
$data merge entity $(bone_bone7) {transformation: [-0.6873f,-0.6283f,-0.3645f,0.0287f,0.104f,0.4115f,-0.9055f,-0.7984f,0.7189f,-0.6602f,-0.2174f,0.7115f,0f,0f,0f,1f],start_interpolation: 0,interpolation_duration: 1}
$data merge entity $(bone_left_down_arm2) {transformation: [-0.6483f,-0.5942f,-0.4762f,-0.3353f,0.1791f,0.4888f,-0.8538f,-0.5768f,0.7401f,-0.6388f,-0.2104f,0.3391f,0f,0f,0f,1f],start_interpolation: 0,interpolation_duration: 1}
$data merge entity $(bone_left_upper_arm2) {transformation: [-0.6483f,0.148f,-0.7469f,-0.1895f,0.1791f,0.983f,0.0393f,-0.1691f,0.7401f,-0.1083f,-0.6638f,0.1992f,0f,0f,0f,1f],start_interpolation: 0,interpolation_duration: 1}
$data merge entity $(bone_upperbody) {transformation: [-0.8936f,0.056f,-0.4454f,-0.1477f,-0.0428f,0.9771f,0.2087f,-0.4107f,0.4468f,0.2055f,-0.8707f,0.1199f,0f,0f,0f,1f],start_interpolation: 0,interpolation_duration: 1}
$data merge entity $(bone_downbody) {transformation: [-0.8936f,0.0946f,-0.4388f,0f,-0.0428f,0.9552f,0.293f,-0.8986f,0.4468f,0.2806f,-0.8495f,-0.0511f,0f,0f,0f,1f],start_interpolation: 0,interpolation_duration: 1}