# This file was generated by Animated Java via MC-Build. It is not recommended to edit this file directly.
$data merge entity $(bone_bone4) {transformation: [-0.9999f,-0.0093f,-0.0045f,0.1685f,-0.0103f,0.9212f,0.3888f,-1.5304f,0.0005f,0.3889f,-0.9213f,0.0272f,0f,0f,0f,1f],start_interpolation: 0,interpolation_duration: 1}
$data merge entity $(bone_bone) {transformation: [-0.9976f,-0.0696f,0.0029f,0.125f,-0.0697f,0.9966f,-0.0435f,-0.9075f,0.0002f,-0.0436f,-0.999f,0f,0f,0f,0f,1f],start_interpolation: 0,interpolation_duration: 1}
$data merge entity $(bone_bone5) {transformation: [-0.9968f,0.0797f,0.006f,-0.1664f,0.0799f,0.9924f,0.0935f,-1.5021f,0.0015f,0.0936f,-0.9956f,0.1879f,0f,0f,0f,1f],start_interpolation: 0,interpolation_duration: 1}
$data merge entity $(bone_bone2) {transformation: [-0.9976f,0.0662f,-0.0219f,-0.125f,0.0697f,0.9514f,-0.2999f,-0.9075f,0.001f,-0.3007f,-0.9537f,0f,0f,0f,0f,1f],start_interpolation: 0,interpolation_duration: 1}
$data merge entity $(bone_head) {transformation: [-0.991f,-0.0544f,0.1226f,-0.0752f,-0.0193f,0.9625f,0.2706f,-0.0598f,-0.1327f,0.2658f,-0.9549f,0.2226f,0f,0f,0f,1f],start_interpolation: 0,interpolation_duration: 1}
$data merge entity $(bone_bone6) {transformation: [-0.8184f,0.18f,0.5457f,0.2918f,-0.1345f,0.8633f,-0.4865f,-1.0618f,-0.5587f,-0.4715f,-0.6823f,0.5248f,0f,0f,0f,1f],start_interpolation: 0,interpolation_duration: 1}
$data merge entity $(bone_left_down_arm) {transformation: [-0.8184f,0.18f,0.5457f,0.3931f,-0.1345f,0.8633f,-0.4865f,-0.5762f,-0.5587f,-0.4715f,-0.6823f,0.2595f,0f,0f,0f,1f],start_interpolation: 0,interpolation_duration: 1}
$data merge entity $(bone_left_upper_arm) {transformation: [-0.8184f,-0.2603f,0.5123f,0.1769f,-0.1345f,0.9535f,0.2696f,-0.1758f,-0.5587f,0.1518f,-0.8154f,0.2561f,0f,0f,0f,1f],start_interpolation: 0,interpolation_duration: 1}
$data merge entity $(bone_bone7) {transformation: [-0.9963f,0.0749f,-0.043f,-0.5135f,0.0847f,0.9453f,-0.315f,-1.0962f,0.0171f,-0.3175f,-0.9481f,0.1253f,0f,0f,0f,1f],start_interpolation: 0,interpolation_duration: 1}
$data merge entity $(bone_left_down_arm2) {transformation: [-0.9893f,0.0784f,-0.123f,-0.4771f,0.1046f,0.9692f,-0.2232f,-0.565f,0.1017f,-0.2337f,-0.967f,-0.0665f,0f,0f,0f,1f],start_interpolation: 0,interpolation_duration: 1}
$data merge entity $(bone_left_upper_arm2) {transformation: [-0.9893f,0.1346f,-0.0563f,-0.2946f,0.1046f,0.9231f,0.37f,-0.1742f,0.1017f,0.3601f,-0.9273f,0.0783f,0f,0f,0f,1f],start_interpolation: 0,interpolation_duration: 1}
$data merge entity $(bone_upperbody) {transformation: [-0.9712f,-0.0743f,0.2262f,-0.2153f,-0.0239f,0.9757f,0.2177f,-0.4166f,-0.2369f,0.2061f,-0.9494f,0.0416f,0f,0f,0f,1f],start_interpolation: 0,interpolation_duration: 1}
$data merge entity $(bone_downbody) {transformation: [-0.9712f,-0.0938f,0.2189f,0f,-0.0239f,0.953f,0.3019f,-0.9075f,-0.2369f,0.288f,-0.9279f,0f,0f,0f,0f,1f],start_interpolation: 0,interpolation_duration: 1}