# This file was generated by Animated Java via MC-Build. It is not recommended to edit this file directly.
$data merge entity $(bone_bone4) {transformation: [-0.9999f,-0.0129f,-0.0008f,0.1682f,-0.0125f,0.9484f,0.3168f,-1.5156f,-0.0033f,0.3167f,-0.9485f,0.0816f,0f,0f,0f,1f],start_interpolation: 0,interpolation_duration: 1}
$data merge entity $(bone_bone) {transformation: [-0.9976f,-0.0692f,0.0087f,0.125f,-0.0697f,0.989f,-0.1302f,-0.8975f,0.0004f,-0.1305f,-0.9914f,0f,0f,0f,0f,1f],start_interpolation: 0,interpolation_duration: 1}
$data merge entity $(bone_bone5) {transformation: [-0.9973f,0.0727f,0.0083f,-0.1674f,0.0732f,0.9865f,0.1467f,-1.5062f,0.0025f,0.147f,-0.9891f,0.1353f,0f,0f,0f,1f],start_interpolation: 0,interpolation_duration: 1}
$data merge entity $(bone_bone2) {transformation: [-0.9976f,0.0679f,-0.0158f,-0.125f,0.0697f,0.9739f,-0.2158f,-0.8975f,0.0007f,-0.2164f,-0.9763f,0f,0f,0f,0f,1f],start_interpolation: 0,interpolation_duration: 1}
$data merge entity $(bone_head) {transformation: [-0.9953f,-0.0445f,0.0863f,-0.0573f,-0.0199f,0.9633f,0.2678f,-0.0494f,-0.095f,0.2648f,-0.9596f,0.2262f,0f,0f,0f,1f],start_interpolation: 0,interpolation_duration: 1}
$data merge entity $(bone_bone6) {transformation: [-0.8657f,0.1056f,0.4893f,0.3535f,-0.1148f,0.9096f,-0.3994f,-1.0759f,-0.4872f,-0.4019f,-0.7753f,0.4322f,0f,0f,0f,1f],start_interpolation: 0,interpolation_duration: 1}
$data merge entity $(bone_left_down_arm) {transformation: [-0.8657f,0.1056f,0.4893f,0.4129f,-0.1148f,0.9096f,-0.3994f,-0.5642f,-0.4872f,-0.4019f,-0.7753f,0.2061f,0f,0f,0f,1f],start_interpolation: 0,interpolation_duration: 1}
$data merge entity $(bone_left_upper_arm) {transformation: [-0.8657f,-0.2469f,0.4354f,0.1967f,-0.1148f,0.9446f,0.3074f,-0.1653f,-0.4872f,0.2161f,-0.8461f,0.2398f,0f,0f,0f,1f],start_interpolation: 0,interpolation_duration: 1}
$data merge entity $(bone_bone7) {transformation: [-0.9932f,-0.0158f,-0.1155f,-0.447f,0.0376f,0.8946f,-0.4452f,-1.0732f,0.1104f,-0.4466f,-0.8879f,0.267f,0f,0f,0f,1f],start_interpolation: 0,interpolation_duration: 1}
$data merge entity $(bone_left_down_arm2) {transformation: [-0.9793f,-0.0056f,-0.2026f,-0.4628f,0.0693f,0.93f,-0.3609f,-0.5726f,0.1904f,-0.3675f,-0.9103f,0.0034f,0f,0f,0f,1f],start_interpolation: 0,interpolation_duration: 1}
$data merge entity $(bone_left_upper_arm2) {transformation: [-0.9793f,0.121f,-0.1625f,-0.2875f,0.0693f,0.9537f,0.2927f,-0.164f,0.1904f,0.2753f,-0.9423f,0.1001f,0f,0f,0f,1f],start_interpolation: 0,interpolation_duration: 1}
$data merge entity $(bone_upperbody) {transformation: [-0.987f,-0.0578f,0.1499f,-0.2113f,-0.0243f,0.9761f,0.2158f,-0.4065f,-0.1588f,0.2094f,-0.9649f,0.0576f,0f,0f,0f,1f],start_interpolation: 0,interpolation_duration: 1}
$data merge entity $(bone_downbody) {transformation: [-0.987f,-0.0706f,0.1443f,0f,-0.0243f,0.9536f,0.3001f,-0.8975f,-0.1588f,0.2927f,-0.9429f,0f,0f,0f,0f,1f],start_interpolation: 0,interpolation_duration: 1}