# This file was generated by Animated Java via MC-Build. It is not recommended to edit this file directly.
$data merge entity $(bone_bone4) {transformation: [-0.9999f,-0.0161f,0.003f,0.1676f,-0.0149f,0.97f,0.2428f,-1.4962f,-0.0068f,0.2427f,-0.9701f,0.1353f,0f,0f,0f,1f],start_interpolation: 0,interpolation_duration: 1}
$data merge entity $(bone_bone) {transformation: [-0.9976f,-0.0682f,0.0144f,0.125f,-0.0697f,0.9739f,-0.2159f,-0.8875f,0.0007f,-0.2164f,-0.9763f,0f,0f,0f,0f,1f],start_interpolation: 0,interpolation_duration: 1}
$data merge entity $(bone_bone5) {transformation: [-0.9978f,0.0654f,0.0111f,-0.1682f,0.0663f,0.9776f,0.1996f,-1.5057f,0.0022f,0.1999f,-0.9798f,0.0816f,0f,0f,0f,1f],start_interpolation: 0,interpolation_duration: 1}
$data merge entity $(bone_bone2) {transformation: [-0.9976f,0.069f,-0.0095f,-0.125f,0.0697f,0.989f,-0.1302f,-0.8875f,0.0004f,-0.1305f,-0.9914f,0f,0f,0f,0f,1f],start_interpolation: 0,interpolation_duration: 1}
$data merge entity $(bone_head) {transformation: [-0.9982f,-0.0349f,0.0498f,-0.0392f,-0.0204f,0.9639f,0.2654f,-0.0389f,-0.0573f,0.2639f,-0.9628f,0.2284f,0f,0f,0f,1f],start_interpolation: 0,interpolation_duration: 1}
$data merge entity $(bone_bone6) {transformation: [-0.9015f,-0.0117f,0.4327f,0.4556f,-0.1461f,0.9492f,-0.2787f,-1.0721f,-0.4074f,-0.3144f,-0.8574f,0.3253f,0f,0f,0f,1f],start_interpolation: 0,interpolation_duration: 1}
$data merge entity $(bone_left_down_arm) {transformation: [-0.9015f,-0.0117f,0.4327f,0.449f,-0.1461f,0.9492f,-0.2787f,-0.5382f,-0.4074f,-0.3144f,-0.8574f,0.1485f,0f,0f,0f,1f],start_interpolation: 0,interpolation_duration: 1}
$data merge entity $(bone_left_upper_arm) {transformation: [-0.9015f,-0.2772f,0.3324f,0.2151f,-0.1461f,0.9178f,0.3691f,-0.1549f,-0.4074f,0.2842f,-0.8679f,0.2219f,0f,0f,0f,1f],start_interpolation: 0,interpolation_duration: 1}
$data merge entity $(bone_bone7) {transformation: [-0.9792f,-0.0649f,-0.1924f,-0.4203f,0.0482f,0.8461f,-0.5308f,-1.036f,0.1973f,-0.529f,-0.8254f,0.3659f,0f,0f,0f,1f],start_interpolation: 0,interpolation_duration: 1}
$data merge entity $(bone_left_down_arm2) {transformation: [-0.9582f,-0.0479f,-0.2819f,-0.4649f,0.0877f,0.8892f,-0.4491f,-0.5639f,0.2722f,-0.4551f,-0.8478f,0.0569f,0f,0f,0f,1f],start_interpolation: 0,interpolation_duration: 1}
$data merge entity $(bone_left_upper_arm2) {transformation: [-0.9582f,0.1519f,-0.2423f,-0.2786f,0.0877f,0.9625f,0.2567f,-0.1538f,0.2722f,0.2247f,-0.9356f,0.1212f,0f,0f,0f,1f],start_interpolation: 0,interpolation_duration: 1}
$data merge entity $(bone_upperbody) {transformation: [-0.9965f,-0.041f,0.0726f,-0.2061f,-0.0246f,0.9765f,0.2139f,-0.3964f,-0.0796f,0.2114f,-0.9741f,0.0733f,0f,0f,0f,1f],start_interpolation: 0,interpolation_duration: 1}
$data merge entity $(bone_downbody) {transformation: [-0.9965f,-0.0471f,0.0687f,0f,-0.0246f,0.9542f,0.2982f,-0.8875f,-0.0796f,0.2955f,-0.952f,0f,0f,0f,0f,1f],start_interpolation: 0,interpolation_duration: 1}