# This file was generated by Animated Java via MC-Build. It is not recommended to edit this file directly.
$data merge entity $(bone_bone4) {transformation: [-0.9998f,-0.0189f,0.0068f,0.1667f,-0.0175f,0.9857f,0.1674f,-1.4721f,-0.0099f,0.1673f,-0.9859f,0.1879f,0f,0f,0f,1f],start_interpolation: 0,interpolation_duration: 1}
$data merge entity $(bone_bone) {transformation: [-0.9976f,-0.0668f,0.02f,0.125f,-0.0697f,0.9514f,-0.3f,-0.8775f,0.001f,-0.3007f,-0.9537f,0f,0f,0f,0f,1f],start_interpolation: 0,interpolation_duration: 1}
$data merge entity $(bone_bone5) {transformation: [-0.9982f,0.0578f,0.0143f,-0.1685f,0.0595f,0.966f,0.2518f,-1.5004f,0.0008f,0.2522f,-0.9677f,0.0272f,0f,0f,0f,1f],start_interpolation: 0,interpolation_duration: 1}
$data merge entity $(bone_bone2) {transformation: [-0.9976f,0.0696f,-0.0032f,-0.125f,0.0697f,0.9966f,-0.0435f,-0.8775f,0.0002f,-0.0436f,-0.999f,0f,0f,0f,0f,1f],start_interpolation: 0,interpolation_duration: 1}
$data merge entity $(bone_head) {transformation: [-0.9996f,-0.0253f,0.0132f,-0.0209f,-0.021f,0.9644f,0.2634f,-0.0285f,-0.0194f,0.2631f,-0.9646f,0.2291f,0f,0f,0f,1f],start_interpolation: 0,interpolation_duration: 1}
$data merge entity $(bone_bone6) {transformation: [-0.929f,-0.1133f,0.3523f,0.5405f,-0.1773f,0.9719f,-0.1549f,-1.0568f,-0.3249f,-0.2064f,-0.923f,0.203f,0f,0f,0f,1f],start_interpolation: 0,interpolation_duration: 1}
$data merge entity $(bone_left_down_arm) {transformation: [-0.929f,-0.1133f,0.3523f,0.4768f,-0.1773f,0.9719f,-0.1549f,-0.5101f,-0.3249f,-0.2064f,-0.923f,0.0869f,0f,0f,0f,1f],start_interpolation: 0,interpolation_duration: 1}
$data merge entity $(bone_left_upper_arm) {transformation: [-0.929f,-0.2941f,0.2246f,0.232f,-0.1773f,0.8864f,0.4276f,-0.1444f,-0.3249f,0.3574f,-0.8756f,0.2026f,0f,0f,0f,1f],start_interpolation: 0,interpolation_duration: 1}
$data merge entity $(bone_bone7) {transformation: [-0.9572f,-0.1286f,-0.2593f,-0.3798f,0.0594f,0.7895f,-0.6108f,-0.9935f,0.2833f,-0.6001f,-0.7481f,0.4585f,0f,0f,0f,1f],start_interpolation: 0,interpolation_duration: 1}
$data merge entity $(bone_left_down_arm2) {transformation: [-0.9301f,-0.1055f,-0.3519f,-0.4611f,0.1062f,0.8398f,-0.5325f,-0.5544f,0.3517f,-0.5326f,-0.7698f,0.1108f,0f,0f,0f,1f],start_interpolation: 0,interpolation_duration: 1}
$data merge entity $(bone_left_upper_arm2) {transformation: [-0.9301f,0.1753f,-0.3229f,-0.2682f,0.1062f,0.9696f,0.2206f,-0.1435f,0.3517f,0.1709f,-0.9204f,0.1416f,0f,0f,0f,1f],start_interpolation: 0,interpolation_duration: 1}
$data merge entity $(bone_upperbody) {transformation: [-0.9997f,-0.0241f,-0.0052f,-0.1997f,-0.0246f,0.977f,0.212f,-0.3862f,0f,0.2121f,-0.9773f,0.0885f,0f,0f,0f,1f],start_interpolation: 0,interpolation_duration: 1}
$data merge entity $(bone_downbody) {transformation: [-0.9997f,-0.0235f,-0.0073f,0f,-0.0246f,0.9548f,0.2964f,-0.8775f,0f,0.2965f,-0.955f,0f,0f,0f,0f,1f],start_interpolation: 0,interpolation_duration: 1}