# This file was generated by Animated Java via MC-Build. It is not recommended to edit this file directly.
$data merge entity $(bone_bone4) {transformation: [-0.9997f,-0.0213f,0.0107f,0.1655f,-0.0202f,0.9956f,0.091f,-1.4435f,-0.0126f,0.0908f,-0.9958f,0.2392f,0f,0f,0f,1f],start_interpolation: 0,interpolation_duration: 1}
$data merge entity $(bone_bone) {transformation: [-0.9976f,-0.0648f,0.0255f,0.125f,-0.0697f,0.9216f,-0.3818f,-0.8675f,0.0012f,-0.3827f,-0.9239f,0f,0f,0f,0f,1f],start_interpolation: 0,interpolation_duration: 1}
$data merge entity $(bone_bone5) {transformation: [-0.9986f,0.0499f,0.0179f,-0.1685f,0.053f,0.9514f,0.3032f,-1.4904f,-0.0019f,0.3038f,-0.9527f,-0.0273f,0f,0f,0f,1f],start_interpolation: 0,interpolation_duration: 1}
$data merge entity $(bone_bone2) {transformation: [-0.9976f,0.0696f,0.0031f,-0.125f,0.0697f,0.9966f,0.0435f,-0.8675f,-0.0001f,0.0436f,-0.999f,0f,0f,0f,0f,1f],start_interpolation: 0,interpolation_duration: 1}
$data merge entity $(bone_head) {transformation: [-0.9996f,-0.0159f,-0.0235f,-0.0027f,-0.0215f,0.9649f,0.2618f,-0.018f,0.0185f,0.2622f,-0.9648f,0.2284f,0f,0f,0f,1f],start_interpolation: 0,interpolation_duration: 1}
$data merge entity $(bone_bone6) {transformation: [-0.948f,-0.1941f,0.2521f,0.6049f,-0.2083f,0.9776f,-0.0307f,-1.0302f,-0.2405f,-0.0816f,-0.9672f,0.0684f,0f,0f,0f,1f],start_interpolation: 0,interpolation_duration: 1}
$data merge entity $(bone_left_down_arm) {transformation: [-0.948f,-0.1941f,0.2521f,0.4957f,-0.2083f,0.9776f,-0.0307f,-0.4803f,-0.2405f,-0.0816f,-0.9672f,0.0225f,0f,0f,0f,1f],start_interpolation: 0,interpolation_duration: 1}
$data merge entity $(bone_left_upper_arm) {transformation: [-0.948f,-0.2969f,0.1144f,0.2473f,-0.2083f,0.8509f,0.4823f,-0.1341f,-0.2405f,0.4334f,-0.8685f,0.1821f,0f,0f,0f,1f],start_interpolation: 0,interpolation_duration: 1}
$data merge entity $(bone_bone7) {transformation: [-0.9273f,-0.2048f,-0.3134f,-0.3265f,0.0711f,0.7255f,-0.6845f,-0.9461f,0.3676f,-0.657f,-0.6582f,0.5427f,0f,0f,0f,1f],start_interpolation: 0,interpolation_duration: 1}
$data merge entity $(bone_left_down_arm2) {transformation: [-0.895f,-0.1767f,-0.4096f,-0.4515f,0.1248f,0.7824f,-0.6101f,-0.5442f,0.4283f,-0.5971f,-0.6782f,0.1644f,0f,0f,0f,1f],start_interpolation: 0,interpolation_duration: 1}
$data merge entity $(bone_left_upper_arm2) {transformation: [-0.895f,0.1908f,-0.4033f,-0.2561f,0.1248f,0.9749f,0.1844f,-0.1332f,0.4283f,0.1147f,-0.8963f,0.161f,0f,0f,0f,1f],start_interpolation: 0,interpolation_duration: 1}
$data merge entity $(bone_upperbody) {transformation: [-0.9965f,-0.0072f,-0.083f,-0.192f,-0.0246f,0.9774f,0.2101f,-0.376f,0.0796f,0.2114f,-0.9741f,0.1032f,0f,0f,0f,1f],start_interpolation: 0,interpolation_duration: 1}
$data merge entity $(bone_downbody) {transformation: [-0.9965f,0.0001f,-0.0833f,0f,-0.0246f,0.9553f,0.2945f,-0.8675f,0.0796f,0.2955f,-0.952f,0f,0f,0f,0f,1f],start_interpolation: 0,interpolation_duration: 1}