# This file was generated by Animated Java via MC-Build. It is not recommended to edit this file directly.
$data merge entity $(bone_bone4) {transformation: [-0.9996f,-0.0233f,0.0146f,0.1641f,-0.0231f,0.9996f,0.0141f,-1.4105f,-0.0149f,0.0137f,-0.9998f,0.2886f,0f,0f,0f,1f],start_interpolation: 0,interpolation_duration: 1}
$data merge entity $(bone_bone) {transformation: [-0.9976f,-0.0625f,0.0309f,0.125f,-0.0697f,0.8848f,-0.4607f,-0.8575f,0.0015f,-0.4617f,-0.887f,0f,0f,0f,0f,1f],start_interpolation: 0,interpolation_duration: 1}
$data merge entity $(bone_bone5) {transformation: [-0.9989f,0.0418f,0.0218f,-0.1682f,0.0468f,0.9341f,0.3538f,-1.4756f,-0.0056f,0.3544f,-0.9351f,-0.0816f,0f,0f,0f,1f],start_interpolation: 0,interpolation_duration: 1}
$data merge entity $(bone_bone2) {transformation: [-0.9976f,0.0691f,0.0094f,-0.125f,0.0697f,0.989f,0.1302f,-0.8575f,-0.0004f,0.1305f,-0.9914f,0f,0f,0f,0f,1f],start_interpolation: 0,interpolation_duration: 1}
$data merge entity $(bone_head) {transformation: [-0.9982f,-0.0064f,-0.0601f,0.0154f,-0.0219f,0.9652f,0.2606f,-0.0076f,0.0564f,0.2615f,-0.9636f,0.2262f,0f,0f,0f,1f],start_interpolation: 0,interpolation_duration: 1}
$data merge entity $(bone_bone6) {transformation: [-0.9585f,-0.25f,0.1368f,0.6461f,-0.2391f,0.9667f,0.0917f,-0.9926f,-0.1552f,0.0552f,-0.9863f,-0.0744f,0f,0f,0f,1f],start_interpolation: 0,interpolation_duration: 1}
$data merge entity $(bone_left_down_arm) {transformation: [-0.9585f,-0.25f,0.1368f,0.5055f,-0.2391f,0.9667f,0.0917f,-0.4489f,-0.1552f,0.0552f,-0.9863f,-0.0434f,0f,0f,0f,1f],start_interpolation: 0,interpolation_duration: 1}
$data merge entity $(bone_left_upper_arm) {transformation: [-0.9585f,-0.285f,0.004f,0.261f,-0.2391f,0.8115f,0.5332f,-0.1237f,-0.1552f,0.5101f,-0.846f,0.1604f,0f,0f,0f,1f],start_interpolation: 0,interpolation_duration: 1}
$data merge entity $(bone_bone7) {transformation: [-0.8894f,-0.2909f,-0.3525f,-0.2618f,0.0835f,0.6549f,-0.7511f,-0.8943f,0.4494f,-0.6975f,-0.5582f,0.6165f,0f,0f,0f,1f],start_interpolation: 0,interpolation_duration: 1}
$data merge entity $(bone_left_down_arm2) {transformation: [-0.8532f,-0.2591f,-0.4526f,-0.4359f,0.1434f,0.7178f,-0.6813f,-0.5331f,0.5014f,-0.6462f,-0.5753f,0.2171f,0f,0f,0f,1f],start_interpolation: 0,interpolation_duration: 1}
$data merge entity $(bone_left_upper_arm2) {transformation: [-0.8532f,0.1981f,-0.4824f,-0.2425f,0.1434f,0.9785f,0.1482f,-0.1229f,0.5014f,0.0572f,-0.8633f,0.1795f,0f,0f,0f,1f],start_interpolation: 0,interpolation_duration: 1}
$data merge entity $(bone_upperbody) {transformation: [-0.987f,0.0096f,-0.1603f,-0.1832f,-0.0243f,0.9778f,0.2082f,-0.3658f,0.1588f,0.2094f,-0.9649f,0.1172f,0f,0f,0f,1f],start_interpolation: 0,interpolation_duration: 1}
$data merge entity $(bone_downbody) {transformation: [-0.987f,0.0235f,-0.1589f,0f,-0.0243f,0.9559f,0.2926f,-0.8575f,0.1588f,0.2927f,-0.9429f,0f,0f,0f,0f,1f],start_interpolation: 0,interpolation_duration: 1}