# This file was generated by Animated Java via MC-Build. It is not recommended to edit this file directly.
$data merge entity $(bone_bone4) {transformation: [-0.9995f,-0.0249f,0.0184f,0.1623f,-0.026f,0.9977f,-0.063f,-1.3733f,-0.0168f,-0.0634f,-0.9978f,0.3358f,0f,0f,0f,1f],start_interpolation: 0,interpolation_duration: 1}
$data merge entity $(bone_bone) {transformation: [-0.9976f,-0.0597f,0.036f,0.125f,-0.0697f,0.8413f,-0.5361f,-0.8475f,0.0018f,-0.5373f,-0.8434f,0f,0f,0f,0f,1f],start_interpolation: 0,interpolation_duration: 1}
$data merge entity $(bone_bone5) {transformation: [-0.9991f,0.0335f,0.0261f,-0.1675f,0.0412f,0.9141f,0.4033f,-1.4562f,-0.0104f,0.404f,-0.9147f,-0.1353f,0f,0f,0f,1f],start_interpolation: 0,interpolation_duration: 1}
$data merge entity $(bone_bone2) {transformation: [-0.9976f,0.0679f,0.0157f,-0.125f,0.0697f,0.9739f,0.2159f,-0.8475f,-0.0006f,0.2165f,-0.9763f,0f,0f,0f,0f,1f],start_interpolation: 0,interpolation_duration: 1}
$data merge entity $(bone_head) {transformation: [-0.9953f,0.0031f,-0.0967f,0.0333f,-0.0222f,0.9654f,0.2598f,0.0028f,0.0942f,0.2607f,-0.9608f,0.2226f,0f,0f,0f,1f],start_interpolation: 0,interpolation_duration: 1}
$data merge entity $(bone_bone6) {transformation: [-0.9604f,-0.2782f,0.0122f,0.6625f,-0.2696f,0.9398f,0.21f,-0.9448f,-0.0699f,0.1984f,-0.9776f,-0.2211f,0f,0f,0f,1f],start_interpolation: 0,interpolation_duration: 1}
$data merge entity $(bone_left_down_arm) {transformation: [-0.9604f,-0.2782f,0.0122f,0.506f,-0.2696f,0.9398f,0.21f,-0.4161f,-0.0699f,0.1984f,-0.9776f,-0.1095f,0f,0f,0f,1f],start_interpolation: 0,interpolation_duration: 1}
$data merge entity $(bone_left_upper_arm) {transformation: [-0.9604f,-0.2583f,-0.1039f,0.2729f,-0.2696f,0.7689f,0.5798f,-0.1134f,-0.0699f,0.5849f,-0.8081f,0.1376f,0f,0f,0f,1f],start_interpolation: 0,interpolation_duration: 1}
$data merge entity $(bone_bone7) {transformation: [-0.8439f,-0.384f,-0.3747f,-0.1877f,0.0966f,0.5783f,-0.8101f,-0.8384f,0.5278f,-0.7198f,-0.451f,0.6784f,0f,0f,0f,1f],start_interpolation: 0,interpolation_duration: 1}
$data merge entity $(bone_left_down_arm2) {transformation: [-0.8052f,-0.3499f,-0.4788f,-0.4144f,0.1621f,0.6467f,-0.7453f,-0.5212f,0.5704f,-0.6778f,-0.464f,0.2682f,0f,0f,0f,1f],start_interpolation: 0,interpolation_duration: 1}
$data merge entity $(bone_left_upper_arm2) {transformation: [-0.8052f,0.1972f,-0.5592f,-0.2275f,0.1621f,0.9804f,0.1122f,-0.1125f,0.5704f,-0.0004f,-0.8214f,0.1968f,0f,0f,0f,1f],start_interpolation: 0,interpolation_duration: 1}
$data merge entity $(bone_upperbody) {transformation: [-0.9712f,0.0261f,-0.2367f,-0.1734f,-0.0239f,0.9782f,0.2063f,-0.3556f,0.2369f,0.2061f,-0.9494f,0.1304f,0f,0f,0f,1f],start_interpolation: 0,interpolation_duration: 1}
$data merge entity $(bone_downbody) {transformation: [-0.9712f,0.0467f,-0.2335f,0f,-0.0239f,0.9565f,0.2908f,-0.8475f,0.2369f,0.288f,-0.9279f,0f,0f,0f,0f,1f],start_interpolation: 0,interpolation_duration: 1}