# This file was generated by Animated Java via MC-Build. It is not recommended to edit this file directly.
$data merge entity $(bone_bone4) {transformation: [-0.9994f,-0.0261f,0.0222f,0.1603f,-0.0289f,0.9898f,-0.1396f,-1.3321f,-0.0184f,-0.1402f,-0.99f,0.3805f,0f,0f,0f,1f],start_interpolation: 0,interpolation_duration: 1}
$data merge entity $(bone_bone) {transformation: [-0.9976f,-0.0565f,0.0408f,0.125f,-0.0697f,0.7914f,-0.6074f,-0.8375f,0.002f,-0.6087f,-0.7934f,0f,0f,0f,0f,1f],start_interpolation: 0,interpolation_duration: 1}
$data merge entity $(bone_bone5) {transformation: [-0.9992f,0.0249f,0.0308f,-0.1664f,0.0362f,0.8914f,0.4517f,-1.4321f,-0.0162f,0.4524f,-0.8916f,-0.188f,0f,0f,0f,1f],start_interpolation: 0,interpolation_duration: 1}
$data merge entity $(bone_bone2) {transformation: [-0.9976f,0.0662f,0.0218f,-0.125f,0.0697f,0.9514f,0.2999f,-0.8375f,-0.0009f,0.3007f,-0.9537f,0f,0f,0f,0f,1f],start_interpolation: 0,interpolation_duration: 1}
$data merge entity $(bone_head) {transformation: [-0.991f,0.0128f,-0.1331f,0.0509f,-0.0224f,0.9655f,0.2593f,0.0133f,0.1318f,0.26f,-0.9566f,0.2176f,0f,0f,0f,1f],start_interpolation: 0,interpolation_duration: 1}
$data merge entity $(bone_bone6) {transformation: [-0.9539f,-0.277f,-0.1156f,0.653f,-0.2998f,0.898f,0.3221f,-0.8873f,0.0146f,0.3419f,-0.9396f,-0.3669f,0f,0f,0f,1f],start_interpolation: 0,interpolation_duration: 1}
$data merge entity $(bone_left_down_arm) {transformation: [-0.9539f,-0.277f,-0.1156f,0.4972f,-0.2998f,0.898f,0.3221f,-0.3822f,0.0146f,0.3419f,-0.9396f,-0.1745f,0f,0f,0f,1f],start_interpolation: 0,interpolation_duration: 1}
$data merge entity $(bone_left_upper_arm) {transformation: [-0.9539f,-0.2173f,-0.207f,0.2829f,-0.2998f,0.7233f,0.6221f,-0.1032f,0.0146f,0.6554f,-0.7551f,0.114f,0f,0f,0f,1f],start_interpolation: 0,interpolation_duration: 1}
$data merge entity $(bone_bone7) {transformation: [-0.7909f,-0.4807f,-0.3788f,-0.1061f,0.1104f,0.4968f,-0.8608f,-0.779f,0.6019f,-0.7226f,-0.3399f,0.7271f,0f,0f,0f,1f],start_interpolation: 0,interpolation_duration: 1}
$data merge entity $(bone_left_down_arm2) {transformation: [-0.7513f,-0.4458f,-0.4866f,-0.3873f,0.1809f,0.57f,-0.8015f,-0.5085f,0.6347f,-0.6902f,-0.3476f,0.3171f,0f,0f,0f,1f],start_interpolation: 0,interpolation_duration: 1}
$data merge entity $(bone_left_upper_arm2) {transformation: [-0.7513f,0.1879f,-0.6326f,-0.2112f,0.1809f,0.9805f,0.0764f,-0.1021f,0.6347f,-0.057f,-0.7707f,0.2128f,0f,0f,0f,1f],start_interpolation: 0,interpolation_duration: 1}
$data merge entity $(bone_upperbody) {transformation: [-0.9493f,0.0424f,-0.3115f,-0.1625f,-0.0234f,0.9786f,0.2045f,-0.3453f,0.3135f,0.2014f,-0.928f,0.1429f,0f,0f,0f,1f],start_interpolation: 0,interpolation_duration: 1}
$data merge entity $(bone_downbody) {transformation: [-0.9493f,0.0694f,-0.3066f,0f,-0.0234f,0.957f,0.289f,-0.8375f,0.3135f,0.2815f,-0.9069f,0f,0f,0f,0f,1f],start_interpolation: 0,interpolation_duration: 1}