# This file was generated by Animated Java via MC-Build. It is not recommended to edit this file directly.
$data merge entity $(bone_bone4) {transformation: [-0.9993f,-0.0269f,0.026f,0.1581f,-0.0318f,0.976f,-0.2155f,-1.3221f,-0.0196f,-0.2161f,-0.9762f,0.4222f,0f,0f,0f,1f],start_interpolation: 0,interpolation_duration: 1}
$data merge entity $(bone_bone) {transformation: [-0.9976f,-0.0529f,0.0454f,0.125f,-0.0697f,0.7354f,-0.674f,-0.8625f,0.0023f,-0.6756f,-0.7373f,0f,0f,0f,0f,1f],start_interpolation: 0,interpolation_duration: 1}
$data merge entity $(bone_bone5) {transformation: [-0.9992f,0.0162f,0.0359f,-0.165f,0.032f,0.8662f,0.4987f,-1.4385f,-0.023f,0.4995f,-0.866f,-0.2392f,0f,0f,0f,1f],start_interpolation: 0,interpolation_duration: 1}
$data merge entity $(bone_bone2) {transformation: [-0.9976f,0.064f,0.0277f,-0.125f,0.0697f,0.9217f,0.3817f,-0.8625f,-0.0011f,0.3827f,-0.9239f,0f,0f,0f,0f,1f],start_interpolation: 0,interpolation_duration: 1}
$data merge entity $(bone_head) {transformation: [-0.9853f,0.0226f,-0.1693f,0.068f,-0.0224f,0.9656f,0.2593f,-0.0113f,0.1693f,0.2592f,-0.9509f,0.2112f,0f,0f,0f,1f],start_interpolation: 0,interpolation_duration: 1}
$data merge entity $(bone_bone6) {transformation: [-0.9391f,-0.246f,-0.24f,0.6179f,-0.3296f,0.8425f,0.4262f,-0.8561f,0.0973f,0.4793f,-0.8722f,-0.5068f,0f,0f,0f,1f],start_interpolation: 0,interpolation_duration: 1}
$data merge entity $(bone_left_down_arm) {transformation: [-0.9391f,-0.246f,-0.24f,0.4795f,-0.3296f,0.8425f,0.4262f,-0.3822f,0.0973f,0.4793f,-0.8722f,-0.2372f,0f,0f,0f,1f],start_interpolation: 0,interpolation_duration: 1}
$data merge entity $(bone_left_upper_arm) {transformation: [-0.9391f,-0.1625f,-0.3029f,0.291f,-0.3296f,0.6753f,0.6598f,-0.128f,0.0973f,0.7194f,-0.6877f,0.0897f,0f,0f,0f,1f],start_interpolation: 0,interpolation_duration: 1}
$data merge entity $(bone_bone7) {transformation: [-0.7308f,-0.5774f,-0.3641f,-0.0193f,0.1249f,0.4113f,-0.9029f,-0.7517f,0.6711f,-0.7053f,-0.2284f,0.7615f,0f,0f,0f,1f],start_interpolation: 0,interpolation_duration: 1}
$data merge entity $(bone_left_down_arm2) {transformation: [-0.692f,-0.5435f,-0.4751f,-0.3547f,0.1997f,0.4884f,-0.8495f,-0.53f,0.6937f,-0.6827f,-0.2295f,0.3631f,0f,0f,0f,1f],start_interpolation: 0,interpolation_duration: 1}
$data merge entity $(bone_left_upper_arm2) {transformation: [-0.692f,0.1705f,-0.7015f,-0.1936f,0.1997f,0.979f,0.041f,-0.1267f,0.6937f,-0.1117f,-0.7115f,0.2275f,0f,0f,0f,1f],start_interpolation: 0,interpolation_duration: 1}
$data merge entity $(bone_upperbody) {transformation: [-0.9213f,0.0582f,-0.3844f,-0.1506f,-0.0227f,0.979f,0.2027f,-0.37f,0.3882f,0.1955f,-0.9006f,0.1544f,0f,0f,0f,1f],start_interpolation: 0,interpolation_duration: 1}
$data merge entity $(bone_downbody) {transformation: [-0.9213f,0.0915f,-0.3779f,0f,-0.0227f,0.9576f,0.2872f,-0.8625f,0.3882f,0.2732f,-0.8802f,0f,0f,0f,0f,1f],start_interpolation: 0,interpolation_duration: 1}