# This file was generated by Animated Java via MC-Build. It is not recommended to edit this file directly.
$data merge entity $(bone_bone4) {transformation: [-0.9993f,-0.0269f,0.026f,0.1581f,-0.0318f,0.976f,-0.2155f,-1.3471f,-0.0196f,-0.2161f,-0.9762f,0.4222f,0f,0f,0f,1f],start_interpolation: 0,interpolation_duration: 1}
$data merge entity $(bone_bone) {transformation: [-0.9976f,-0.0529f,0.0454f,0.125f,-0.0697f,0.7354f,-0.674f,-0.8875f,0.0023f,-0.6756f,-0.7373f,0f,0f,0f,0f,1f],start_interpolation: 0,interpolation_duration: 1}
$data merge entity $(bone_bone5) {transformation: [-0.9992f,0.0162f,0.0359f,-0.165f,0.032f,0.8662f,0.4987f,-1.4635f,-0.023f,0.4995f,-0.866f,-0.2392f,0f,0f,0f,1f],start_interpolation: 0,interpolation_duration: 1}
$data merge entity $(bone_bone2) {transformation: [-0.9976f,0.064f,0.0277f,-0.125f,0.0697f,0.9217f,0.3817f,-0.8875f,-0.0011f,0.3827f,-0.9239f,0f,0f,0f,0f,1f],start_interpolation: 0,interpolation_duration: 1}
$data merge entity $(bone_head) {transformation: [-0.9782f,0.0327f,-0.2052f,0.0845f,-0.0222f,0.9655f,0.2595f,-0.0359f,0.2066f,0.2584f,-0.9437f,0.2034f,0f,0f,0f,1f],start_interpolation: 0,interpolation_duration: 1}
$data merge entity $(bone_bone6) {transformation: [-0.9283f,-0.2071f,-0.3087f,0.5756f,-0.3293f,0.8434f,0.4245f,-0.8822f,0.1724f,0.4957f,-0.8512f,-0.5544f,0f,0f,0f,1f],start_interpolation: 0,interpolation_duration: 1}
$data merge entity $(bone_left_down_arm) {transformation: [-0.9283f,-0.2071f,-0.3087f,0.4591f,-0.3293f,0.8434f,0.4245f,-0.4078f,0.1724f,0.4957f,-0.8512f,-0.2756f,0f,0f,0f,1f],start_interpolation: 0,interpolation_duration: 1}
$data merge entity $(bone_left_upper_arm) {transformation: [-0.9283f,-0.1047f,-0.3567f,0.2972f,-0.3293f,0.6767f,0.6584f,-0.1528f,0.1724f,0.7287f,-0.6627f,0.0648f,0f,0f,0f,1f],start_interpolation: 0,interpolation_duration: 1}
$data merge entity $(bone_bone7) {transformation: [-0.675f,-0.6318f,-0.381f,0.0413f,0.1263f,0.4099f,-0.9033f,-0.7752f,0.7269f,-0.6579f,-0.197f,0.7604f,0f,0f,0f,1f],start_interpolation: 0,interpolation_duration: 1}
$data merge entity $(bone_left_down_arm2) {transformation: [-0.6346f,-0.5962f,-0.4918f,-0.3247f,0.2011f,0.4871f,-0.8499f,-0.5543f,0.7462f,-0.6382f,-0.1892f,0.3895f,0f,0f,0f,1f],start_interpolation: 0,interpolation_duration: 1}
$data merge entity $(bone_left_upper_arm2) {transformation: [-0.6346f,0.161f,-0.7559f,-0.175f,0.2011f,0.9788f,0.0396f,-0.1512f,0.7462f,-0.1269f,-0.6535f,0.2407f,0f,0f,0f,1f],start_interpolation: 0,interpolation_duration: 1}
$data merge entity $(bone_upperbody) {transformation: [-0.8875f,0.0735f,-0.4549f,-0.1379f,-0.0219f,0.9794f,0.2009f,-0.3947f,0.4603f,0.1883f,-0.8676f,0.1649f,0f,0f,0f,1f],start_interpolation: 0,interpolation_duration: 1}
$data merge entity $(bone_downbody) {transformation: [-0.8875f,0.1129f,-0.4468f,0f,-0.0219f,0.9581f,0.2855f,-0.8875f,0.4603f,0.2632f,-0.8478f,0f,0f,0f,0f,1f],start_interpolation: 0,interpolation_duration: 1}