# This file was generated by Animated Java via MC-Build. It is not recommended to edit this file directly.
$data merge entity $(bone_bone4) {transformation: [-0.9996f,-0.0272f,0.0053f,0.1653f,-0.0264f,0.993f,0.1153f,-1.4944f,-0.0084f,0.1151f,-0.9933f,0.158f,0f,0f,0f,1f],start_interpolation: 0,interpolation_duration: 1}
$data merge entity $(bone_bone) {transformation: [-0.9976f,-0.0644f,0.0266f,0.125f,-0.0697f,0.9342f,-0.3499f,-0.9105f,-0.0023f,-0.3509f,-0.9364f,-0.0613f,0f,0f,0f,1f],start_interpolation: 0,interpolation_duration: 1}
$data merge entity $(bone_bone5) {transformation: [-0.9993f,0.0184f,0.0321f,-0.166f,0.032f,0.8645f,0.5016f,-1.4857f,-0.0185f,0.5022f,-0.8645f,-0.3022f,0f,0f,0f,1f],start_interpolation: 0,interpolation_duration: 1}
$data merge entity $(bone_bone2) {transformation: [-0.9976f,0.0656f,0.0237f,-0.125f,0.0697f,0.9204f,0.3847f,-0.9105f,0.0034f,0.3854f,-0.9227f,-0.0613f,0f,0f,0f,1f],start_interpolation: 0,interpolation_duration: 1}
$data merge entity $(bone_head) {transformation: [-0.9696f,0.043f,-0.2408f,0.1004f,-0.0377f,0.9464f,0.3208f,-0.073f,0.2417f,0.3201f,-0.916f,0.1884f,0f,0f,0f,1f],start_interpolation: 0,interpolation_duration: 1}
$data merge entity $(bone_bone6) {transformation: [-0.9116f,-0.1671f,-0.3755f,0.5296f,-0.3443f,0.8093f,0.4759f,-0.8672f,0.2244f,0.5631f,-0.7953f,-0.6582f,0f,0f,0f,1f],start_interpolation: 0,interpolation_duration: 1}
$data merge entity $(bone_left_down_arm) {transformation: [-0.9116f,-0.1671f,-0.3755f,0.4356f,-0.3443f,0.8093f,0.4759f,-0.4119f,0.2244f,0.5631f,-0.7953f,-0.3415f,0f,0f,0f,1f],start_interpolation: 0,interpolation_duration: 1}
$data merge entity $(bone_left_upper_arm) {transformation: [-0.9116f,-0.0464f,-0.4084f,0.3014f,-0.3443f,0.6288f,0.6972f,-0.1799f,0.2244f,0.7762f,-0.5892f,0.0262f,0f,0f,0f,1f],start_interpolation: 0,interpolation_duration: 1}
$data merge entity $(bone_bone7) {transformation: [-0.6294f,-0.6267f,-0.4595f,0.0591f,0.058f,0.5517f,-0.832f,-0.9083f,0.7749f,-0.5503f,-0.3109f,0.6622f,0f,0f,0f,1f],start_interpolation: 0,interpolation_duration: 1}
$data merge entity $(bone_left_down_arm2) {transformation: [-0.5823f,-0.5843f,-0.5653f,-0.3049f,0.1258f,0.6222f,-0.7727f,-0.6066f,0.8032f,-0.5211f,-0.2888f,0.351f,0f,0f,0f,1f],start_interpolation: 0,interpolation_duration: 1}
$data merge entity $(bone_left_upper_arm2) {transformation: [-0.5823f,0.1754f,-0.7938f,-0.1553f,0.1258f,0.9841f,0.1252f,-0.1918f,0.8032f,-0.027f,-0.5952f,0.2388f,0f,0f,0f,1f],start_interpolation: 0,interpolation_duration: 1}
$data merge entity $(bone_upperbody) {transformation: [-0.848f,0.0882f,-0.5226f,-0.1244f,-0.0555f,0.9659f,0.2531f,-0.4298f,0.5271f,0.2436f,-0.8142f,0.145f,0f,0f,0f,1f],start_interpolation: 0,interpolation_duration: 1}
$data merge entity $(bone_downbody) {transformation: [-0.848f,0.1334f,-0.5129f,0f,-0.0555f,0.9401f,0.3363f,-0.9105f,0.5271f,0.3136f,-0.7898f,-0.0613f,0f,0f,0f,1f],start_interpolation: 0,interpolation_duration: 1}