# This file was generated by Animated Java via MC-Build. It is not recommended to edit this file directly.
$data merge entity $(bone_bone4) {transformation: [-0.9994f,-0.0268f,0.0228f,0.1597f,-0.0306f,0.9816f,-0.1884f,-1.3964f,-0.0173f,-0.189f,-0.9818f,0.3941f,0f,0f,0f,1f],start_interpolation: 0,interpolation_duration: 1}
$data merge entity $(bone_bone) {transformation: [-0.9976f,-0.0555f,0.0422f,0.125f,-0.0697f,0.7742f,-0.6291f,-0.9125f,0.0023f,-0.6305f,-0.7762f,0f,0f,0f,0f,1f],start_interpolation: 0,interpolation_duration: 1}
$data merge entity $(bone_bone5) {transformation: [-0.9993f,0.0176f,0.0335f,-0.1656f,0.0311f,0.8852f,0.4641f,-1.4975f,-0.0214f,0.4648f,-0.8852f,-0.2161f,0f,0f,0f,1f],start_interpolation: 0,interpolation_duration: 1}
$data merge entity $(bone_bone2) {transformation: [-0.9976f,0.065f,0.0252f,-0.125f,0.0697f,0.9361f,0.3448f,-0.9125f,-0.0011f,0.3458f,-0.9383f,0f,0f,0f,0f,1f],start_interpolation: 0,interpolation_duration: 1}
$data merge entity $(bone_head) {transformation: [-0.9696f,0.043f,-0.2408f,0.1004f,-0.0218f,0.9653f,0.2602f,-0.0605f,0.2436f,0.2575f,-0.9351f,0.1944f,0f,0f,0f,1f],start_interpolation: 0,interpolation_duration: 1}
$data merge entity $(bone_bone6) {transformation: [-0.9231f,-0.164f,-0.3478f,0.5337f,-0.299f,0.8749f,0.3809f,-0.9507f,0.2419f,0.4556f,-0.8567f,-0.5463f,0f,0f,0f,1f],start_interpolation: 0,interpolation_duration: 1}
$data merge entity $(bone_left_down_arm) {transformation: [-0.9231f,-0.164f,-0.3478f,0.4414f,-0.299f,0.8749f,0.3809f,-0.4585f,0.2419f,0.4556f,-0.8567f,-0.29f,0f,0f,0f,1f],start_interpolation: 0,interpolation_duration: 1}
$data merge entity $(bone_left_upper_arm) {transformation: [-0.9231f,-0.0564f,-0.3804f,0.3014f,-0.299f,0.7273f,0.6178f,-0.1777f,0.2419f,0.684f,-0.6882f,0.0395f,0f,0f,0f,1f],start_interpolation: 0,interpolation_duration: 1}
$data merge entity $(bone_bone7) {transformation: [-0.6265f,-0.6329f,-0.4549f,0.066f,0.115f,0.5022f,-0.8571f,-0.855f,0.7709f,-0.5892f,-0.2419f,0.7302f,0f,0f,0f,1f],start_interpolation: 0,interpolation_duration: 1}
$data merge entity $(bone_left_down_arm2) {transformation: [-0.5798f,-0.5909f,-0.561f,-0.3014f,0.1851f,0.575f,-0.7969f,-0.5814f,0.7935f,-0.5659f,-0.224f,0.3979f,0f,0f,0f,1f],start_interpolation: 0,interpolation_duration: 1}
$data merge entity $(bone_left_upper_arm2) {transformation: [-0.5798f,0.1684f,-0.7972f,-0.1553f,0.1851f,0.98f,0.0723f,-0.1757f,0.7935f,-0.1056f,-0.5994f,0.2525f,0f,0f,0f,1f],start_interpolation: 0,interpolation_duration: 1}
$data merge entity $(bone_upperbody) {transformation: [-0.848f,0.0882f,-0.5226f,-0.1244f,-0.0209f,0.9797f,0.1993f,-0.4194f,0.5296f,0.1799f,-0.829f,0.1744f,0f,0f,0f,1f],start_interpolation: 0,interpolation_duration: 1}
$data merge entity $(bone_downbody) {transformation: [-0.848f,0.1334f,-0.5129f,0f,-0.0209f,0.9586f,0.2839f,-0.9125f,0.5296f,0.2515f,-0.8101f,0f,0f,0f,0f,1f],start_interpolation: 0,interpolation_duration: 1}