# This file was generated by Animated Java via MC-Build. It is not recommended to edit this file directly.
$data merge entity $(bone_bone4) {transformation: [-0.9995f,-0.0267f,0.0195f,0.1612f,-0.0295f,0.9865f,-0.1612f,-1.4439f,-0.0149f,-0.1617f,-0.9867f,0.3645f,0f,0f,0f,1f],start_interpolation: 0,interpolation_duration: 1}
$data merge entity $(bone_bone) {transformation: [-0.9976f,-0.0579f,0.0388f,0.125f,-0.0697f,0.8102f,-0.582f,-0.9375f,0.0023f,-0.5833f,-0.8123f,0f,0f,0f,0f,1f],start_interpolation: 0,interpolation_duration: 1}
$data merge entity $(bone_bone5) {transformation: [-0.9993f,0.0189f,0.031f,-0.1662f,0.0304f,0.9029f,0.4287f,-1.5306f,-0.0199f,0.4293f,-0.9029f,-0.1927f,0f,0f,0f,1f],start_interpolation: 0,interpolation_duration: 1}
$data merge entity $(bone_bone2) {transformation: [-0.9976f,0.066f,0.0226f,-0.125f,0.0697f,0.949f,0.3075f,-0.9375f,-0.0011f,0.3083f,-0.9513f,0f,0f,0f,0f,1f],start_interpolation: 0,interpolation_duration: 1}
$data merge entity $(bone_head) {transformation: [-0.9752f,0.026f,-0.2198f,0.0808f,-0.0272f,0.9715f,0.2353f,-0.0806f,0.2197f,0.2355f,-0.9467f,0.1816f,0f,0f,0f,1f],start_interpolation: 0,interpolation_duration: 1}
$data merge entity $(bone_bone6) {transformation: [-0.9428f,-0.1898f,-0.2742f,0.5623f,-0.2744f,0.9089f,0.3142f,-1.0195f,0.1896f,0.3714f,-0.9089f,-0.4584f,0f,0f,0f,1f],start_interpolation: 0,interpolation_duration: 1}
$data merge entity $(bone_left_down_arm) {transformation: [-0.9428f,-0.1898f,-0.2742f,0.4556f,-0.2744f,0.9089f,0.3142f,-0.5082f,0.1896f,0.3714f,-0.9089f,-0.2495f,0f,0f,0f,1f],start_interpolation: 0,interpolation_duration: 1}
$data merge entity $(bone_left_upper_arm) {transformation: [-0.9428f,-0.1061f,-0.3162f,0.2913f,-0.2744f,0.7857f,0.5544f,-0.1988f,0.1896f,0.6094f,-0.7699f,0.0408f,0f,0f,0f,1f],start_interpolation: 0,interpolation_duration: 1}
$data merge entity $(bone_bone7) {transformation: [-0.6801f,-0.552f,-0.4824f,-0.0119f,0.1115f,0.5725f,-0.8123f,-0.9182f,0.7245f,-0.6063f,-0.3278f,0.7003f,0f,0f,0f,1f],start_interpolation: 0,interpolation_duration: 1}
$data merge entity $(bone_left_down_arm2) {transformation: [-0.6315f,-0.5078f,-0.586f,-0.3342f,0.1773f,0.6411f,-0.7467f,-0.6043f,0.7549f,-0.5754f,-0.3148f,0.357f,0f,0f,0f,1f],start_interpolation: 0,interpolation_duration: 1}
$data merge entity $(bone_left_upper_arm2) {transformation: [-0.6315f,0.1798f,-0.7543f,-0.1766f,0.1773f,0.9805f,0.0852f,-0.1975f,0.7549f,-0.0799f,-0.651f,0.2277f,0f,0f,0f,1f],start_interpolation: 0,interpolation_duration: 1}
$data merge entity $(bone_upperbody) {transformation: [-0.8763f,0.0681f,-0.477f,-0.1389f,-0.0194f,0.9841f,0.1763f,-0.4423f,0.4814f,0.1638f,-0.861f,0.1567f,0f,0f,0f,1f],start_interpolation: 0,interpolation_duration: 1}
$data merge entity $(bone_downbody) {transformation: [-0.8763f,0.1095f,-0.4692f,0f,-0.0194f,0.965f,0.2614f,-0.9375f,0.4814f,0.2382f,-0.8435f,0f,0f,0f,0f,1f],start_interpolation: 0,interpolation_duration: 1}