# This file was generated by Animated Java via MC-Build. It is not recommended to edit this file directly.
$data merge entity $(bone_bone4) {transformation: [-0.9995f,-0.0266f,0.0162f,0.1626f,-0.0286f,0.9906f,-0.1339f,-1.4535f,-0.0125f,-0.1343f,-0.9909f,0.3337f,0f,0f,0f,1f],start_interpolation: 0,interpolation_duration: 1}
$data merge entity $(bone_bone) {transformation: [-0.9976f,-0.0601f,0.0353f,0.125f,-0.0697f,0.8434f,-0.5328f,-0.9264f,0.0023f,-0.5339f,-0.8455f,0f,0f,0f,0f,1f],start_interpolation: 0,interpolation_duration: 1}
$data merge entity $(bone_bone5) {transformation: [-0.9994f,0.0201f,0.0285f,-0.1668f,0.0297f,0.9192f,0.3926f,-1.5267f,-0.0183f,0.3932f,-0.9193f,-0.1689f,0f,0f,0f,1f],start_interpolation: 0,interpolation_duration: 1}
$data merge entity $(bone_bone2) {transformation: [-0.9976f,0.0668f,0.0199f,-0.125f,0.0697f,0.9605f,0.2696f,-0.9264f,-0.0011f,0.2703f,-0.9628f,0f,0f,0f,0f,1f],start_interpolation: 0,interpolation_duration: 1}
$data merge entity $(bone_head) {transformation: [-0.9802f,0.0115f,-0.1979f,0.063f,-0.0309f,0.9772f,0.21f,-0.0651f,0.1958f,0.2119f,-0.9575f,0.167f,0f,0f,0f,1f],start_interpolation: 0,interpolation_duration: 1}
$data merge entity $(bone_bone6) {transformation: [-0.9589f,-0.2045f,-0.1966f,0.5803f,-0.2498f,0.9371f,0.2437f,-1.0468f,0.1344f,0.2828f,-0.9497f,-0.365f,0f,0f,0f,1f],start_interpolation: 0,interpolation_duration: 1}
$data merge entity $(bone_left_down_arm) {transformation: [-0.9589f,-0.2045f,-0.1966f,0.4653f,-0.2498f,0.9371f,0.2437f,-0.5196f,0.1344f,0.2828f,-0.9497f,-0.2059f,0f,0f,0f,1f],start_interpolation: 0,interpolation_duration: 1}
$data merge entity $(bone_left_upper_arm) {transformation: [-0.9589f,-0.1447f,-0.244f,0.2821f,-0.2498f,0.8383f,0.4846f,-0.1841f,0.1344f,0.5257f,-0.84f,0.0408f,0f,0f,0f,1f],start_interpolation: 0,interpolation_duration: 1}
$data merge entity $(bone_bone7) {transformation: [-0.7296f,-0.4692f,-0.4975f,-0.0871f,0.1085f,0.6388f,-0.7617f,-0.9434f,0.6752f,-0.6097f,-0.4152f,0.6602f,0f,0f,0f,1f],start_interpolation: 0,interpolation_duration: 1}
$data merge entity $(bone_left_down_arm2) {transformation: [-0.6801f,-0.4241f,-0.598f,-0.363f,0.1693f,0.7028f,-0.691f,-0.5913f,0.7133f,-0.5712f,-0.4061f,0.3136f,0f,0f,0f,1f],start_interpolation: 0,interpolation_duration: 1}
$data merge entity $(bone_left_upper_arm2) {transformation: [-0.6801f,0.1883f,-0.7085f,-0.1956f,0.1693f,0.9807f,0.0981f,-0.1834f,0.7133f,-0.0533f,-0.6988f,0.2011f,0f,0f,0f,1f],start_interpolation: 0,interpolation_duration: 1}
$data merge entity $(bone_upperbody) {transformation: [-0.9018f,0.0503f,-0.4292f,-0.1518f,-0.0178f,0.9881f,0.1531f,-0.4293f,0.4318f,0.1457f,-0.8901f,0.1377f,0f,0f,0f,1f],start_interpolation: 0,interpolation_duration: 1}
$data merge entity $(bone_downbody) {transformation: [-0.9018f,0.0875f,-0.4232f,0f,-0.0178f,0.9709f,0.2386f,-0.9264f,0.4318f,0.2227f,-0.874f,0f,0f,0f,0f,1f],start_interpolation: 0,interpolation_duration: 1}