# This file was generated by Animated Java via MC-Build. It is not recommended to edit this file directly.
$data merge entity $(bone_bone4) {transformation: [-0.9996f,-0.0265f,0.0129f,0.1638f,-0.0278f,0.9939f,-0.1065f,-1.4613f,-0.01f,-0.1068f,-0.9942f,0.3017f,0f,0f,0f,1f],start_interpolation: 0,interpolation_duration: 1}
$data merge entity $(bone_bone) {transformation: [-0.9976f,-0.0621f,0.0316f,0.125f,-0.0697f,0.8736f,-0.4817f,-0.9153f,0.0023f,-0.4827f,-0.8758f,0f,0f,0f,0f,1f],start_interpolation: 0,interpolation_duration: 1}
$data merge entity $(bone_bone5) {transformation: [-0.9994f,0.0212f,0.026f,-0.1672f,0.029f,0.9341f,0.356f,-1.5218f,-0.0167f,0.3565f,-0.9341f,-0.1449f,0f,0f,0f,1f],start_interpolation: 0,interpolation_duration: 1}
$data merge entity $(bone_bone2) {transformation: [-0.9976f,0.0676f,0.0173f,-0.125f,0.0697f,0.9704f,0.2313f,-0.9153f,-0.0011f,0.2319f,-0.9727f,0f,0f,0f,0f,1f],start_interpolation: 0,interpolation_duration: 1}
$data merge entity $(bone_head) {transformation: [-0.9846f,-0.0002f,-0.175f,0.0471f,-0.0329f,0.9823f,0.1842f,-0.0499f,0.1719f,0.1871f,-0.9672f,0.1507f,0f,0f,0f,1f],start_interpolation: 0,interpolation_duration: 1}
$data merge entity $(bone_bone6) {transformation: [-0.9712f,-0.2075f,-0.1167f,0.5869f,-0.2254f,0.9593f,0.1702f,-1.0681f,0.0766f,0.1916f,-0.9785f,-0.2678f,0f,0f,0f,1f],start_interpolation: 0,interpolation_duration: 1}
$data merge entity $(bone_left_down_arm) {transformation: [-0.9712f,-0.2075f,-0.1167f,0.4701f,-0.2254f,0.9593f,0.1702f,-0.5285f,0.0766f,0.1916f,-0.9785f,-0.16f,0f,0f,0f,1f],start_interpolation: 0,interpolation_duration: 1}
$data merge entity $(bone_left_upper_arm) {transformation: [-0.9712f,-0.1709f,-0.1657f,0.2739f,-0.2254f,0.8842f,0.4091f,-0.1699f,0.0766f,0.4347f,-0.8973f,0.0398f,0f,0f,0f,1f],start_interpolation: 0,interpolation_duration: 1}
$data merge entity $(bone_bone7) {transformation: [-0.7747f,-0.3867f,-0.5002f,-0.1581f,0.1058f,0.7007f,-0.7056f,-0.9665f,0.6234f,-0.5996f,-0.5019f,0.6103f,0f,0f,0f,1f],start_interpolation: 0,interpolation_duration: 1}
$data merge entity $(bone_left_down_arm2) {transformation: [-0.7254f,-0.3417f,-0.5975f,-0.3876f,0.1613f,0.7595f,-0.6302f,-0.5786f,0.6691f,-0.5535f,-0.4959f,0.2679f,0f,0f,0f,1f],start_interpolation: 0,interpolation_duration: 1}
$data merge entity $(bone_left_upper_arm2) {transformation: [-0.7254f,0.194f,-0.6604f,-0.2121f,0.1613f,0.9807f,0.1109f,-0.1697f,0.6691f,-0.0261f,-0.7427f,0.1729f,0f,0f,0f,1f],start_interpolation: 0,interpolation_duration: 1}
$data merge entity $(bone_upperbody) {transformation: [-0.9245f,0.0347f,-0.3795f,-0.163f,-0.016f,0.9914f,0.1296f,-0.4166f,0.3808f,0.1258f,-0.9161f,0.1176f,0f,0f,0f,1f],start_interpolation: 0,interpolation_duration: 1}
$data merge entity $(bone_downbody) {transformation: [-0.9245f,0.0677f,-0.3751f,0f,-0.016f,0.9764f,0.2155f,-0.9153f,0.3808f,0.2052f,-0.9016f,0f,0f,0f,0f,1f],start_interpolation: 0,interpolation_duration: 1}