# This file was generated by Animated Java via MC-Build. It is not recommended to edit this file directly.
$data merge entity $(bone_bone4) {transformation: [-0.9996f,-0.0264f,0.0096f,0.1649f,-0.0271f,0.9965f,-0.079f,-1.4671f,-0.0075f,-0.0792f,-0.9968f,0.2686f,0f,0f,0f,1f],start_interpolation: 0,interpolation_duration: 1}
$data merge entity $(bone_bone) {transformation: [-0.9976f,-0.0639f,0.0279f,0.125f,-0.0697f,0.9007f,-0.4289f,-0.9042f,0.0023f,-0.4298f,-0.9029f,0f,0f,0f,0f,1f],start_interpolation: 0,interpolation_duration: 1}
$data merge entity $(bone_bone5) {transformation: [-0.9995f,0.0221f,0.0234f,-0.1676f,0.0284f,0.9474f,0.3187f,-1.5159f,-0.0151f,0.3192f,-0.9476f,-0.1207f,0f,0f,0f,1f],start_interpolation: 0,interpolation_duration: 1}
$data merge entity $(bone_bone2) {transformation: [-0.9976f,0.0682f,0.0146f,-0.125f,0.0697f,0.9788f,0.1926f,-0.9042f,-0.0011f,0.1932f,-0.9812f,0f,0f,0f,0f,1f],start_interpolation: 0,interpolation_duration: 1}
$data merge entity $(bone_head) {transformation: [-0.9884f,-0.0091f,-0.1513f,0.0334f,-0.0333f,0.9869f,0.1581f,-0.0353f,0.1479f,0.1613f,-0.9758f,0.1329f,0f,0f,0f,1f],start_interpolation: 0,interpolation_duration: 1}
$data merge entity $(bone_bone6) {transformation: [-0.9794f,-0.1988f,-0.036f,0.5816f,-0.2014f,0.975f,0.0939f,-1.083f,0.0164f,0.0992f,-0.9949f,-0.1683f,0f,0f,0f,1f],start_interpolation: 0,interpolation_duration: 1}
$data merge entity $(bone_left_down_arm) {transformation: [-0.9794f,-0.1988f,-0.036f,0.4697f,-0.2014f,0.975f,0.0939f,-0.5346f,0.0164f,0.0992f,-0.9949f,-0.1125f,0f,0f,0f,1f],start_interpolation: 0,interpolation_duration: 1}
$data merge entity $(bone_left_upper_arm) {transformation: [-0.9794f,-0.1841f,-0.0833f,0.2668f,-0.2014f,0.9228f,0.3285f,-0.1561f,0.0164f,0.3385f,-0.9408f,0.0376f,0f,0f,0f,1f],start_interpolation: 0,interpolation_duration: 1}
$data merge entity $(bone_bone7) {transformation: [-0.8155f,-0.3064f,-0.491f,-0.2238f,0.1034f,0.7576f,-0.6445f,-0.9871f,0.5695f,-0.5763f,-0.5861f,0.5511f,0f,0f,0f,1f],start_interpolation: 0,interpolation_duration: 1}
$data merge entity $(bone_left_down_arm2) {transformation: [-0.7674f,-0.2624f,-0.585f,-0.408f,0.1532f,0.8109f,-0.5648f,-0.5662f,0.6226f,-0.523f,-0.5821f,0.2205f,0f,0f,0f,1f],start_interpolation: 0,interpolation_duration: 1}
$data merge entity $(bone_left_upper_arm2) {transformation: [-0.7674f,0.1969f,-0.6102f,-0.2259f,0.1532f,0.9804f,0.1237f,-0.1564f,0.6226f,0.0014f,-0.7826f,0.1433f,0f,0f,0f,1f],start_interpolation: 0,interpolation_duration: 1}
$data merge entity $(bone_upperbody) {transformation: [-0.9444f,0.0216f,-0.3282f,-0.1723f,-0.014f,0.9943f,0.1057f,-0.4041f,0.3286f,0.1044f,-0.9387f,0.0967f,0f,0f,0f,1f],start_interpolation: 0,interpolation_duration: 1}
$data merge entity $(bone_downbody) {transformation: [-0.9444f,0.0501f,-0.3251f,0f,-0.014f,0.9813f,0.192f,-0.9042f,0.3286f,0.1858f,-0.926f,0f,0f,0f,0f,1f],start_interpolation: 0,interpolation_duration: 1}