# This file was generated by Animated Java via MC-Build. It is not recommended to edit this file directly.
$data merge entity $(bone_bone4) {transformation: [-0.9996f,-0.0263f,0.0063f,0.1659f,-0.0266f,0.9983f,-0.0514f,-1.4709f,-0.005f,-0.0515f,-0.9987f,0.2346f,0f,0f,0f,1f],start_interpolation: 0,interpolation_duration: 1}
$data merge entity $(bone_bone) {transformation: [-0.9976f,-0.0654f,0.024f,0.125f,-0.0697f,0.9246f,-0.3746f,-0.8931f,0.0023f,-0.3753f,-0.9269f,0f,0f,0f,0f,1f],start_interpolation: 0,interpolation_duration: 1}
$data merge entity $(bone_bone5) {transformation: [-0.9995f,0.023f,0.0207f,-0.168f,0.0279f,0.9593f,0.281f,-1.5091f,-0.0134f,0.2814f,-0.9595f,-0.0963f,0f,0f,0f,1f],start_interpolation: 0,interpolation_duration: 1}
$data merge entity $(bone_bone2) {transformation: [-0.9976f,0.0687f,0.0119f,-0.125f,0.0697f,0.9857f,0.1536f,-0.8931f,-0.0011f,0.1541f,-0.9881f,0f,0f,0f,0f,1f],start_interpolation: 0,interpolation_duration: 1}
$data merge entity $(bone_head) {transformation: [-0.9918f,-0.015f,-0.127f,0.0218f,-0.0319f,0.9908f,0.1318f,-0.0211f,0.1239f,0.1348f,-0.9831f,0.1137f,0f,0f,0f,1f],start_interpolation: 0,interpolation_duration: 1}
$data merge entity $(bone_bone6) {transformation: [-0.983f,-0.1783f,0.0438f,0.5643f,-0.1778f,0.9839f,0.0156f,-1.0911f,-0.0458f,0.0076f,-0.9989f,-0.0685f,0f,0f,0f,1f],start_interpolation: 0,interpolation_duration: 1}
$data merge entity $(bone_left_down_arm) {transformation: [-0.983f,-0.1783f,0.0438f,0.464f,-0.1778f,0.9839f,0.0156f,-0.5376f,-0.0458f,0.0076f,-0.9989f,-0.0642f,0f,0f,0f,1f],start_interpolation: 0,interpolation_duration: 1}
$data merge entity $(bone_left_upper_arm) {transformation: [-0.983f,-0.1836f,0.0012f,0.2608f,-0.1778f,0.9535f,0.2434f,-0.1427f,-0.0458f,0.239f,-0.9699f,0.0346f,0f,0f,0f,1f],start_interpolation: 0,interpolation_duration: 1}
$data merge entity $(bone_bone7) {transformation: [-0.8518f,-0.23f,-0.4707f,-0.2831f,0.1013f,0.8092f,-0.5788f,-1.005f,0.514f,-0.5407f,-0.666f,0.4834f,0f,0f,0f,1f],start_interpolation: 0,interpolation_duration: 1}
$data merge entity $(bone_left_down_arm2) {transformation: [-0.8059f,-0.1881f,-0.5613f,-0.424f,0.145f,0.8565f,-0.4953f,-0.5541f,0.574f,-0.4806f,-0.663f,0.1716f,0f,0f,0f,1f],start_interpolation: 0,interpolation_duration: 1}
$data merge entity $(bone_left_upper_arm2) {transformation: [-0.8059f,0.1969f,-0.5583f,-0.2371f,0.145f,0.98f,0.1363f,-0.1435f,0.574f,0.0289f,-0.8184f,0.1125f,0f,0f,0f,1f],start_interpolation: 0,interpolation_duration: 1}
$data merge entity $(bone_upperbody) {transformation: [-0.9612f,0.0111f,-0.2755f,-0.1798f,-0.0118f,0.9966f,0.0815f,-0.3919f,0.2754f,0.0817f,-0.9578f,0.0749f,0f,0f,0f,1f],start_interpolation: 0,interpolation_duration: 1}
$data merge entity $(bone_downbody) {transformation: [-0.9612f,0.0351f,-0.2734f,0f,-0.0118f,0.9857f,0.1681f,-0.8931f,0.2754f,0.1648f,-0.9471f,0f,0f,0f,0f,1f],start_interpolation: 0,interpolation_duration: 1}