# This file was generated by Animated Java via MC-Build. It is not recommended to edit this file directly.
$data merge entity $(bone_bone4) {transformation: [-0.9997f,-0.0262f,0.003f,0.1667f,-0.0262f,0.9994f,-0.0238f,-1.4727f,-0.0024f,-0.0238f,-0.9997f,0.1997f,0f,0f,0f,1f],start_interpolation: 0,interpolation_duration: 1}
$data merge entity $(bone_bone) {transformation: [-0.9976f,-0.0667f,0.0201f,0.125f,-0.0697f,0.9452f,-0.3189f,-0.8819f,0.0023f,-0.3195f,-0.9476f,0f,0f,0f,0f,1f],start_interpolation: 0,interpolation_duration: 1}
$data merge entity $(bone_bone5) {transformation: [-0.9996f,0.0238f,0.0181f,-0.1682f,0.0275f,0.9697f,0.2428f,-1.5013f,-0.0118f,0.2432f,-0.9699f,-0.0717f,0f,0f,0f,1f],start_interpolation: 0,interpolation_duration: 1}
$data merge entity $(bone_bone2) {transformation: [-0.9976f,0.0691f,0.0091f,-0.125f,0.0697f,0.991f,0.1144f,-0.8819f,-0.0011f,0.1148f,-0.9934f,0f,0f,0f,0f,1f],start_interpolation: 0,interpolation_duration: 1}
$data merge entity $(bone_head) {transformation: [-0.9946f,-0.018f,-0.1021f,0.0126f,-0.0288f,0.994f,0.1053f,-0.0074f,0.0996f,0.1077f,-0.9892f,0.0934f,0f,0f,0f,1f],start_interpolation: 0,interpolation_duration: 1}
$data merge entity $(bone_bone6) {transformation: [-0.9818f,-0.1463f,0.1208f,0.535f,-0.1548f,0.9859f,-0.0642f,-1.0919f,-0.1098f,-0.0817f,-0.9906f,0.0299f,0f,0f,0f,1f],start_interpolation: 0,interpolation_duration: 1}
$data merge entity $(bone_left_down_arm) {transformation: [-0.9818f,-0.1463f,0.1208f,0.4528f,-0.1548f,0.9859f,-0.0642f,-0.5373f,-0.1098f,-0.0817f,-0.9906f,-0.016f,0f,0f,0f,1f],start_interpolation: 0,interpolation_duration: 1}
$data merge entity $(bone_left_upper_arm) {transformation: [-0.9818f,-0.1693f,0.0857f,0.256f,-0.1548f,0.9758f,0.1546f,-0.1298f,-0.1098f,0.1385f,-0.9843f,0.0309f,0f,0f,0f,1f],start_interpolation: 0,interpolation_duration: 1}
$data merge entity $(bone_bone7) {transformation: [-0.8837f,-0.1592f,-0.4401f,-0.3349f,0.0995f,0.855f,-0.5089f,-1.0201f,0.4573f,-0.4935f,-0.7398f,0.408f,0f,0f,0f,1f],start_interpolation: 0,interpolation_duration: 1}
$data merge entity $(bone_left_down_arm2) {transformation: [-0.8409f,-0.1202f,-0.5276f,-0.4355f,0.1368f,0.8961f,-0.4222f,-0.5424f,0.5236f,-0.4272f,-0.7371f,0.1217f,0f,0f,0f,1f],start_interpolation: 0,interpolation_duration: 1}
$data merge entity $(bone_left_upper_arm2) {transformation: [-0.8409f,0.1942f,-0.5051f,-0.2455f,0.1368f,0.9794f,0.1488f,-0.131f,0.5236f,0.056f,-0.8501f,0.0807f,0f,0f,0f,1f],start_interpolation: 0,interpolation_duration: 1}
$data merge entity $(bone_upperbody) {transformation: [-0.9751f,0.0033f,-0.2216f,-0.1853f,-0.0096f,0.9983f,0.0571f,-0.38f,0.2214f,0.0578f,-0.9735f,0.0524f,0f,0f,0f,1f],start_interpolation: 0,interpolation_duration: 1}
$data merge entity $(bone_downbody) {transformation: [-0.9751f,0.0226f,-0.2204f,0f,-0.0096f,0.9895f,0.1439f,-0.8819f,0.2214f,0.1424f,-0.9647f,0f,0f,0f,0f,1f],start_interpolation: 0,interpolation_duration: 1}