# This file was generated by Animated Java via MC-Build. It is not recommended to edit this file directly.
$data merge entity $(bone_bone4) {transformation: [-0.9997f,-0.026f,-0.0003f,0.1674f,-0.026f,0.9997f,0.0039f,-1.4724f,0.0002f,0.0039f,-1f,0.1641f,0f,0f,0f,1f],start_interpolation: 0,interpolation_duration: 1}
$data merge entity $(bone_bone) {transformation: [-0.9976f,-0.0678f,0.0161f,0.125f,-0.0697f,0.9625f,-0.2621f,-0.8708f,0.0023f,-0.2626f,-0.9649f,0f,0f,0f,0f,1f],start_interpolation: 0,interpolation_duration: 1}
$data merge entity $(bone_bone5) {transformation: [-0.9996f,0.0244f,0.0154f,-0.1684f,0.0271f,0.9785f,0.2042f,-1.4925f,-0.0101f,0.2046f,-0.9788f,-0.0471f,0f,0f,0f,1f],start_interpolation: 0,interpolation_duration: 1}
$data merge entity $(bone_bone2) {transformation: [-0.9976f,0.0694f,0.0064f,-0.125f,0.0697f,0.9947f,0.075f,-0.8708f,-0.0011f,0.0753f,-0.9972f,0f,0f,0f,0f,1f],start_interpolation: 0,interpolation_duration: 1}
$data merge entity $(bone_head) {transformation: [-0.9969f,-0.018f,-0.0769f,0.0057f,-0.024f,0.9966f,0.0789f,0.0058f,0.0752f,0.0805f,-0.9939f,0.0723f,0f,0f,0f,1f],start_interpolation: 0,interpolation_duration: 1}
$data merge entity $(bone_bone6) {transformation: [-0.9825f,-0.1518f,0.1075f,0.5354f,-0.1626f,0.9816f,-0.1002f,-1.0783f,-0.0903f,-0.1159f,-0.9891f,0.0622f,0f,0f,0f,1f],start_interpolation: 0,interpolation_duration: 1}
$data merge entity $(bone_left_down_arm) {transformation: [-0.9825f,-0.1518f,0.1075f,0.45f,-0.1626f,0.9816f,-0.1002f,-0.5261f,-0.0903f,-0.1159f,-0.9891f,-0.003f,0f,0f,0f,1f],start_interpolation: 0,interpolation_duration: 1}
$data merge entity $(bone_left_upper_arm) {transformation: [-0.9825f,-0.1709f,0.0735f,0.2525f,-0.1626f,0.9809f,0.1069f,-0.1173f,-0.0903f,0.0931f,-0.9916f,0.0265f,0f,0f,0f,1f],start_interpolation: 0,interpolation_duration: 1}
$data merge entity $(bone_bone7) {transformation: [-0.921f,-0.0778f,-0.3817f,-0.3919f,0.1259f,0.8679f,-0.4806f,-1.0134f,0.3687f,-0.4907f,-0.7895f,0.376f,0f,0f,0f,1f],start_interpolation: 0,interpolation_duration: 1}
$data merge entity $(bone_left_down_arm2) {transformation: [-0.8838f,-0.0442f,-0.4659f,-0.4459f,0.1606f,0.9065f,-0.3906f,-0.5279f,0.4395f,-0.42f,-0.794f,0.0901f,0f,0f,0f,1f],start_interpolation: 0,interpolation_duration: 1}
$data merge entity $(bone_left_upper_arm2) {transformation: [-0.8838f,0.193f,-0.4263f,-0.251f,0.1606f,0.9808f,0.1111f,-0.1189f,0.4395f,0.0297f,-0.8977f,0.0482f,0f,0f,0f,1f],start_interpolation: 0,interpolation_duration: 1}
$data merge entity $(bone_upperbody) {transformation: [-0.986f,-0.0018f,-0.1668f,-0.1889f,-0.0073f,0.9995f,0.0323f,-0.3683f,0.1666f,0.0331f,-0.9855f,0.0295f,0f,0f,0f,1f],start_interpolation: 0,interpolation_duration: 1}
$data merge entity $(bone_downbody) {transformation: [-0.986f,0.0127f,-0.1663f,0f,-0.0073f,0.9928f,0.1193f,-0.8708f,0.1666f,0.1189f,-0.9788f,0f,0f,0f,0f,1f],start_interpolation: 0,interpolation_duration: 1}