# This file was generated by Animated Java via MC-Build. It is not recommended to edit this file directly.
$data merge entity $(bone_bone4) {transformation: [-0.9997f,-0.0259f,-0.0036f,0.1679f,-0.026f,0.9992f,0.0315f,-1.47f,0.0028f,0.0316f,-0.9995f,0.128f,0f,0f,0f,1f],start_interpolation: 0,interpolation_duration: 1}
$data merge entity $(bone_bone) {transformation: [-0.9976f,-0.0686f,0.012f,0.125f,-0.0697f,0.9764f,-0.2044f,-0.8597f,0.0023f,-0.2048f,-0.9788f,0f,0f,0f,0f,1f],start_interpolation: 0,interpolation_duration: 1}
$data merge entity $(bone_bone5) {transformation: [-0.9996f,0.025f,0.0127f,-0.1685f,0.0268f,0.9859f,0.1654f,-1.4828f,-0.0084f,0.1656f,-0.9862f,-0.0223f,0f,0f,0f,1f],start_interpolation: 0,interpolation_duration: 1}
$data merge entity $(bone_bone2) {transformation: [-0.9976f,0.0696f,0.0036f,-0.125f,0.0697f,0.9969f,0.0355f,-0.8597f,-0.0011f,0.0357f,-0.9994f,0f,0f,0f,0f,1f],start_interpolation: 0,interpolation_duration: 1}
$data merge entity $(bone_head) {transformation: [-0.9986f,-0.015f,-0.0513f,0.0013f,-0.0176f,0.9985f,0.0524f,0.0185f,0.0505f,0.0532f,-0.9973f,0.0504f,0f,0f,0f,1f],start_interpolation: 0,interpolation_duration: 1}
$data merge entity $(bone_bone6) {transformation: [-0.9836f,-0.1539f,0.0938f,0.5339f,-0.1659f,0.9766f,-0.1368f,-1.0646f,-0.0705f,-0.1501f,-0.9861f,0.0942f,0f,0f,0f,1f],start_interpolation: 0,interpolation_duration: 1}
$data merge entity $(bone_left_down_arm) {transformation: [-0.9836f,-0.1539f,0.0938f,0.4473f,-0.1659f,0.9766f,-0.1368f,-0.5153f,-0.0705f,-0.1501f,-0.9861f,0.0098f,0f,0f,0f,1f],start_interpolation: 0,interpolation_duration: 1}
$data merge entity $(bone_left_upper_arm) {transformation: [-0.9836f,-0.1694f,0.0616f,0.2503f,-0.1659f,0.9844f,0.0583f,-0.1053f,-0.0705f,0.0471f,-0.9964f,0.0216f,0f,0f,0f,1f],start_interpolation: 0,interpolation_duration: 1}
$data merge entity $(bone_bone7) {transformation: [-0.9493f,0.0004f,-0.3144f,-0.4451f,0.1505f,0.8785f,-0.4534f,-1.0054f,0.276f,-0.4777f,-0.834f,0.3374f,0f,0f,0f,1f],start_interpolation: 0,interpolation_duration: 1}
$data merge entity $(bone_left_down_arm2) {transformation: [-0.9184f,0.0278f,-0.3947f,-0.4542f,0.1826f,0.9147f,-0.3605f,-0.5135f,0.351f,-0.4032f,-0.8451f,0.0578f,0f,0f,0f,1f],start_interpolation: 0,interpolation_duration: 1}
$data merge entity $(bone_left_upper_arm2) {transformation: [-0.9184f,0.1961f,-0.3437f,-0.2536f,0.1826f,0.9806f,0.0715f,-0.1073f,0.351f,0.0029f,-0.9364f,0.0151f,0f,0f,0f,1f],start_interpolation: 0,interpolation_duration: 1}
$data merge entity $(bone_upperbody) {transformation: [-0.9938f,-0.0041f,-0.1114f,-0.1905f,-0.0049f,1f,0.0073f,-0.357f,0.1114f,0.0078f,-0.9937f,0.0062f,0f,0f,0f,1f],start_interpolation: 0,interpolation_duration: 1}
$data merge entity $(bone_downbody) {transformation: [-0.9938f,0.0057f,-0.1113f,0f,-0.0049f,0.9955f,0.0944f,-0.8597f,0.1114f,0.0944f,-0.9893f,0f,0f,0f,0f,1f],start_interpolation: 0,interpolation_duration: 1}