# This file was generated by Animated Java via MC-Build. It is not recommended to edit this file directly.
$data merge entity $(bone_bone4) {transformation: [-0.9996f,-0.0257f,-0.0069f,0.1683f,-0.0261f,0.9979f,0.0591f,-1.4654f,0.0054f,0.0592f,-0.9982f,0.0914f,0f,0f,0f,1f],start_interpolation: 0,interpolation_duration: 1}
$data merge entity $(bone_bone) {transformation: [-0.9976f,-0.0692f,0.0079f,0.125f,-0.0697f,0.9868f,-0.146f,-0.8486f,0.0023f,-0.1462f,-0.9893f,0f,0f,0f,0f,1f],start_interpolation: 0,interpolation_duration: 1}
$data merge entity $(bone_bone5) {transformation: [-0.9996f,0.0254f,0.01f,-0.1686f,0.0265f,0.9916f,0.1262f,-1.4721f,-0.0067f,0.1264f,-0.992f,0.0025f,0f,0f,0f,1f],start_interpolation: 0,interpolation_duration: 1}
$data merge entity $(bone_bone2) {transformation: [-0.9976f,0.0697f,0.0009f,-0.125f,0.0697f,0.9976f,-0.004f,-0.8486f,-0.0011f,-0.004f,-1f,0f,0f,0f,0f,1f],start_interpolation: 0,interpolation_duration: 1}
$data merge entity $(bone_head) {transformation: [-0.9996f,-0.0089f,-0.0257f,-0.0006f,-0.0096f,0.9996f,0.0261f,0.0306f,0.0254f,0.0263f,-0.9993f,0.028f,0f,0f,0f,1f],start_interpolation: 0,interpolation_duration: 1}
$data merge entity $(bone_bone6) {transformation: [-0.9851f,-0.1527f,0.0795f,0.5306f,-0.1645f,0.971f,-0.1736f,-1.0509f,-0.0507f,-0.1841f,-0.9816f,0.1257f,0f,0f,0f,1f],start_interpolation: 0,interpolation_duration: 1}
$data merge entity $(bone_left_down_arm) {transformation: [-0.9851f,-0.1527f,0.0795f,0.4447f,-0.1645f,0.971f,-0.1736f,-0.5047f,-0.0507f,-0.1841f,-0.9816f,0.0222f,0f,0f,0f,1f],start_interpolation: 0,interpolation_duration: 1}
$data merge entity $(bone_left_upper_arm) {transformation: [-0.9851f,-0.1648f,0.0498f,0.2494f,-0.1645f,0.9863f,0.0094f,-0.0938f,-0.0507f,0.0011f,-0.9987f,0.0163f,0f,0f,0f,1f],start_interpolation: 0,interpolation_duration: 1}
$data merge entity $(bone_bone7) {transformation: [-0.9682f,0.0739f,-0.2389f,-0.4938f,0.1732f,0.8873f,-0.4275f,-0.9964f,0.1804f,-0.4553f,-0.8719f,0.2926f,0f,0f,0f,1f],start_interpolation: 0,interpolation_duration: 1}
$data merge entity $(bone_left_down_arm2) {transformation: [-0.9444f,0.0944f,-0.3151f,-0.4604f,0.2029f,0.9211f,-0.3321f,-0.499f,0.2589f,-0.3776f,-0.889f,0.0247f,0f,0f,0f,1f],start_interpolation: 0,interpolation_duration: 1}
$data merge entity $(bone_left_upper_arm2) {transformation: [-0.9444f,0.2037f,-0.2582f,-0.2533f,0.2029f,0.9787f,0.0301f,-0.0961f,0.2589f,-0.024f,-0.9656f,-0.0182f,0f,0f,0f,1f],start_interpolation: 0,interpolation_duration: 1}
$data merge entity $(bone_upperbody) {transformation: [-0.9984f,-0.0035f,-0.0557f,-0.19f,-0.0025f,0.9998f,-0.018f,-0.3459f,0.0558f,-0.0179f,-0.9983f,-0.0172f,0f,0f,0f,1f],start_interpolation: 0,interpolation_duration: 1}
$data merge entity $(bone_downbody) {transformation: [-0.9984f,0.0014f,-0.0558f,0f,-0.0025f,0.9976f,0.0692f,-0.8486f,0.0558f,0.0692f,-0.996f,0f,0f,0f,0f,1f],start_interpolation: 0,interpolation_duration: 1}