# This file was generated by Animated Java via MC-Build. It is not recommended to edit this file directly.
$data merge entity $(bone_bone4) {transformation: [-0.9996f,-0.0279f,0.0078f,0.1643f,-0.0267f,0.9924f,0.12f,-1.4957f,-0.0111f,0.1198f,-0.9927f,0.174f,0f,0f,0f,1f],start_interpolation: 0,interpolation_duration: 1}
$data merge entity $(bone_bone) {transformation: [-0.9976f,-0.0628f,0.0301f,0.125f,-0.0696f,0.9174f,-0.3917f,-0.9223f,-0.003f,-0.3929f,-0.9196f,-0.0715f,0f,0f,0f,1f],start_interpolation: 0,interpolation_duration: 1}
$data merge entity $(bone_bone5) {transformation: [-0.9992f,0.0162f,0.0359f,-0.165f,0.0336f,0.8255f,0.5633f,-1.4784f,-0.0204f,0.5641f,-0.8254f,-0.3539f,0f,0f,0f,1f],start_interpolation: 0,interpolation_duration: 1}
$data merge entity $(bone_bone2) {transformation: [-0.9976f,0.064f,0.0277f,-0.125f,0.0696f,0.8898f,0.4511f,-0.9223f,0.0042f,0.4519f,-0.8921f,-0.0715f,0f,0f,0f,1f],start_interpolation: 0,interpolation_duration: 1}
$data merge entity $(bone_head) {transformation: [-0.9795f,0.031f,-0.1993f,0.0818f,-0.0375f,0.943f,0.3308f,-0.0888f,0.1981f,0.3315f,-0.9224f,0.1977f,0f,0f,0f,1f],start_interpolation: 0,interpolation_duration: 1}
$data merge entity $(bone_bone6) {transformation: [-0.9491f,-0.2213f,-0.224f,0.5925f,-0.2875f,0.8991f,0.33f,-0.9755f,0.1284f,0.3776f,-0.917f,-0.4786f,0f,0f,0f,1f],start_interpolation: 0,interpolation_duration: 1}
$data merge entity $(bone_left_down_arm) {transformation: [-0.9491f,-0.2213f,-0.224f,0.468f,-0.2875f,0.8991f,0.33f,-0.4697f,0.1284f,0.3776f,-0.917f,-0.2662f,0f,0f,0f,1f],start_interpolation: 0,interpolation_duration: 1}
$data merge entity $(bone_left_upper_arm) {transformation: [-0.9491f,-0.1212f,-0.2906f,0.2963f,-0.2875f,0.71f,0.6428f,-0.195f,0.1284f,0.6936f,-0.7088f,0.0533f,0f,0f,0f,1f],start_interpolation: 0,interpolation_duration: 1}
$data merge entity $(bone_bone7) {transformation: [-0.7104f,-0.5122f,-0.4826f,-0.0495f,0.0351f,0.6591f,-0.7512f,-0.9856f,0.7029f,-0.5506f,-0.4502f,0.6051f,0f,0f,0f,1f],start_interpolation: 0,interpolation_duration: 1}
$data merge entity $(bone_left_down_arm2) {transformation: [-0.6619f,-0.4682f,-0.5854f,-0.3494f,0.0952f,0.7221f,-0.6852f,-0.6223f,0.7435f,-0.5093f,-0.4334f,0.2915f,0f,0f,0f,1f],start_interpolation: 0,interpolation_duration: 1}
$data merge entity $(bone_left_upper_arm2) {transformation: [-0.6619f,0.2024f,-0.7217f,-0.1782f,0.0952f,0.9778f,0.1868f,-0.2064f,0.7435f,0.0549f,-0.6665f,0.2226f,0f,0f,0f,1f],start_interpolation: 0,interpolation_duration: 1}
$data merge entity $(bone_upperbody) {transformation: [-0.8935f,0.071f,-0.4434f,-0.1401f,-0.0562f,0.962f,0.2673f,-0.4434f,0.4455f,0.2637f,-0.8556f,0.1288f,0f,0f,0f,1f],start_interpolation: 0,interpolation_duration: 1}
$data merge entity $(bone_downbody) {transformation: [-0.8935f,0.1094f,-0.4355f,0f,-0.0562f,0.935f,0.3501f,-0.9223f,0.4455f,0.3373f,-0.8293f,-0.0715f,0f,0f,0f,1f],start_interpolation: 0,interpolation_duration: 1}