# This file was generated by Animated Java via MC-Build. It is not recommended to edit this file directly.
$data merge entity $(bone_bone4) {transformation: [-0.9996f,-0.0256f,-0.0102f,0.1685f,-0.0264f,0.9959f,0.0866f,-1.4586f,0.008f,0.0869f,-0.9962f,0.0545f,0f,0f,0f,1f],start_interpolation: 0,interpolation_duration: 1}
$data merge entity $(bone_bone) {transformation: [-0.9976f,-0.0696f,0.0038f,0.125f,-0.0697f,0.9938f,-0.0871f,-0.8375f,0.0023f,-0.0871f,-0.9962f,0f,0f,0f,0f,1f],start_interpolation: 0,interpolation_duration: 1}
$data merge entity $(bone_bone5) {transformation: [-0.9996f,0.0258f,0.0072f,-0.1686f,0.0263f,0.9959f,0.0869f,-1.4604f,-0.0049f,0.087f,-0.9962f,0.0273f,0f,0f,0f,1f],start_interpolation: 0,interpolation_duration: 1}
$data merge entity $(bone_bone2) {transformation: [-0.9976f,0.0697f,-0.0019f,-0.125f,0.0697f,0.9966f,-0.0436f,-0.8375f,-0.0011f,-0.0436f,-0.999f,0f,0f,0f,0f,1f],start_interpolation: 0,interpolation_duration: 1}
$data merge entity $(bone_head) {transformation: [-1f,0f,0f,0f,0f,1f,0f,0.0421f,0f,0f,-1f,0.0055f,0f,0f,0f,1f],start_interpolation: 0,interpolation_duration: 1}
$data merge entity $(bone_bone6) {transformation: [-0.9869f,-0.1482f,0.0644f,0.5255f,-0.1586f,0.9648f,-0.21f,-1.0372f,-0.031f,-0.2174f,-0.9756f,0.1567f,0f,0f,0f,1f],start_interpolation: 0,interpolation_duration: 1}
$data merge entity $(bone_left_down_arm) {transformation: [-0.9869f,-0.1482f,0.0644f,0.4421f,-0.1586f,0.9648f,-0.21f,-0.4946f,-0.031f,-0.2174f,-0.9756f,0.0343f,0f,0f,0f,1f],start_interpolation: 0,interpolation_duration: 1}
$data merge entity $(bone_left_upper_arm) {transformation: [-0.9869f,-0.1572f,0.0376f,0.25f,-0.1586f,0.9866f,-0.0393f,-0.0828f,-0.031f,-0.0447f,-0.9985f,0.0109f,0f,0f,0f,1f],start_interpolation: 0,interpolation_duration: 1}
$data merge entity $(bone_bone7) {transformation: [-0.9776f,0.1413f,-0.1562f,-0.5372f,0.1937f,0.8944f,-0.4031f,-0.9863f,0.0828f,-0.4243f,-0.9017f,0.2422f,0f,0f,0f,1f],start_interpolation: 0,interpolation_duration: 1}
$data merge entity $(bone_left_down_arm2) {transformation: [-0.9613f,0.1544f,-0.228f,-0.4646f,0.2212f,0.9262f,-0.3055f,-0.4845f,0.164f,-0.3441f,-0.9245f,-0.0091f,0f,0f,0f,1f],start_interpolation: 0,interpolation_duration: 1}
$data merge entity $(bone_left_upper_arm2) {transformation: [-0.9613f,0.2158f,-0.171f,-0.25f,0.2212f,0.9752f,-0.0128f,-0.0855f,0.164f,-0.0502f,-0.9852f,-0.0515f,0f,0f,0f,1f],start_interpolation: 0,interpolation_duration: 1}
$data merge entity $(bone_upperbody) {transformation: [-1f,0f,0f,-0.1875f,0f,0.999f,-0.0436f,-0.3352f,0f,-0.0436f,-0.999f,-0.0406f,0f,0f,0f,1f],start_interpolation: 0,interpolation_duration: 1}
$data merge entity $(bone_downbody) {transformation: [-1f,0f,0f,0f,0f,0.999f,0.0436f,-0.8375f,0f,0.0436f,-0.999f,0f,0f,0f,0f,1f],start_interpolation: 0,interpolation_duration: 1}