# This file was generated by Animated Java via MC-Build. It is not recommended to edit this file directly.
$data merge entity $(bone_bone4) {transformation: [-0.9993f,-0.0269f,0.026f,0.1581f,-0.03f,0.9911f,-0.1296f,-1.4286f,-0.0223f,-0.1302f,-0.9912f,0.2989f,0f,0f,0f,1f],start_interpolation: 0,interpolation_duration: 1}
$data merge entity $(bone_bone) {transformation: [-0.9976f,-0.0529f,0.0454f,0.125f,-0.0696f,0.7915f,-0.6072f,-0.9339f,-0.0038f,-0.6089f,-0.7932f,-0.0817f,0f,0f,0f,1f],start_interpolation: 0,interpolation_duration: 1}
$data merge entity $(bone_bone5) {transformation: [-0.9992f,0.0162f,0.0359f,-0.165f,0.0339f,0.8193f,0.5723f,-1.4869f,-0.0201f,0.5731f,-0.8193f,-0.3702f,0f,0f,0f,1f],start_interpolation: 0,interpolation_duration: 1}
$data merge entity $(bone_bone2) {transformation: [-0.9976f,0.064f,0.0277f,-0.125f,0.0696f,0.8848f,0.4608f,-0.9339f,0.0049f,0.4616f,-0.8871f,-0.0817f,0f,0f,0f,1f],start_interpolation: 0,interpolation_duration: 1}
$data merge entity $(bone_head) {transformation: [-0.9874f,0.0193f,-0.1573f,0.0623f,-0.036f,0.9393f,0.3413f,-0.1047f,0.1543f,0.3426f,-0.9267f,0.2051f,0f,0f,0f,1f],start_interpolation: 0,interpolation_duration: 1}
$data merge entity $(bone_bone6) {transformation: [-0.9734f,-0.2193f,-0.067f,0.6063f,-0.2275f,0.9599f,0.164f,-1.0661f,0.0283f,0.1749f,-0.9842f,-0.2827f,0f,0f,0f,1f],start_interpolation: 0,interpolation_duration: 1}
$data merge entity $(bone_left_down_arm) {transformation: [-0.9734f,-0.2193f,-0.067f,0.483f,-0.2275f,0.9599f,0.164f,-0.5262f,0.0283f,0.1749f,-0.9842f,-0.1843f,0f,0f,0f,1f],start_interpolation: 0,interpolation_duration: 1}
$data merge entity $(bone_left_upper_arm) {transformation: [-0.9734f,-0.1663f,-0.1578f,0.2885f,-0.2275f,0.7858f,0.5751f,-0.2108f,0.0283f,0.5956f,-0.8028f,0.0798f,0f,0f,0f,1f],start_interpolation: 0,interpolation_duration: 1}
$data merge entity $(bone_bone7) {transformation: [-0.7823f,-0.3987f,-0.4785f,-0.1502f,0.0155f,0.7555f,-0.6549f,-1.0539f,0.6226f,-0.5198f,-0.5849f,0.5256f,0f,0f,0f,1f],start_interpolation: 0,interpolation_duration: 1}
$data merge entity $(bone_left_down_arm2) {transformation: [-0.7348f,-0.3555f,-0.5777f,-0.3862f,0.0666f,0.8097f,-0.583f,-0.6348f,0.675f,-0.4669f,-0.5713f,0.2273f,0f,0f,0f,1f],start_interpolation: 0,interpolation_duration: 1}
$data merge entity $(bone_left_upper_arm2) {transformation: [-0.7348f,0.2166f,-0.6428f,-0.1996f,0.0666f,0.9661f,0.2494f,-0.2205f,0.675f,0.1404f,-0.7243f,0.2043f,0f,0f,0f,1f],start_interpolation: 0,interpolation_duration: 1}
$data merge entity $(bone_upperbody) {transformation: [-0.9313f,0.053f,-0.3604f,-0.1547f,-0.0546f,0.9579f,0.2818f,-0.4565f,0.3601f,0.2821f,-0.8892f,0.1113f,0f,0f,0f,1f],start_interpolation: 0,interpolation_duration: 1}
$data merge entity $(bone_downbody) {transformation: [-0.9313f,0.0842f,-0.3544f,0f,-0.0546f,0.9297f,0.3643f,-0.9339f,0.3601f,0.3586f,-0.8612f,-0.0817f,0f,0f,0f,1f],start_interpolation: 0,interpolation_duration: 1}