# This file was generated by Animated Java via MC-Build. It is not recommended to edit this file directly.
$data merge entity $(bone_bone4) {transformation: [-0.9995f,-0.0246f,0.0208f,0.1616f,-0.0258f,0.998f,-0.0573f,-1.4572f,-0.0194f,-0.0578f,-0.9981f,0.2464f,0f,0f,0f,1f],start_interpolation: 0,interpolation_duration: 1}
$data merge entity $(bone_bone) {transformation: [-0.9976f,-0.0585f,0.0378f,0.125f,-0.0696f,0.8621f,-0.5019f,-0.9184f,-0.0032f,-0.5033f,-0.8641f,-0.0681f,0f,0f,0f,1f],start_interpolation: 0,interpolation_duration: 1}
$data merge entity $(bone_bone5) {transformation: [-0.9992f,0.0303f,0.0279f,-0.1671f,0.04f,0.8728f,0.4863f,-1.5094f,-0.0096f,0.4871f,-0.8733f,-0.2668f,0f,0f,0f,1f],start_interpolation: 0,interpolation_duration: 1}
$data merge entity $(bone_bone2) {transformation: [-0.9976f,0.0674f,0.018f,-0.125f,0.0696f,0.9457f,0.3174f,-0.9184f,0.0044f,0.3178f,-0.9481f,-0.0681f,0f,0f,0f,1f],start_interpolation: 0,interpolation_duration: 1}
$data merge entity $(bone_head) {transformation: [-0.9933f,0.0079f,-0.1149f,0.0422f,-0.0305f,0.944f,0.3285f,-0.086f,0.1111f,0.3298f,-0.9375f,0.2134f,0f,0f,0f,1f],start_interpolation: 0,interpolation_duration: 1}
$data merge entity $(bone_bone6) {transformation: [-0.9836f,-0.1628f,0.0776f,0.5712f,-0.1664f,0.9852f,-0.0414f,-1.1074f,-0.0697f,-0.0536f,-0.9961f,-0.0546f,0f,0f,0f,1f],start_interpolation: 0,interpolation_duration: 1}
$data merge entity $(bone_left_down_arm) {transformation: [-0.9836f,-0.1628f,0.0776f,0.4796f,-0.1664f,0.9852f,-0.0414f,-0.5532f,-0.0697f,-0.0536f,-0.9961f,-0.0848f,0f,0f,0f,1f],start_interpolation: 0,interpolation_duration: 1}
$data merge entity $(bone_left_upper_arm) {transformation: [-0.9836f,-0.1795f,-0.0174f,0.2781f,-0.1664f,0.8658f,0.4719f,-0.1953f,-0.0697f,0.4671f,-0.8815f,0.1108f,0f,0f,0f,1f],start_interpolation: 0,interpolation_duration: 1}
$data merge entity $(bone_bone7) {transformation: [-0.8445f,-0.2924f,-0.4487f,-0.2389f,0.0129f,0.8264f,-0.5629f,-1.0711f,0.5354f,-0.4811f,-0.6942f,0.4539f,0f,0f,0f,1f],start_interpolation: 0,interpolation_duration: 1}
$data merge entity $(bone_left_down_arm2) {transformation: [-0.8001f,-0.2522f,-0.5443f,-0.4148f,0.0555f,0.8724f,-0.4857f,-0.6108f,0.5973f,-0.4188f,-0.684f,0.1756f,0f,0f,0f,1f],start_interpolation: 0,interpolation_duration: 1}
$data merge entity $(bone_left_upper_arm2) {transformation: [-0.8001f,0.2177f,-0.559f,-0.2195f,0.0555f,0.9547f,0.2924f,-0.2f,0.5973f,0.2029f,-0.7759f,0.1897f,0f,0f,0f,1f],start_interpolation: 0,interpolation_duration: 1}
$data merge entity $(bone_upperbody) {transformation: [-0.961f,0.0343f,-0.2743f,-0.168f,-0.0436f,0.961f,0.2731f,-0.4375f,0.273f,0.2744f,-0.922f,0.104f,0f,0f,0f,1f],start_interpolation: 0,interpolation_duration: 1}
$data merge entity $(bone_downbody) {transformation: [-0.961f,0.0581f,-0.2703f,0f,-0.0436f,0.9335f,0.3558f,-0.9184f,0.273f,0.3538f,-0.8946f,-0.0681f,0f,0f,0f,1f],start_interpolation: 0,interpolation_duration: 1}