# This file was generated by Animated Java via MC-Build. It is not recommended to edit this file directly.
$data merge entity $(bone_rear_leg_right_under) { transformation: [-1f,-1.8101432222373287e-17f,1.2111951113721276e-16f,0.4687500000000001f,0f,0.9890158633619168f,0.14780941112961063f,-1.27675592491806f,-1.2246467991473532e-16f,0.14780941112961063f,-0.9890158633619168f,-1.0259405483265525f,0f,0f,0f,1f], start_interpolation: 0, interpolation_duration: 1 }
$data merge entity $(bone_rear_leg_left) { transformation: [-1f,1.8101432222373284e-17f,1.2111951113721276e-16f,0.4687500000000001f,0f,0.9890158633619168f,-0.14780941112961063f,-0.6000000000000001f,-1.2246467991473532e-16f,-0.14780941112961063f,-0.9890158633619168f,-0.9375f,0f,0f,0f,1f], start_interpolation: 0, interpolation_duration: 1 }
$data merge entity $(bone_right_leg_left_under) { transformation: [-1f,-1.8101432222373277e-17f,1.2111951113721273e-16f,-0.5624999999999999f,0f,0.9890158633619168f,0.1478094111296106f,-1.2751093513178229f,-1.2246467991473532e-16f,0.1478094111296106f,-0.9890158633619168f,-1.0377380978631807f,0f,0f,0f,1f], start_interpolation: 0, interpolation_duration: 1 }
$data merge entity $(bone_rear_leg_right) { transformation: [-1f,1.5984848350717833e-17f,1.2141697760125282e-16f,-0.4687499999999999f,0f,0.9914448613738104f,-0.13052619222005157f,-0.6000000000000001f,-1.2246467991473532e-16f,-0.13052619222005157f,-0.9914448613738104f,-0.9375f,0f,0f,0f,1f], start_interpolation: 0, interpolation_duration: 1 }
$data merge entity $(bone_tale) { transformation: [-1.3229166666666667f,0f,1.6201056613720195e-16f,1.6934569019459494e-16f,0f,1.3229166666666667f,0f,-0.2953125000000001f,-1.6201056613720195e-16f,0f,-1.3229166666666667f,-1.3828125f,0f,0f,0f,1f], start_interpolation: 0, interpolation_duration: 1 }
$data merge entity $(bone_rear_body) { transformation: [-1.171875f,0f,1.4351329677508045e-16f,-4.305398903252414e-17f,0f,1.171875f,0f,-0.6234375000000001f,-1.4351329677508045e-16f,0f,-1.171875f,0.3515625f,0f,0f,0f,1f], start_interpolation: 0, interpolation_duration: 1 }
$data merge entity $(bone_head) { transformation: [-0.9996573249755573f,0.02617694830787315f,1.2246467991473532e-16f,-0.015625000000000146f,0.02617694830787315f,0.9996573249755573f,0f,0.0031249999999999334f,-1.2242271432755217e-16f,3.2057515956682574e-18f,-1f,1.203125f,0f,0f,0f,1f], start_interpolation: 0, interpolation_duration: 1 }
$data merge entity $(bone_talon_left) { transformation: [-1.0104166666666665f,-1.2454346973704123e-32f,1.2374035366384715e-16f,0.615234375f,0f,1.0104166666666665f,5.608939238991675e-17f,-1.739017218148023f,-1.2374035366384712e-16f,5.608939238991675e-17f,-1.0104166666666665f,0.5510813789292882f,0f,0f,0f,1f], start_interpolation: 0, interpolation_duration: 1 }
$data merge entity $(bone_front_leg_left_under) { transformation: [-1f,1.810143222237327e-17f,1.2111951113721276e-16f,0.600585625f,0f,0.9890158633619168f,-0.14780941112961057f,-1.2710856783554367f,-1.2246467991473532e-16f,-0.14780941112961057f,-0.9890158633619168f,0.5107707915842145f,0f,0f,0f,1f], start_interpolation: 0, interpolation_duration: 1 }
$data merge entity $(bone_front_leg_left) { transformation: [-1f,-1.9157696688784726e-17f,1.2095693648649962e-16f,0.5625f,0f,0.9876883405951378f,0.15643446504023087f,-0.6000000000000001f,-1.2246467991473532e-16f,0.15643446504023087f,-0.9876883405951378f,0.46875000000000006f,0f,0f,0f,1f], start_interpolation: 0, interpolation_duration: 1 }
$data merge entity $(bone_talon_right) { transformation: [-1.0104166666666665f,6.227173486852062e-33f,1.2374035366384715e-16f,-0.629883125f,0f,1.0104166666666665f,0f,-1.7230096129050807f,-1.2374035366384712e-16f,0f,-1.0104166666666665f,0.5587194620378165f,0f,0f,0f,1f], start_interpolation: 0, interpolation_duration: 1 }
$data merge entity $(bone_front_leg_right_under) { transformation: [-1f,1.7043789261815563e-17f,1.2127286206821955e-16f,-0.5625f,0f,0.9902680687415703f,-0.13917310096006544f,-1.262898792624659f,-1.2246467991473532e-16f,-0.13917310096006544f,-0.9902680687415703f,0.46447031113637266f,0f,0f,0f,1f], start_interpolation: 0, interpolation_duration: 1 }
$data merge entity $(bone_front_leg_right) { transformation: [-1f,-1.8101432222373284e-17f,1.2111951113721276e-16f,-0.5625f,0f,0.9890158633619168f,0.14780941112961063f,-0.6000000000000001f,-1.2246467991473532e-16f,0.14780941112961063f,-0.9890158633619168f,0.46874999999999994f,0f,0f,0f,1f], start_interpolation: 0, interpolation_duration: 1 }
$data merge entity $(bone_front_body) { transformation: [-1f,0f,1.2246467991473532e-16f,-4.305398903252414e-17f,0f,1f,0f,-0.6234375000000001f,-1.2246467991473532e-16f,0f,-1f,0.3515625f,0f,0f,0f,1f], start_interpolation: 0, interpolation_duration: 1 }