# This file was generated by Animated Java via MC-Build. It is not recommended to edit this file directly.
$data merge entity $(bone_rear_leg_right_under) { transformation: [-1f,-5.272240367036949e-17f,1.1053481794365605e-16f,0.4687500000000001f,0f,0.9025852843498606f,0.43051109680829514f,-1.3480424235061514f,-1.2246467991473532e-16f,0.43051109680829514f,-0.9025852843498606f,-0.8242118335351551f,0f,0f,0f,1f], start_interpolation: 0, interpolation_duration: 1 }
$data merge entity $(bone_rear_leg_left) { transformation: [-1f,5.272240367036949e-17f,1.1053481794365604e-16f,0.4687500000000001f,0f,0.9025852843498606f,-0.43051109680829514f,-0.675f,-1.2246467991473532e-16f,-0.43051109680829514f,-0.9025852843498606f,-0.9375f,0f,0f,0f,1f], start_interpolation: 0, interpolation_duration: 1 }
$data merge entity $(bone_right_leg_left_under) { transformation: [-1f,-5.2722403670369485e-17f,1.1053481794365603e-16f,-0.5624999999999999f,0f,0.9025852843498605f,0.4305110968082951f,-1.3530490867789862f,-1.2246467991473532e-16f,0.4305110968082951f,-0.9025852843498605f,-0.8595914098562761f,0f,0f,0f,1f], start_interpolation: 0, interpolation_duration: 1 }
$data merge entity $(bone_rear_leg_right) { transformation: [-1f,4.6865204053262974e-17f,1.1314261122877003e-16f,-0.4687499999999999f,0f,0.9238795325112867f,-0.3826834323650897f,-0.675f,-1.2246467991473532e-16f,-0.3826834323650897f,-0.9238795325112867f,-0.9375f,0f,0f,0f,1f], start_interpolation: 0, interpolation_duration: 1 }
$data merge entity $(bone_tale) { transformation: [-1.3229166666666667f,0f,1.6201056613720195e-16f,1.6934569019459494e-16f,0f,1.3229166666666667f,0f,-0.37031250000000004f,-1.6201056613720195e-16f,0f,-1.3229166666666667f,-1.3828125f,0f,0f,0f,1f], start_interpolation: 0, interpolation_duration: 1 }
$data merge entity $(bone_rear_body) { transformation: [-1.171875f,0f,1.4351329677508045e-16f,-4.305398903252414e-17f,0f,1.171875f,0f,-0.6984375f,-1.4351329677508045e-16f,0f,-1.171875f,0.3515625f,0f,0f,0f,1f], start_interpolation: 0, interpolation_duration: 1 }
$data merge entity $(bone_head) { transformation: [-0.996917333733128f,0.07845909572784494f,1.2246467991473532e-16f,-0.01562500000000016f,0.07845909572784494f,0.996917333733128f,0f,-0.1468750000000001f,-1.220871621770789e-16f,9.608468044710109e-18f,-1f,1.328125f,0f,0f,0f,1f], start_interpolation: 0, interpolation_duration: 1 }
$data merge entity $(bone_talon_left) { transformation: [-1.0104166666666665f,2.4908693947408247e-32f,1.2374035366384712e-16f,0.615234375f,0f,1.0104166666666667f,0f,-1.7619250279372043f,-1.2374035366384712e-16f,0f,-1.0104166666666667f,0.476696416739029f,0f,0f,0f,1f], start_interpolation: 0, interpolation_duration: 1 }
$data merge entity $(bone_front_leg_left_under) { transformation: [-1f,5.272240367036951e-17f,1.1053481794365603e-16f,0.600585625f,0f,0.9025852843498607f,-0.4305110968082952f,-1.3262255461089016f,-1.2246467991473532e-16f,-0.4305110968082952f,-0.9025852843498607f,0.30133726836257796f,0f,0f,0f,1f], start_interpolation: 0, interpolation_duration: 1 }
$data merge entity $(bone_front_leg_left) { transformation: [-1f,-5.559780123493432e-17f,1.0911682878666935e-16f,0.5625f,0f,0.8910065241883679f,0.45399049973954675f,-0.675f,-1.2246467991473532e-16f,0.45399049973954675f,-0.8910065241883679f,0.46875000000000006f,0f,0f,0f,1f], start_interpolation: 0, interpolation_duration: 1 }
$data merge entity $(bone_talon_right) { transformation: [-1.0104166666666665f,0f,1.2374035366384712e-16f,-0.629883125f,0f,1.0104166666666665f,0f,-1.7239903288602316f,-1.2374035366384712e-16f,0f,-1.0104166666666665f,0.4882662916485102f,0f,0f,0f,1f], start_interpolation: 0, interpolation_duration: 1 }
$data merge entity $(bone_front_leg_right_under) { transformation: [-1f,4.981087280387182e-17f,1.1187705205776151e-16f,-0.5625f,0f,0.913545457642601f,-0.40673664307580026f,-1.3076820081803737f,-1.2246467991473532e-16f,-0.40673664307580026f,-0.913545457642601f,0.2708444631273557f,0f,0f,0f,1f], start_interpolation: 0, interpolation_duration: 1 }
$data merge entity $(bone_front_leg_right) { transformation: [-1f,-5.272240367036949e-17f,1.1053481794365604e-16f,-0.5625f,0f,0.9025852843498606f,0.43051109680829514f,-0.675f,-1.2246467991473532e-16f,0.43051109680829514f,-0.9025852843498606f,0.46874999999999994f,0f,0f,0f,1f], start_interpolation: 0, interpolation_duration: 1 }
$data merge entity $(bone_front_body) { transformation: [-1f,0f,1.2246467991473532e-16f,-4.305398903252414e-17f,0f,1f,0f,-0.6984375f,-1.2246467991473532e-16f,0f,-1f,0.3515625f,0f,0f,0f,1f], start_interpolation: 0, interpolation_duration: 1 }