# This file was generated by Animated Java via MC-Build. It is not recommended to edit this file directly.
$data merge entity $(bone_rear_leg_right_under) { transformation: [-1f,-6.84813799341365e-17f,1.0152782096024232e-16f,0.4687500000000001f,0f,0.8290375725550416f,0.5591929034707469f,-1.3614045763900111f,-1.2246467991473532e-16f,0.5591929034707469f,-0.8290375725550416f,-0.7259742019513926f,0f,0f,0f,1f], start_interpolation: 0, interpolation_duration: 1 }
$data merge entity $(bone_rear_leg_left) { transformation: [-1f,6.84813799341365e-17f,1.0152782096024234e-16f,0.4687500000000001f,0f,0.8290375725550416f,-0.5591929034707469f,-0.7124999999999999f,-1.2246467991473532e-16f,-0.5591929034707469f,-0.8290375725550416f,-0.9375f,0f,0f,0f,1f], start_interpolation: 0, interpolation_duration: 1 }
$data merge entity $(bone_right_leg_left_under) { transformation: [-1f,-6.848137993413649e-17f,1.0152782096024234e-16f,-0.5624999999999999f,0f,0.8290375725550417f,0.5591929034707468f,-1.3745791712335378f,-1.2246467991473532e-16f,0.5591929034707468f,-0.8290375725550417f,-0.7717547632095823f,0f,0f,0f,1f], start_interpolation: 0, interpolation_duration: 1 }
$data merge entity $(bone_rear_leg_right) { transformation: [-1f,6.123233995736765e-17f,1.0605752387249069e-16f,-0.4687499999999999f,0f,0.8660254037844387f,-0.49999999999999994f,-0.7124999999999999f,-1.2246467991473532e-16f,-0.49999999999999994f,-0.8660254037844387f,-0.9375f,0f,0f,0f,1f], start_interpolation: 0, interpolation_duration: 1 }
$data merge entity $(bone_tale) { transformation: [-1.3229166666666667f,0f,1.6201056613720195e-16f,1.6934569019459494e-16f,0f,1.3229166666666667f,0f,-0.4078124999999999f,-1.6201056613720195e-16f,0f,-1.3229166666666667f,-1.3828125f,0f,0f,0f,1f], start_interpolation: 0, interpolation_duration: 1 }
$data merge entity $(bone_rear_body) { transformation: [-1.171875f,0f,1.4351329677508045e-16f,-4.305398903252414e-17f,0f,1.171875f,0f,-0.7359374999999999f,-1.4351329677508045e-16f,0f,-1.171875f,0.3515625f,0f,0f,0f,1f], start_interpolation: 0, interpolation_duration: 1 }
$data merge entity $(bone_head) { transformation: [-0.9945218953682733f,0.10452846326765346f,1.2246467991473532e-16f,-0.01562500000000017f,0.10452846326765346f,0.9945218953682733f,0f,-0.22187499999999993f,-1.217938055844715e-16f,1.2801044796052349e-17f,-1f,1.390625f,0f,0f,0f,1f], start_interpolation: 0, interpolation_duration: 1 }
$data merge entity $(bone_talon_left) { transformation: [-1.0104166666666665f,-2.4908693947408247e-32f,1.237403536638471e-16f,0.615234375f,0f,1.0104166666666663f,5.608939238991675e-17f,-1.734512724603885f,-1.2374035366384712e-16f,5.608939238991675e-17f,-1.0104166666666663f,0.43935774033692143f,0f,0f,0f,1f], start_interpolation: 0, interpolation_duration: 1 }
$data merge entity $(bone_front_leg_left_under) { transformation: [-1f,6.848137993413648e-17f,1.0152782096024234e-16f,0.600585625f,0f,0.8290375725550416f,-0.5591929034707468f,-1.3295187578748395f,-1.2246467991473532e-16f,-0.5591929034707468f,-0.8290375725550416f,0.20152427696845732f,0f,0f,0f,1f], start_interpolation: 0, interpolation_duration: 1 }
$data merge entity $(bone_front_leg_left) { transformation: [-1f,-7.198293278059965e-17f,9.907600726170916e-17f,0.5625f,0f,0.8090169943749475f,0.587785252292473f,-0.7124999999999999f,-1.2246467991473532e-16f,0.587785252292473f,-0.8090169943749475f,0.46875000000000006f,0f,0f,0f,1f], start_interpolation: 0, interpolation_duration: 1 }
$data merge entity $(bone_talon_right) { transformation: [-1.0104166666666665f,6.227173486852062e-33f,1.237403536638471e-16f,-0.629883125f,0f,1.0104166666666663f,-5.608939238991675e-17f,-1.690977808318621f,-1.2374035366384712e-16f,-5.608939238991675e-17f,-1.0104166666666663f,0.452746743700755f,0f,0f,0f,1f], start_interpolation: 0, interpolation_duration: 1 }
$data merge entity $(bone_front_leg_right_under) { transformation: [-1f,6.489639307497149e-17f,1.0385593864809738e-16f,-0.5625f,0f,0.8480480961564258f,-0.5299192642332049f,-1.3089802416896286f,-1.2246467991473532e-16f,-0.5299192642332049f,-0.8480480961564258f,0.17950192952435745f,0f,0f,0f,1f], start_interpolation: 0, interpolation_duration: 1 }
$data merge entity $(bone_front_leg_right) { transformation: [-1f,-6.84813799341365e-17f,1.0152782096024234e-16f,-0.5625f,0f,0.8290375725550416f,0.5591929034707469f,-0.7124999999999999f,-1.2246467991473532e-16f,0.5591929034707469f,-0.8290375725550416f,0.46874999999999994f,0f,0f,0f,1f], start_interpolation: 0, interpolation_duration: 1 }
$data merge entity $(bone_front_body) { transformation: [-1f,0f,1.2246467991473532e-16f,-4.305398903252414e-17f,0f,1f,0f,-0.7359374999999999f,-1.2246467991473532e-16f,0f,-1f,0.3515625f,0f,0f,0f,1f], start_interpolation: 0, interpolation_duration: 1 }