# This file was generated by Animated Java via MC-Build. It is not recommended to edit this file directly.
$data merge entity $(bone_rear_leg_right_under) { transformation: [-1f,-8.27359385291814e-17f,9.029043306084036e-17f,0.46875000000000006f,0f,0.7372773368101242f,0.6755902076156601f,-1.3605114162095804f,-1.2246467991473532e-16f,0.6755902076156601f,-0.7372773368101242f,-0.6323834269041213f,0f,0f,0f,1f], start_interpolation: 0, interpolation_duration: 1 }
$data merge entity $(bone_rear_leg_left) { transformation: [-1f,8.27359385291814e-17f,9.029043306084037e-17f,0.4687500000000001f,0f,0.7372773368101242f,-0.6755902076156601f,-0.75f,-1.2246467991473532e-16f,-0.6755902076156601f,-0.7372773368101242f,-0.9375f,0f,0f,0f,1f], start_interpolation: 0, interpolation_duration: 1 }
$data merge entity $(bone_right_leg_left_under) { transformation: [-1f,-8.273593852918138e-17f,9.029043306084034e-17f,-0.5624999999999999f,0f,0.7372773368101242f,0.67559020761566f,-1.3847808975052582f,-1.2246467991473532e-16f,0.67559020761566f,-0.7372773368101242f,-0.6867540635176337f,0f,0f,0f,1f], start_interpolation: 0, interpolation_duration: 1 }
$data merge entity $(bone_rear_leg_right) { transformation: [-1f,7.455177354798984e-17f,9.71577628780522e-17f,-0.4687499999999999f,0f,0.7933533402912352f,-0.6087614290087207f,-0.75f,-1.2246467991473532e-16f,-0.6087614290087207f,-0.7933533402912352f,-0.9375f,0f,0f,0f,1f], start_interpolation: 0, interpolation_duration: 1 }
$data merge entity $(bone_tale) { transformation: [-1.3229166666666667f,0f,1.6201056613720195e-16f,1.6934569019459494e-16f,0f,1.3229166666666667f,0f,-0.4453125f,-1.6201056613720195e-16f,0f,-1.3229166666666667f,-1.3828125f,0f,0f,0f,1f], start_interpolation: 0, interpolation_duration: 1 }
$data merge entity $(bone_rear_body) { transformation: [-1.171875f,0f,1.4351329677508045e-16f,-4.305398903252414e-17f,0f,1.171875f,0f,-0.7734375f,-1.4351329677508045e-16f,0f,-1.171875f,0.3515625f,0f,0f,0f,1f], start_interpolation: 0, interpolation_duration: 1 }
$data merge entity $(bone_head) { transformation: [-0.9914448613738104f,0.13052619222005157f,1.2246467991473532e-16f,-0.015625000000000177f,0.13052619222005157f,0.9914448613738104f,0f,-0.296875f,-1.2141697760125282e-16f,1.5984848350717833e-17f,-1f,1.453125f,0f,0f,0f,1f], start_interpolation: 0, interpolation_duration: 1 }
$data merge entity $(bone_talon_left) { transformation: [-1.0104166666666665f,1.2454346973704123e-32f,1.2374035366384712e-16f,0.615234375f,0f,1.0104166666666665f,-2.24357569559667e-16f,-1.6830103535475307f,-1.2374035366384712e-16f,-2.24357569559667e-16f,-1.0104166666666665f,0.40337425758968304f,0f,0f,0f,1f], start_interpolation: 0, interpolation_duration: 1 }
$data merge entity $(bone_front_leg_left_under) { transformation: [-1f,8.273593852918141e-17f,9.029043306084034e-17f,0.600585625f,0f,0.737277336810124f,-0.6755902076156602f,-1.317618920054045f,-1.2246467991473532e-16f,-0.6755902076156602f,-0.737277336810124f,0.10829126974670139f,0f,0f,0f,1f], start_interpolation: 0, interpolation_duration: 1 }
$data merge entity $(bone_front_leg_left) { transformation: [-1f,-8.659560562354934e-17f,8.659560562354932e-17f,0.5625f,0f,0.7071067811865475f,0.7071067811865476f,-0.75f,-1.2246467991473532e-16f,0.7071067811865476f,-0.7071067811865475f,0.46875000000000006f,0f,0f,0f,1f], start_interpolation: 0, interpolation_duration: 1 }
$data merge entity $(bone_talon_right) { transformation: [-1.0104166666666665f,7.472608184222474e-32f,1.2374035366384715e-16f,-0.629883125f,0f,1.0104166666666665f,-4.48715139119334e-16f,-1.6374264987050977f,-1.2374035366384712e-16f,-4.48715139119334e-16f,-1.0104166666666665f,0.4182630769132389f,0f,0f,0f,1f], start_interpolation: 0, interpolation_duration: 1 }
$data merge entity $(bone_front_leg_right_under) { transformation: [-1f,7.871877887341991e-17f,9.381338752702728e-17f,-0.5625f,0f,0.7660444431189778f,-0.6427876096865397f,-1.2971748342456122f,-1.2246467991473532e-16f,-0.6427876096865397f,-0.7660444431189778f,0.09451367657817211f,0f,0f,0f,1f], start_interpolation: 0, interpolation_duration: 1 }
$data merge entity $(bone_front_leg_right) { transformation: [-1f,-8.27359385291814e-17f,9.029043306084037e-17f,-0.5625f,0f,0.7372773368101242f,0.6755902076156601f,-0.75f,-1.2246467991473532e-16f,0.6755902076156601f,-0.7372773368101242f,0.46874999999999994f,0f,0f,0f,1f], start_interpolation: 0, interpolation_duration: 1 }
$data merge entity $(bone_front_body) { transformation: [-1f,0f,1.2246467991473532e-16f,-4.305398903252414e-17f,0f,1f,0f,-0.7734375f,-1.2246467991473532e-16f,0f,-1f,0.3515625f,0f,0f,0f,1f], start_interpolation: 0, interpolation_duration: 1 }