# This file was generated by Animated Java via MC-Build. It is not recommended to edit this file directly.
$data merge entity $(bone_rear_leg_right_under) {transformation: [-1f,0f,0f,0.4688f,0f,0.7373f,0.6756f,-1.3605f,0f,0.6756f,-0.7373f,-0.6324f,0f,0f,0f,1f],start_interpolation: 0,interpolation_duration: 1}
$data merge entity $(bone_rear_leg_left) {transformation: [-1f,0f,0f,0.4688f,0f,0.7373f,-0.6756f,-0.75f,0f,-0.6756f,-0.7373f,-0.9375f,0f,0f,0f,1f],start_interpolation: 0,interpolation_duration: 1}
$data merge entity $(bone_right_leg_left_under) {transformation: [-1f,0f,0f,-0.5625f,0f,0.7373f,0.6756f,-1.3848f,0f,0.6756f,-0.7373f,-0.6868f,0f,0f,0f,1f],start_interpolation: 0,interpolation_duration: 1}
$data merge entity $(bone_rear_leg_right) {transformation: [-1f,0f,0f,-0.4687f,0f,0.7934f,-0.6088f,-0.75f,0f,-0.6088f,-0.7934f,-0.9375f,0f,0f,0f,1f],start_interpolation: 0,interpolation_duration: 1}
$data merge entity $(bone_tale) {transformation: [-1.3229f,0f,0f,0f,0f,1.3229f,0f,-0.4453f,0f,0f,-1.3229f,-1.3828f,0f,0f,0f,1f],start_interpolation: 0,interpolation_duration: 1}
$data merge entity $(bone_rear_body) {transformation: [-1.1719f,0f,0f,0f,0f,1.1719f,0f,-0.7734f,0f,0f,-1.1719f,0.3516f,0f,0f,0f,1f],start_interpolation: 0,interpolation_duration: 1}
$data merge entity $(bone_head) {transformation: [-0.9914f,0.1305f,0f,-0.0156f,0.1305f,0.9914f,0f,-0.2969f,0f,0f,-1f,1.4531f,0f,0f,0f,1f],start_interpolation: 0,interpolation_duration: 1}
$data merge entity $(bone_talon_left) {transformation: [-1.0104f,0f,0f,0.6152f,0f,1.0104f,0f,-1.683f,0f,0f,-1.0104f,0.4034f,0f,0f,0f,1f],start_interpolation: 0,interpolation_duration: 1}
$data merge entity $(bone_front_leg_left_under) {transformation: [-1f,0f,0f,0.6006f,0f,0.7373f,-0.6756f,-1.3176f,0f,-0.6756f,-0.7373f,0.1083f,0f,0f,0f,1f],start_interpolation: 0,interpolation_duration: 1}
$data merge entity $(bone_front_leg_left) {transformation: [-1f,0f,0f,0.5625f,0f,0.7071f,0.7071f,-0.75f,0f,0.7071f,-0.7071f,0.4688f,0f,0f,0f,1f],start_interpolation: 0,interpolation_duration: 1}
$data merge entity $(bone_talon_right) {transformation: [-1.0104f,0f,0f,-0.6299f,0f,1.0104f,0f,-1.6374f,0f,0f,-1.0104f,0.4183f,0f,0f,0f,1f],start_interpolation: 0,interpolation_duration: 1}
$data merge entity $(bone_front_leg_right_under) {transformation: [-1f,0f,0f,-0.5625f,0f,0.766f,-0.6428f,-1.2972f,0f,-0.6428f,-0.766f,0.0945f,0f,0f,0f,1f],start_interpolation: 0,interpolation_duration: 1}
$data merge entity $(bone_front_leg_right) {transformation: [-1f,0f,0f,-0.5625f,0f,0.7373f,0.6756f,-0.75f,0f,0.6756f,-0.7373f,0.4687f,0f,0f,0f,1f],start_interpolation: 0,interpolation_duration: 1}
$data merge entity $(bone_front_body) {transformation: [-1f,0f,0f,0f,0f,1f,0f,-0.7734f,0f,0f,-1f,0.3516f,0f,0f,0f,1f],start_interpolation: 0,interpolation_duration: 1}