# This file was generated by Animated Java via MC-Build. It is not recommended to edit this file directly.
$data merge entity $(bone_llegdown) { transformation: [-0.9963678235258696f,-0.07230008409083123f,-0.044987310241670166f,0.17512449621067822f,-0.07633113619009065f,0.9924988374694037f,0.09549667674747708f,-1.443851874796315f,0.03774543535649551f,0.09858374846972007f,-0.9944126541066377f,0.07165816032184802f,0f,0f,0f,1f], start_interpolation: 0, interpolation_duration: 1 }
$data merge entity $(bone_lleg) { transformation: [-0.9963678235258696f,-0.08019919393708516f,-0.028622535425139255f,0.125f,-0.07633113619009065f,0.9901629996741041f,-0.11726376987079135f,-0.825f,0.03774543535649551f,-0.11465305651495682f,-0.9926882485158806f,1.5308084989341915e-17f,0f,0f,0f,1f], start_interpolation: 0, interpolation_duration: 1 }
$data merge entity $(bone_rlegdown) { transformation: [-0.9968002008160951f,0.078452567617135f,0.01531516527078133f,-0.17494563687731474f,0.07986872786071067f,0.9852503093287625f,0.15133675785310613f,-1.447905135565219f,-0.0032165140920296306f,0.1520757133859868f,-0.9883636129660172f,0.010937341696928414f,0f,0f,0f,1f], start_interpolation: 0, interpolation_duration: 1 }
$data merge entity $(bone_rleg) { transformation: [-0.9968002008160951f,0.07991301900370357f,0.0018080505264505195f,-0.125f,0.07986872786071067f,0.9966482169043507f,-0.017700792391590062f,-0.825f,-0.0032165140920296306f,-0.017499746715085487f,-0.9998416939205944f,-1.5308084989341915e-17f,0f,0f,0f,1f], start_interpolation: 0, interpolation_duration: 1 }
$data merge entity $(bone_head) { transformation: [-0.9985447051092198f,-0.02266276290002982f,-0.04893741999818289f,0.0001922495771553845f,-0.02226967862867163f,0.9997153293362815f,-0.008562809341909158f,0.046598723439978784f,0.0491175458682252f,-0.007460527312947292f,-0.998765141171885f,0.0016243084759844165f,0f,0f,0f,1f], start_interpolation: 0, interpolation_duration: 1 }
$data merge entity $(bone_lknife) { transformation: [-0.9322879244954564f,-0.34559628439897666f,-0.10678218039343365f,0.7073934997574058f,-0.3460271010463746f,0.9381036262072264f,-0.015060937497196066f,-0.9728870671714944f,0.10537775467999047f,0.022908398164734146f,-0.9941683630613728f,-0.09091657804389344f,0f,0f,0f,1f], start_interpolation: 0, interpolation_duration: 1 }
$data merge entity $(bone_larmdown) { transformation: [-0.9322879244954564f,-0.34559628439897666f,-0.10678218039343365f,0.5129955897829814f,-0.3460271010463746f,0.9381036262072264f,-0.015060937497196066f,-0.44520377742992956f,0.10537775467999047f,0.022908398164734146f,-0.9941683630613728f,-0.07803060407623048f,0f,0f,0f,1f], start_interpolation: 0, interpolation_duration: 1 }
$data merge entity $(bone_larm) { transformation: [-0.9322879244954564f,-0.338432781502552f,-0.12768115853327788f,0.24839525731368284f,-0.3460271010463746f,0.937273322081402f,0.04223701049949632f,-0.07840008665011297f,0.10537775467999047f,0.08355819600098094f,-0.9909155144106209f,-0.02830167399080251f,0f,0f,0f,1f], start_interpolation: 0, interpolation_duration: 1 }
$data merge entity $(bone_rknife) { transformation: [-0.9833442510595308f,0.1541241964542432f,-0.09633180147544187f,-0.5368963704746367f,0.16482149158170642f,0.9795683082124579f,-0.11523803824503812f,-1.028590672815822f,0.07660260975287711f,-0.12919621361757175f,-0.9886558443492514f,0.06592326191335761f,0f,0f,0f,1f], start_interpolation: 0, interpolation_duration: 1 }
$data merge entity $(bone_rarmdown) { transformation: [-0.9833442510595308f,0.1541241964542432f,-0.09633180147544187f,-0.45622224756134f,0.16482149158170642f,0.9795683082124579f,-0.11523803824503812f,-0.4847858768366295f,0.07660260975287711f,-0.12919621361757175f,-0.9886558443492514f,-0.06854059851835471f,0f,0f,0f,1f], start_interpolation: 0, interpolation_duration: 1 }
$data merge entity $(bone_rarm) { transformation: [-0.9789688048952789f,0.17912264771198147f,-0.09764812398893488f,-0.2554849885754382f,0.16495686054878125f,0.9766356676237962f,0.137738908384349f,-0.07812737981981632f,0.12003879872690727f,0.1187343665569136f,-0.9856433619715244f,-0.03159916299056842f,0f,0f,0f,1f], start_interpolation: 0, interpolation_duration: 1 }
$data merge entity $(bone_upperbody) { transformation: [-0.9930684569549263f,0.0005128520176327305f,-0.11753627858652697f,-0.1935464230201635f,0f,0.9999904807207345f,0.004363309284746571f,-0.32812499999999994f,0.11753739745783752f,0.00433306481862038f,-0.9930590036589547f,-0.04002851653633836f,0f,0f,0f,1f], start_interpolation: 0, interpolation_duration: 1 }
$data merge entity $(bone_downbody) { transformation: [-0.9930684569549263f,0f,-0.11753739745783752f,0f,0f,1f,0f,-0.825f,0.11753739745783752f,0f,-0.9930684569549263f,0f,0f,0f,0f,1f], start_interpolation: 0, interpolation_duration: 1 }