# This file was generated by Animated Java via MC-Build. It is not recommended to edit this file directly.
$data merge entity $(bone_llegdown) { transformation: [-0.8660254272012095f,-0.10821989934164067f,-0.4881479415376529f,0.4374999746505939f,-0.3377951307700082f,0.8464350494538286f,0.41163352230372063f,-1.428173899718314f,0.3686385886868542f,0.5213790947502401f,-0.7695904303513553f,0.3990631089291249f,0f,0f,0f,1f], start_interpolation: 0, interpolation_duration: 1 }
$data merge entity $(bone_lleg) { transformation: [-0.8660254272012095f,-0.49999995944095027f,1.036070755850126e-7f,0.125f,-0.3377951307700082f,0.5850782395493024f,-0.7372773584167374f,-1.0625f,0.3686385886868542f,-0.6385009742865998f,-0.6755901840361709f,1.5308084989341915e-17f,0f,0f,0f,1f], start_interpolation: 0, interpolation_duration: 1 }
$data merge entity $(bone_rlegdown) { transformation: [-0.9178992588129531f,0.14064407768003584f,0.37105281845602994f,-0.36249667666042545f,0.3955081637108954f,0.4000476529086226f,0.8267618567884816f,-1.624654913477977f,-0.032159650319414125f,0.9056385144282648f,-0.4228293249947297f,-0.1349154617818927f,0f,0f,0f,1f], start_interpolation: 0, interpolation_duration: 1 }
$data merge entity $(bone_rleg) { transformation: [-0.9178992588129531f,0.37999468265668074f,0.11430219518136979f,-0.125f,0.3955081637108954f,0.8994478615647634f,0.1859215876777349f,-1.0625f,-0.032159650319414125f,0.21586473885102828f,-0.9758935246286402f,-1.5308084989341915e-17f,0f,0f,0f,1f], start_interpolation: 0, interpolation_duration: 1 }
$data merge entity $(bone_head) { transformation: [-0.8799763668289518f,-0.11424284503608148f,-0.46107501144670604f,0.015057189165317786f,-0.1458708753764613f,0.9887391796710611f,0.03341440258784147f,-0.22183312861713683f,0.4520655721678251f,0.09666130012295154f,-0.8867318148792889f,0.006236891963491836f,0f,0f,0f,1f], start_interpolation: 0, interpolation_duration: 1 }
$data merge entity $(bone_lknife) { transformation: [0.10921513342544238f,-0.20309230753755433f,-0.9730496232206939f,0.36770483430754675f,-0.9230002039112793f,-0.3840853419070629f,-0.02343232194793584f,0.15197352510503184f,-0.36897517289188975f,0.9006841648165056f,-0.2294021731331114f,-1.057967386525491f,0f,0f,0f,1f], start_interpolation: 0, interpolation_duration: 1 }
$data merge entity $(bone_larmdown) { transformation: [0.10921513342544238f,-0.20309230753755433f,-0.9730496232206939f,0.2534654113176724f,-0.9230002039112793f,-0.3840853419070629f,-0.02343232194793584f,-0.06407447971769104f,-0.36897517289188975f,0.9006841648165056f,-0.2294021731331114f,-0.5513325438162067f,0f,0f,0f,1f], start_interpolation: 0, interpolation_duration: 1 }
$data merge entity $(bone_larm) { transformation: [0.10921513342544238f,-0.3689751728918899f,-0.9230002039112791f,0.10569066485565085f,-0.9230002039112793f,-0.3823192025331842f,0.043619387365336f,-0.346714156314869f,-0.36897517289188975f,0.8471654792092217f,-0.3823192025331843f,-0.2268195432736584f,0f,0f,0f,1f], start_interpolation: 0, interpolation_duration: 1 }
$data merge entity $(bone_rknife) { transformation: [-0.5829567225472927f,-0.3564050948768779f,-0.7301622203200618f,-0.29366758948665206f,0.40147457811375314f,0.6549332574058324f,-0.6402191745583458f,-0.8956046909828504f,0.7063848970393568f,-0.6663616410700645f,-0.23871016012123986f,0.5952184081640846f,0f,0f,0f,1f], start_interpolation: 0, interpolation_duration: 1 }
$data merge entity $(bone_rarmdown) { transformation: [-0.5829567225472927f,-0.3564050948768779f,-0.7301622203200618f,-0.5397805941248998f,0.40147457811375314f,0.6549332574058324f,-0.6402191745583458f,-0.5672184321019663f,0.7063848970393568f,-0.6663616410700645f,-0.23871016012123986f,0.20547060005459578f,0f,0f,0f,1f], start_interpolation: 0, interpolation_duration: 1 }
$data merge entity $(bone_rarm) { transformation: [-0.3777149119323908f,0.7982346652845757f,-0.46920450172811407f,-0.14333856407134904f,0.0870727897926938f,0.5351190542206115f,0.8402772917839417f,-0.3439879446045355f,0.9218187319541861f,0.27653031831620184f,-0.2716269656538477f,0.21122527282366083f,0f,0f,0f,1f], start_interpolation: 0, interpolation_duration: 1 }
$data merge entity $(bone_upperbody) { transformation: [-0.38268343236508995f,0.04029905920751534f,-0.9230002039112791f,-0.12949561435040977f,0f,0.9990482215818578f,0.043619387365336f,-0.59375f,0.9238795325112866f,0.016692416874629218f,-0.3823192025331843f,0.14930969782304812f,0f,0f,0f,1f], start_interpolation: 0, interpolation_duration: 1 }
$data merge entity $(bone_downbody) { transformation: [-0.38268343236508995f,0f,-0.9238795325112866f,0f,0f,1f,0f,-1.0625f,0.9238795325112866f,0f,-0.38268343236508995f,0f,0f,0f,0f,1f], start_interpolation: 0, interpolation_duration: 1 }