# This file was generated by Animated Java via MC-Build. It is not recommended to edit this file directly.
$data merge entity $(bone_llegdown) { transformation: [-0.8983445369168978f,-0.24113805615087844f,-0.367191409032592f,0.3816745839164641f,-0.3944335761130398f,0.8107434768803405f,0.4325704205452048f,-1.4361211121970565f,0.19338884928103625f,0.5334298947113412f,-0.8234399191210031f,0.4302910904166441f,0f,0f,0f,1f], start_interpolation: 0, interpolation_duration: 1 }
$data merge entity $(bone_lleg) { transformation: [-0.8983445369168978f,-0.41067933426634257f,0.15594735457236258f,0.125f,-0.3944335761130398f,0.5977937795152902f,-0.6979002444529615f,-1.0625f,0.19338884928103625f,-0.6884657446666306f,-0.6990104944808615f,1.5308084989341915e-17f,0f,0f,0f,1f], start_interpolation: 0, interpolation_duration: 1 }
$data merge entity $(bone_rlegdown) { transformation: [-0.7605516717418337f,-0.04579851581036237f,0.6476601350710649f,-0.4474659082311368f,0.5785100634310725f,0.4050604186537316f,0.7079916410163613f,-1.5713142021017237f,-0.29476645182191014f,0.9131421319759764f,-0.28157447627704085f,-0.16657984802566703f,0f,0f,0f,1f], start_interpolation: 0, interpolation_duration: 1 }
$data merge entity $(bone_rleg) { transformation: [-0.7605516717418337f,0.5159454531698189f,0.3941591607004615f,-0.125f,0.5785100634310725f,0.8141027233627579f,0.05062472046655962f,-1.0625f,-0.29476645182191014f,0.2665277568410672f,-0.9176468240633705f,-1.5308084989341915e-17f,0f,0f,0f,1f], start_interpolation: 0, interpolation_duration: 1 }
$data merge entity $(bone_head) { transformation: [-0.9736317750195181f,-0.07825038700569026f,-0.21428495888839755f,0.0443580250527347f,-0.09483740765137028f,0.9931513124261643f,0.06823735587019064f,-0.22523924510604187f,0.20747778864811123f,0.08676028791818834f,-0.9743847390317867f,0.06334982506207995f,0f,0f,0f,1f], start_interpolation: 0, interpolation_duration: 1 }
$data merge entity $(bone_lknife) { transformation: [0.03205941381558172f,-0.9868489720718783f,0.15843389885525783f,1.2280113807521447f,-0.9007515206154081f,0.04016912772872559f,0.43247328158690074f,-0.23286136715693492f,-0.4331499649022619f,-0.15657441520947862f,-0.8876179135230312f,0.02738448133762794f,0f,0f,0f,1f], start_interpolation: 0, interpolation_duration: 1 }
$data merge entity $(bone_larmdown) { transformation: [0.03205941381558172f,-0.9868489720718783f,0.15843389885525783f,0.6729088339617131f,-0.9007515206154081f,0.04016912772872559f,0.43247328158690074f,-0.21026623280952678f,-0.4331499649022619f,-0.15657441520947862f,-0.8876179135230312f,-0.06068862721770378f,0f,0f,0f,1f], start_interpolation: 0, interpolation_duration: 1 }
$data merge entity $(bone_larm) { transformation: [0.03205941381558172f,-0.9967857018511379f,-0.07341974237856724f,0.240822516128788f,-0.9007515206154081f,-0.06064883871390154f,0.4300795466790819f,-0.3493940398237847f,-0.4331499649022619f,0.0523448464300833f,-0.8998006028878734f,-0.09193150251732507f,0f,0f,0f,1f], start_interpolation: 0, interpolation_duration: 1 }
$data merge entity $(bone_rknife) { transformation: [-0.7061910794853139f,0.31296473884850495f,-0.6350962379772486f,-0.7444129593583624f,0.663122059912165f,0.606706257984158f,-0.43837957317912f,-0.8452621716950153f,0.24811951336647048f,-0.7307260695776139f,-0.6359843695614216f,0.5040222421705368f,0f,0f,0f,1f], start_interpolation: 0, interpolation_duration: 1 }
$data merge entity $(bone_rarmdown) { transformation: [-0.7061910794853139f,0.31296473884850495f,-0.6350962379772486f,-0.6080638086296564f,0.663122059912165f,0.606706257984158f,-0.43837957317912f,-0.5313886249026214f,0.24811951336647048f,-0.7307260695776139f,-0.6359843695614216f,0.05323980493554012f,0f,0f,0f,1f], start_interpolation: 0, interpolation_duration: 1 }
$data merge entity $(bone_rarm) { transformation: [-0.6715801165727652f,0.7308723558566934f,-0.12167886615430817f,-0.20435963837075735f,0.5180283735154765f,0.5805804317739387f,0.6281504329968235f,-0.3421382326909578f,0.5297421554464221f,0.35882023589211615f,-0.7685188918024757f,0.14400588870753817f,0f,0f,0f,1f], start_interpolation: 0, interpolation_duration: 1 }
$data merge entity $(bone_upperbody) { transformation: [-0.8191520442889921f,0.06658815996955755f,-0.5696981176807887f,-0.16980967559508472f,-3.469446951953614e-18f,0.9932383577419429f,0.11609291412523029f,-0.5904478221264435f,0.5735764363510457f,0.09509774793314879f,-0.813613231210554f,0.0843829244523106f,0f,0f,0f,1f], start_interpolation: 0, interpolation_duration: 1 }
$data merge entity $(bone_downbody) { transformation: [-0.8191520442889921f,0.041674899919573634f,-0.5720604260511809f,0f,-3.469446951953614e-18f,0.9973569167005722f,0.07265797072261067f,-1.0625f,0.5735764363510457f,0.059517925251316266f,-0.8169869572010399f,0f,0f,0f,0f,1f], start_interpolation: 0, interpolation_duration: 1 }