# This file was generated by Animated Java via MC-Build. It is not recommended to edit this file directly.
$data merge entity $(bone_llegdown) { transformation: [-0.8979584261291234f,-0.3685772207472631f,-0.24046100991622504f,0.3215848970088462f,-0.43992511629118536f,0.7663043603065789f,0.46823447057143497f,-1.4518712899491555f,0.0116857605612411f,0.5262399260046203f,-0.8502558340163017f,0.4476263808483052f,0f,0f,0f,1f], start_interpolation: 0, interpolation_duration: 1 }
$data merge entity $(bone_lleg) { transformation: [-0.8979584261291234f,-0.31453583521415385f,0.30779518077748114f,0.125f,-0.43992511629118536f,0.6229940639186489f,-0.6467953991629142f,-1.0625f,0.0116857605612411f,-0.7162022093572883f,-0.6977949830085082f,1.5308084989341915e-17f,0f,0f,0f,1f], start_interpolation: 0, interpolation_duration: 1 }
$data merge entity $(bone_rlegdown) { transformation: [-0.528730428529326f,-0.206489748948198f,0.8232898138119442f,-0.5114176666599908f,0.6577511016954777f,0.5133840458886221f,0.5511808320736623f,-1.5196830487398605f,-0.5364770471936158f,0.8329458595889286f,-0.1356229067233105f,-0.1796943149851287f,0f,0f,0f,1f], start_interpolation: 0, interpolation_duration: 1 }
$data merge entity $(bone_rleg) { transformation: [-0.528730428529326f,0.6182682666559852f,0.5815397530637085f,-0.125f,0.6577511016954777f,0.7314928779837768f,-0.17967097060292464f,-1.0625f,-0.5364770471936158f,0.2875109039762059f,-0.7934291763788397f,-1.5308084989341915e-17f,0f,0f,0f,1f], start_interpolation: 0, interpolation_duration: 1 }
$data merge entity $(bone_head) { transformation: [-0.996945041991977f,-0.0650885793645409f,0.04317476211770959f,0.006017953966097694f,-0.05815389871650551f,0.987573792738818f,0.14600043821693356f,-0.23307126143199974f,-0.05214122468532334f,0.14304363226572542f,-0.9883419509241438f,0.13783380672075243f,0f,0f,0f,1f], start_interpolation: 0, interpolation_duration: 1 }
$data merge entity $(bone_lknife) { transformation: [0.13326253197603755f,0.07565912038595446f,0.9881886434652842f,0.4271592536626236f,-0.7805179364156397f,0.6224742499611174f,0.05759825577928185f,-0.8118168048149047f,-0.6107641512931212f,-0.7789746501894448f,0.14200579515437106f,0.9284406925777993f,0f,0f,0f,1f], start_interpolation: 0, interpolation_duration: 1 }
$data merge entity $(bone_larmdown) { transformation: [0.13326253197603755f,0.07565912038595446f,0.9881886434652842f,0.46971750887972297f,-0.7805179364156397f,0.6224742499611174f,0.05759825577928185f,-0.46167503921177616f,-0.6107641512931212f,-0.7789746501894448f,0.14200579515437106f,0.4902674518462366f,0f,0f,0f,1f], start_interpolation: 0, interpolation_duration: 1 }
$data merge entity $(bone_larm) { transformation: [0.13326253197603755f,-0.5294174034633956f,0.8378295235197978f,0.2547552113614921f,-0.7805179364156397f,0.46490573948092007f,0.41791674330082806f,-0.3558435202408286f,-0.6107641512931212f,-0.7096336141332195f,-0.35126526328035623f,0.10345722675131291f,0f,0f,0f,1f], start_interpolation: 0, interpolation_duration: 1 }
$data merge entity $(bone_rknife) { transformation: [-0.4727385295152655f,0.8434329767510118f,-0.2552236204599243f,-1.1147789037384483f,0.8806499175707484f,0.4419346319263215f,-0.17073225760465072f,-0.6554961399595307f,-0.031209059492051272f,-0.3054743767209844f,-0.951688709490949f,0.10958542628047566f,0f,0f,0f,1f], start_interpolation: 0, interpolation_duration: 1 }
$data merge entity $(bone_rarmdown) { transformation: [-0.4727385295152655f,0.8434329767510118f,-0.2552236204599243f,-0.6562993305947494f,0.8806499175707484f,0.4419346319263215f,-0.17073225760465072f,-0.4175786756012656f,-0.031209059492051272f,-0.3054743767209844f,-0.951688709490949f,-0.12172445496826237f,0f,0f,0f,1f], start_interpolation: 0, interpolation_duration: 1 }
$data merge entity $(bone_rarm) { transformation: [-0.5278637704550678f,0.7837024788596101f,0.3273686980611644f,-0.24744652478678655f,0.8343235240117532f,0.40633746974151574f,0.37255082601528666f,-0.3440964730908216f,0.15894683740662766f,0.4697874895241095f,-0.868352242793825f,0.06393921702270708f,0f,0f,0f,1f], start_interpolation: 0, interpolation_duration: 1 }
$data merge entity $(bone_upperbody) { transformation: [-0.9990482215818577f,0.008198384000560409f,-0.042842005717597095f,-0.18705560693806056f,4.336808689942018e-19f,0.9821780704706308f,0.1879527544001118f,-0.5896409907084793f,0.04361938736533637f,0.18777386502484342f,-0.9812432545803842f,0.014269539056162704f,0f,0f,0f,1f], start_interpolation: 0, interpolation_duration: 1 }
$data merge entity $(bone_downbody) { transformation: [-0.9990482215818577f,0.006321838912701225f,-0.043158838108655374f,0f,4.336808689942018e-19f,0.9894416385809446f,0.14493185930724667f,-1.0625f,0.04361938736533637f,0.14479391629145683f,-0.9884999093833319f,0f,0f,0f,0f,1f], start_interpolation: 0, interpolation_duration: 1 }