# This file was generated by Animated Java via MC-Build. It is not recommended to edit this file directly.
$data merge entity $(bone_llegdown) { transformation: [-0.8659851109755377f,-0.4869636626512497f,-0.1137373238034275f,0.26027470139744646f,-0.4701394969234681f,0.7153111232219289f,0.5170095264378893f,-1.47473499978754f,-0.1704072797776968f,0.5011949603220909f,-0.8483896338042467f,0.44987560515324515f,0f,0f,0f,1f], start_interpolation: 0, interpolation_duration: 1 }
$data merge entity $(bone_lleg) { transformation: [-0.8659851109755377f,-0.2164395222359144f,0.45080341700454646f,0.125f,-0.4701394969234681f,0.6595759996600642f,-0.5864540511455056f,-1.0625f,-0.1704072797776968f,-0.7198009682451922f,-0.6729397633607705f,1.5308084989341915e-17f,0f,0f,0f,1f], start_interpolation: 0, interpolation_duration: 1 }
$data merge entity $(bone_rlegdown) { transformation: [-0.2825451053464777f,-0.2894026574980205f,0.9145569229292574f,-0.5666020080525693f,0.6101940426304541f,0.6814188671146142f,0.40414299187111913f,-1.4714112485914872f,-0.7401563981909848f,0.672245810231138f,-0.0159397880672624f,-0.16853562608329864f,0f,0f,0f,1f], start_interpolation: 0, interpolation_duration: 1 }
$data merge entity $(bone_rleg) { transformation: [-0.2825451053464777f,0.706563212884111f,0.648796339110842f,-0.125f,0.6101940426304541f,0.6542579977463796f,-0.44677701678040915f,-1.0625f,-0.7401563981909848f,0.2696570017332778f,-0.615998058140744f,-1.5308084989341915e-17f,0f,0f,0f,1f], start_interpolation: 0, interpolation_duration: 1 }
$data merge entity $(bone_head) { transformation: [-0.9500294502465998f,-0.1294095225512604f,0.2840725596343264f,-0.098932537322501f,-0.05601869420181804f,0.9659258262890683f,0.252684000300185f,-0.24528777625190662f,-0.30709273772602685f,0.2241438680420134f,-0.9249073341989986f,0.1713561811642759f,0f,0f,0f,1f], start_interpolation: 0, interpolation_duration: 1 }
$data merge entity $(bone_lknife) { transformation: [0.45691174258513384f,0.8822927660521698f,0.11309789768084921f,-0.5698039643874082f,-0.5742094658940913f,0.3896633382980697f,-0.7200319243367106f,-0.8714869022266272f,-0.6793490625337163f,0.26404915784454874f,0.6846626128803485f,0.406377582811603f,0f,0f,0f,1f], start_interpolation: 0, interpolation_duration: 1 }
$data merge entity $(bone_larmdown) { transformation: [0.45691174258513384f,0.8822927660521698f,0.11309789768084921f,-0.07351428348306271f,-0.5742094658940913f,0.3896633382980697f,-0.7200319243367106f,-0.6523012744339629f,-0.6793490625337163f,0.26404915784454874f,0.6846626128803485f,0.5549052340991617f,0f,0f,0f,1f], start_interpolation: 0, interpolation_duration: 1 }
$data merge entity $(bone_larm) { transformation: [0.45691174258513384f,0.34320073051985645f,0.8206368978168441f,0.1337500039425162f,-0.5742094658940913f,0.818397607160421f,-0.022557612278777284f,-0.36602850453804014f,-0.6793490625337163f,-0.46091063685353817f,0.5710045849814406f,0.2683381976590242f,0f,0f,0f,1f], start_interpolation: 0, interpolation_duration: 1 }
$data merge entity $(bone_rknife) { transformation: [-0.15531715899202306f,0.9259264613403676f,0.3442916907396278f,-1.166650123146155f,0.9854337591819177f,0.12078573800867276f,0.11971262154967197f,-0.3309943460765308f,0.06925955809302675f,0.3578700793352319f,-0.9311992911989105f,-0.44530035816701763f,0f,0f,0f,1f], start_interpolation: 0, interpolation_duration: 1 }
$data merge entity $(bone_rarmdown) { transformation: [-0.15531715899202306f,0.9259264613403676f,0.3442916907396278f,-0.6242982579709715f,0.9854337591819177f,0.12078573800867276f,0.11971262154967197f,-0.25557032959979786f,0.06925955809302675f,0.3578700793352319f,-0.9311992911989105f,-0.3021983942408816f,0f,0f,0f,1f], start_interpolation: 0, interpolation_duration: 1 }
$data merge entity $(bone_rarm) { transformation: [-0.20148856832726636f,0.754364962404328f,0.6247686454441718f,-0.2690775158781697f,0.9692190481656761f,0.061418048917427887f,0.2384161486560797f,-0.34985231421913265f,0.14148071778956295f,0.653575800319973f,-0.7435199255768852f,-0.03394407132458879f,0f,0f,0f,1f], start_interpolation: 0, interpolation_duration: 1 }
$data merge entity $(bone_upperbody) { transformation: [-0.8660254037844385f,-0.1294095225512604f,0.48296291314453427f,-0.18259854750382717f,-6.938893903907228e-18f,0.9659258262890683f,0.2588190451025208f,-0.5913337707913997f,-0.5000000000000001f,0.2241438680420134f,-0.8365163037378078f,-0.05873003833509213f,0f,0f,0f,1f], start_interpolation: 0, interpolation_duration: 1 }
$data merge entity $(bone_downbody) { transformation: [-0.8660254037844385f,-0.10821980696905145f,0.4881480035599668f,0f,-6.938893903907228e-18f,0.9762960071199334f,0.2164396139381029f,-1.0625f,-0.5000000000000001f,0.18744220405569356f,-0.8454971437791754f,0f,0f,0f,0f,1f], start_interpolation: 0, interpolation_duration: 1 }