# This file was generated by Animated Java via MC-Build. It is not recommended to edit this file directly.
$data merge entity $(bone_lknife) { transformation: [0.4569117425851338f,0.8859046484100672f,0.08002882863850547f,-0.5774120408902813f,-0.5742094658940912f,0.36246799502343097f,-0.7340983870444864f,-0.8559922637268574f,-0.6793490625337162f,0.28946486230478613f,0.6743107182341329f,0.3881639894290266f,0f,0f,0f,1f], start_interpolation: 0, interpolation_duration: 1 }
$data merge entity $(bone_larmdown) { transformation: [0.4569117425851338f,0.8859046484100672f,0.08002882863850547f,-0.07909067615961848f,-0.5742094658940912f,0.36246799502343097f,-0.7340983870444864f,-0.6521040165261776f,-0.6793490625337162f,0.28946486230478613f,0.6743107182341329f,0.5509879744754688f,0f,0f,0f,1f], start_interpolation: 0, interpolation_duration: 1 }
$data merge entity $(bone_larm) { transformation: [0.4569117425851338f,0.35594677092341254f,0.8151892760316539f,0.1337500039425162f,-0.5742094658940912f,0.8179467319426257f,-0.03530769012553827f,-0.36602850453804014f,-0.6793490625337162f,-0.4519569005708114f,0.5781174718523795f,0.2683381976590242f,0f,0f,0f,1f], start_interpolation: 0, interpolation_duration: 1 }
$data merge entity $(bone_rknife) { transformation: [-0.1541961667917217f,0.914976456225794f,0.37288285921885256f,-1.1579783133946417f,0.9855563058580795f,0.1156908269494926f,0.12367053223431118f,-0.3267471833213276f,0.07001649898498757f,0.3865665752651535f,-0.919599898193587f,-0.4672012662312989f,0f,0f,0f,1f], start_interpolation: 0, interpolation_duration: 1 }
$data merge entity $(bone_rarmdown) { transformation: [-0.1541961667917217f,0.914976456225794f,0.37288285921885256f,-0.6199988780664543f,0.9855563058580795f,0.1156908269494926f,0.12367053223431118f,-0.2539416848975935f,0.07001649898498757f,0.3865665752651535f,-0.919599898193587f,-0.30723256128174925f,0f,0f,0f,1f], start_interpolation: 0, interpolation_duration: 1 }
$data merge entity $(bone_rarm) { transformation: [-0.2014885683272665f,0.7445378083368599f,0.6364478052365121f,-0.2690775158781697f,0.9692190481656755f,0.05769543245524639f,0.23934425781000798f,-0.34985231421913265f,0.14148071778956275f,0.6650824678419562f,-0.7332451960040401f,-0.03394407132458879f,0f,0f,0f,1f], start_interpolation: 0, interpolation_duration: 1 }