# This file was generated by Animated Java via MC-Build. It is not recommended to edit this file directly.
$data merge entity $(bone_lknife) { transformation: [0.4569117425851343f,0.888277513010828f,0.04684783204284726f,-0.5842853541288331f,-0.5742094658940914f,0.3347657074822343f,-0.7471381467784532f,-0.8401255704370533f,-0.6793490625337162f,0.3144757239807514f,0.6630157390751323f,0.37013010422292775f,0f,0f,0f,1f], start_interpolation: 0, interpolation_duration: 1 }
$data merge entity $(bone_larmdown) { transformation: [0.4569117425851343f,0.888277513010828f,0.04684783204284726f,-0.08462925306024227f,-0.5742094658940914f,0.3347657074822343f,-0.7471381467784532f,-0.6518198599782965f,-0.6793490625337162f,0.3144757239807514f,0.6630157390751323f,0.5470226989621004f,0f,0f,0f,1f], start_interpolation: 0, interpolation_duration: 1 }
$data merge entity $(bone_larm) { transformation: [0.4569117425851343f,0.3686063752676953f,0.8095436983880657f,0.1337500039425162f,-0.5742094658940914f,0.817297231261755f,-0.04804919405663054f,-0.36602850453804014f,-0.6793490625337162f,-0.44289341368311236f,0.5850899720134342f,0.2683381976590242f,0f,0f,0f,1f], start_interpolation: 0, interpolation_duration: 1 }
$data merge entity $(bone_rknife) { transformation: [-0.15308647261800185f,0.9031416165832762f,0.40112311364059394f,-1.1487077524146574f,0.9856739896737661f,0.11047124193874536f,0.1274476001543864f,-0.3224124592342987f,0.07079066309887859f,0.4148871233237523f,-0.9071148532121842f,-0.4888753985219192f,0f,0f,0f,1f], start_interpolation: 0, interpolation_duration: 1 }
$data merge entity $(bone_rarmdown) { transformation: [-0.15308647261800185f,0.9031416165832762f,0.40112311364059394f,-0.6156203984840274f,0.9856739896737661f,0.11047124193874536f,0.1274476001543864f,-0.25230691063410526f,0.07079066309887859f,0.4148871233237523f,-0.9071148532121842f,-0.31219606997807003f,0f,0f,0f,1f], start_interpolation: 0, interpolation_duration: 1 }
$data merge entity $(bone_rarm) { transformation: [-0.20148856832726625f,0.7345298550055989f,0.6479724137174999f,-0.2690775158781697f,0.9692190481656762f,0.05395880556727352f,0.24021424598590027f,-0.34985231421913265f,0.141480717789563f,0.6764276305764038f,-0.7227924094001973f,-0.03394407132458879f,0f,0f,0f,1f], start_interpolation: 0, interpolation_duration: 1 }