# This file was generated by Animated Java via MC-Build. It is not recommended to edit this file directly.
$data merge entity $(bone_lknife) { transformation: [0.4569117425851338f,0.889408041188745f,0.013601314517947272f,-0.5904206923975575f,-0.574209465894091f,0.306595219828537f,-0.7591329662555261f,-0.8239086849468084f,-0.6793490625337162f,0.3390467629208257f,0.650793472453028f,0.3522965663207097f,0f,0f,0f,1f], start_interpolation: 0, interpolation_duration: 1 }
$data merge entity $(bone_larmdown) { transformation: [0.4569117425851338f,0.889408041188745f,0.013601314517947272f,-0.09012866922888838f,-0.574209465894091f,0.306595219828537f,-0.7591329662555261f,-0.6514488737932563f,-0.6793490625337162f,0.3390467629208257f,0.650793472453028f,0.5430103704636742f,0f,0f,0f,1f], start_interpolation: 0, interpolation_duration: 1 }
$data merge entity $(bone_larm) { transformation: [0.4569117425851338f,0.381176469367458f,0.8037015358255674f,0.1337500039425162f,-0.574209465894091f,0.8164492628388058f,-0.06077902999878488f,-0.36602850453804014f,-0.6793490625337162f,-0.43372237711528094f,0.5919203923029099f,0.2683381976590242f,0f,0f,0f,1f], start_interpolation: 0, interpolation_duration: 1 }
$data merge entity $(bone_rknife) { transformation: [-0.15198834594259225f,0.8904332417600321f,0.4289850634536767f,-1.138844147424272f,0.9857867820513169f,0.10513299340035911f,0.13103997112175136f,-0.31799371077129146f,0.07158186244115404f,0.4428043537132401f,-0.8937563097970582f,-0.5103053946214233f,0f,0f,0f,1f], start_interpolation: 0, interpolation_duration: 1 }
$data merge entity $(bone_rarmdown) { transformation: [-0.15198834594259225f,0.8904332417600321f,0.4289850634536767f,-0.6111638824683991f,0.9857867820513169f,0.10513299340035911f,0.13103997112175136f,-0.25066640378848f,0.07158186244115404f,0.4428043537132401f,-0.8937563097970582f,-0.31708771502004196f,0f,0f,0f,1f], start_interpolation: 0, interpolation_duration: 1 }
$data merge entity $(bone_rarm) { transformation: [-0.20148856832726655f,0.7243435326841625f,0.6593396723177334f,-0.2690775158781697f,0.9692190481656757f,0.05020907563441556f,0.2410259019208496f,-0.34985231421913265f,0.1414807177895628f,0.6876085335294824f,-0.7121641040597207f,-0.03394407132458879f,0f,0f,0f,1f], start_interpolation: 0, interpolation_duration: 1 }