# This file was generated by Animated Java via MC-Build. It is not recommended to edit this file directly.
$data merge entity $(bone_head) { transformation: [-0.9454020737393408f,-0.12943105111308467f,0.29910286186714385f,-0.10125217319139089f,-0.052007495679307465f,0.9659114278557906f,0.2535948223658254f,-0.24606572659681564f,-0.3217299167974911f,0.22419348015798723f,-0.9199060517749243f,0.17334806283834422f,0f,0f,0f,1f], start_interpolation: 0, interpolation_duration: 1 }
$data merge entity $(bone_lknife) { transformation: [0.4652479474015098f,0.8845965604974266f,-0.03214455777894598f,-0.6025547517134126f,-0.5744153924934168f,0.27408202888330807f,-0.7713144613643927f,-0.8067123493125405f,-0.6734918739712572f,0.37731679872400536f,0.6356419818540562f,0.32784560863398f,0f,0f,0f,1f], start_interpolation: 0, interpolation_duration: 1 }
$data merge entity $(bone_larmdown) { transformation: [0.4652479474015098f,0.8845965604974266f,-0.03214455777894598f,-0.10496918643361011f,-0.5744153924934168f,0.27408202888330807f,-0.7713144613643927f,-0.6525412080656797f,-0.6734918739712572f,0.37731679872400536f,0.6356419818540562f,0.540086307916233f,0f,0f,0f,1f], start_interpolation: 0, interpolation_duration: 1 }
$data merge entity $(bone_larm) { transformation: [0.4652479474015098f,0.402979523765132f,0.7881318740316932f,0.1294903486388239f,-0.5744153924934168f,0.8148803732095563f,-0.07756889985353733f,-0.36783296884817596f,-0.6734918739712572f,-0.41662630831943565f,0.6105990623238807f,0.2736258137800728f,0f,0f,0f,1f], start_interpolation: 0, interpolation_duration: 1 }
$data merge entity $(bone_rknife) { transformation: [-0.14852466753887256f,0.8698973291263152f,0.4703393029626277f,-1.1200533722025656f,0.9862716533117382f,0.0955913533481006f,0.13464961581381973f,-0.30915707846362794f,0.07217097066132641f,0.4838811113734257f,-0.8721527509844937f,-0.5453149133073385f,0f,0f,0f,1f], start_interpolation: 0, interpolation_duration: 1 }
$data merge entity $(bone_rarmdown) { transformation: [-0.14852466753887256f,0.8698973291263152f,0.4703393029626277f,-0.601339918133849f,0.9862716533117382f,0.0955913533481006f,0.13464961581381973f,-0.24697134121695763f,0.07217097066132641f,0.4838811113734257f,-0.8721527509844937f,-0.32764133509631743f,0f,0f,0f,1f], start_interpolation: 0, interpolation_duration: 1 }
$data merge entity $(bone_rarm) { transformation: [-0.200222579147437f,0.7033482865098315f,0.6820645912692082f,-0.26859722039236816f,0.9696322432343855f,0.04246065425405809f,0.24085349430840897f,-0.3495988353851054f,0.14044298373290767f,0.7095761274902088f,-0.6904907585306245f,-0.03475715228596457f,0f,0f,0f,1f], start_interpolation: 0, interpolation_duration: 1 }
$data merge entity $(bone_upperbody) { transformation: [-0.8582545617643169f,-0.12943105111308467f,0.49663538961546233f,-0.18259854750382717f,0.004113255077545976f,0.9659114278557906f,0.258840094788761f,-0.5913337707913997f,-0.513207743845908f,0.22419348015798723f,-0.8284655062893344f,-0.05873003833509213f,0f,0f,0f,1f], start_interpolation: 0, interpolation_duration: 1 }