# This file was generated by Animated Java via MC-Build. It is not recommended to edit this file directly.
$data merge entity $(bone_head) { transformation: [-0.9405369638266527f,-0.12944878770068521f,0.31405927949762025f,-0.103603182800589f,-0.04798120073527811f,0.9658998784432673f,0.254431187552317f,-0.2468376029374516f,-0.33628562867262457f,0.22423299531091379f,-0.9146756472991687f,0.17529906816524635f,0f,0f,0f,1f], start_interpolation: 0, interpolation_duration: 1 }
$data merge entity $(bone_lknife) { transformation: [0.473490001881207f,0.87738643599215f,-0.07746134555716955f,-0.6131875634873055f,-0.574672064413335f,0.24108118511424026f,-0.7820689743026693f,-0.7890629991799886f,-0.6675022370759893f,0.41481671147737786f,0.6183590052531325f,0.3034746175533547f,0f,0f,0f,1f], start_interpolation: 0, interpolation_duration: 1 }
$data merge entity $(bone_larmdown) { transformation: [0.473490001881207f,0.87738643599215f,-0.07746134555716955f,-0.11965769324172107f,-0.574672064413335f,0.24108118511424026f,-0.7820689743026693f,-0.6534548325532284f,-0.6675022370759893f,0.41481671147737786f,0.6183590052531325f,0.5368090177593797f,0f,0f,0f,1f], start_interpolation: 0, interpolation_duration: 1 }
$data merge entity $(bone_larm) { transformation: [0.473490001881207f,0.42426574159930863f,0.7718845759721611f,0.12514481894312732f,-0.574672064413335f,0.8129313589343868f,-0.09431131450683336f,-0.3696313710711011f,-0.6675022370759893f,-0.3989250382794739f,0.6287285402558642f,0.27884153387761124f,0f,0f,0f,1f], start_interpolation: 0, interpolation_duration: 1 }
$data merge entity $(bone_rknife) { transformation: [-0.14508905930459298f,0.8474309954577183f,0.5106954795253712f,-1.0997875716714618f,0.9867339755375656f,0.08593331800901485f,0.13773716410538156f,-0.3002386052137761f,0.07283698504152664f,0.523904736372465f,-0.8486569394146013f,-0.5795429958078093f,0f,0f,0f,1f], start_interpolation: 0, interpolation_duration: 1 }
$data merge entity $(bone_rarmdown) { transformation: [-0.14508905930459298f,0.8474309954577183f,0.5106954795253712f,-0.5911891692561595f,0.9867339755375656f,0.08593331800901485f,0.13773716410538156f,-0.2432925410771189f,0.07283698504152664f,0.523904736372465f,-0.8486569394146013f,-0.3378876403117103f,0f,0f,0f,1f], start_interpolation: 0, interpolation_duration: 1 }
$data merge entity $(bone_rarm) { transformation: [-0.1989347479812767f,0.6816453840210713f,0.7041196890361694f,-0.26810247024928113f,0.9700454543153874f,0.03475084004118795f,0.24042503130598908f,-0.3493447303485226f,0.13941586210930218f,0.7308569966547477f,-0.6681401558304381f,-0.03556468703892096f,0f,0f,0f,1f], start_interpolation: 0, interpolation_duration: 1 }
$data merge entity $(bone_upperbody) { transformation: [-0.8502676131245226f,-0.12944878770068521f,0.510184277917646f,-0.18259854750382717f,0.008225133312964502f,0.9658998784432673f,0.25878518505754017f,-0.5913337707913997f,-0.5262863605049164f,0.22423299531091379f,-0.8202086506251838f,-0.05873003833509213f,0f,0f,0f,1f], start_interpolation: 0, interpolation_duration: 1 }