# This file was generated by Animated Java via MC-Build. It is not recommended to edit this file directly.
$data merge entity $(bone_llegdown) { transformation: [-0.9912016957612333f,-0.096276576656402f,-0.09082961580552598f,0.20067115284630868f,-0.1087586596244969f,0.983532772802447f,0.1443427822241662f,-1.4470633814248979f,0.07543707494818665f,0.15295131778070492f,-0.9853502636689186f,0.11546151156448282f,0f,0f,0f,1f], start_interpolation: 0, interpolation_duration: 1 }
$data merge entity $(bone_lleg) { transformation: [-0.9912016957612333f,-0.1210738445540939f,-0.053481982806797765f,0.125f,-0.1087586596244969f,0.9753014102798364f,-0.19224649037848524f,-0.8375f,0.07543707494818665f,-0.1847384185031725f,-0.9798882407969841f,1.5308084989341915e-17f,0f,0f,0f,1f], start_interpolation: 0, interpolation_duration: 1 }
$data merge entity $(bone_rlegdown) { transformation: [-0.9932270796750226f,0.11041017056052739f,0.03618787693443252f,-0.19747129179717743f,0.11601114074417714f,0.9596210171641676f,0.25625947522002557f,-1.4582606699183174f,-0.006432994906037589f,0.25872204709611324f,-0.9659303903092269f,-0.005394677729977066f,0f,0f,0f,1f], start_interpolation: 0, interpolation_duration: 1 }
$data merge entity $(bone_rleg) { transformation: [-0.9932270796750226f,0.11595406687548386f,0.0073907087117677794f,-0.125f,0.11601114074417714f,0.9932170718693076f,0.007827092090508447f,-0.8375f,-0.006432994906037589f,0.008631484367963281f,-0.999942055348281f,-1.5308084989341915e-17f,0f,0f,0f,1f], start_interpolation: 0, interpolation_duration: 1 }
$data merge entity $(bone_head) { transformation: [-0.9942541046537037f,-0.044779283523566506f,-0.09722957958552544f,0.0007633829152235705f,-0.04361349307182751f,0.9989492066848931f,-0.014083525329139038f,0.030690312680415888f,0.09775806156699116f,-0.009762081270860881f,-0.9951623300587324f,0.0031797186812717176f,0f,0f,0f,1f], start_interpolation: 0, interpolation_duration: 1 }
$data merge entity $(bone_lknife) { transformation: [-0.8395947743463513f,-0.4917349725801589f,-0.2308188285904978f,0.8366302182159984f,-0.507433246440191f,0.8616312232409228f,0.010155567119542026f,-0.8921222984826721f,0.19388686210640352f,0.12565170861528946f,-0.9729437459712615f,-0.22095179898968534f,0f,0f,0f,1f], start_interpolation: 0, interpolation_duration: 1 }
$data merge entity $(bone_larmdown) { transformation: [-0.8395947743463513f,-0.4917349725801589f,-0.2308188285904978f,0.560029296139659f,-0.507433246440191f,0.8616312232409228f,0.010155567119542026f,-0.40745473540965305f,0.19388686210640352f,0.12565170861528946f,-0.9729437459712615f,-0.15027271289358501f,0f,0f,0f,1f], start_interpolation: 0, interpolation_duration: 1 }
$data merge entity $(bone_larm) { transformation: [-0.8395947743463513f,-0.48337995997382815f,-0.24783952305070214f,0.24360121685781527f,-0.507433246440191f,0.8607519165990204f,0.0402198766567155f,-0.09430492770260554f,0.19388686210640352f,0.15953041204363955f,-0.9679658735387932f,-0.05624229986119228f,0f,0f,0f,1f], start_interpolation: 0, interpolation_duration: 1 }
$data merge entity $(bone_rknife) { transformation: [-0.9750806518608228f,0.13059725905359365f,-0.17933788861911398f,-0.5282717409778545f,0.16405959181967528f,0.9686344237671731f,-0.18663280372216995f,-1.0275445860042034f,0.14933911978659425f,-0.2114041367166806f,-0.9659224183548284f,0.12477191059563014f,0f,0f,0f,1f], start_interpolation: 0, interpolation_duration: 1 }
$data merge entity $(bone_rarmdown) { transformation: [-0.9750806518608228f,0.13059725905359365f,-0.17933788861911398f,-0.4660194007989027f,0.16405959181967528f,0.9686344237671731f,-0.18663280372216995f,-0.49435227286780403f,0.14933911978659425f,-0.2114041367166806f,-0.9659224183548284f,-0.05451306745467945f,0f,0f,0f,1f], start_interpolation: 0, interpolation_duration: 1 }
$data merge entity $(bone_rarm) { transformation: [-0.9593755273052572f,0.2032547128205422f,-0.19566839122351543f,-0.25717352302675833f,0.15633601699181143f,0.9603080131607391f,0.23101421958487697f,-0.09375951923395717f,0.23485665287339813f,0.19103937179417393f,-0.9530720387387259f,-0.000290423903903117f,0f,0f,0f,1f], start_interpolation: 0, interpolation_duration: 1 }
$data merge entity $(bone_upperbody) { transformation: [-0.9723699203976766f,0.002037169254619377f,-0.23343647497176626f,-0.1969096953155584f,0f,0.9999619230641713f,0.008726535498373935f,-0.34375f,0.2334453638559053f,0.008485420627901362f,-0.9723328955306159f,-0.01700211430187254f,0f,0f,0f,1f], start_interpolation: 0, interpolation_duration: 1 }
$data merge entity $(bone_downbody) { transformation: [-0.9723699203976766f,0f,-0.2334453638559053f,0f,0f,1f,0f,-0.8375f,0.2334453638559053f,0f,-0.9723699203976766f,0f,0f,0f,0f,1f], start_interpolation: 0, interpolation_duration: 1 }