# This file was generated by Animated Java via MC-Build. It is not recommended to edit this file directly.
$data merge entity $(bone_head) { transformation: [-0.9354353031974693f,-0.1294625599732305f,0.32893804750596467f,-0.10598491849385892f,-0.04394116123089495f,0.9658911903657325f,0.2551928343891122f,-0.24760314491197233f,-0.35075627988895514f,0.2242624666301654f,-0.9092174537366816f,0.17720874330637534f,0f,0f,0f,1f], start_interpolation: 0, interpolation_duration: 1 }
$data merge entity $(bone_lknife) { transformation: [0.4816356945071976f,0.8678068410840277f,-0.12222251979209886f,-0.6223249825135483f,-0.5749793900771167f,0.20765743508329443f,-0.7913767059000244f,-0.7709971547383621f,-0.6613817042851396f,0.45143069924672596f,0.5989862811571696f,0.27925533796669355f,0f,0f,0f,1f], start_interpolation: 0, interpolation_duration: 1 }
$data merge entity $(bone_larmdown) { transformation: [0.4816356945071976f,0.8678068410840277f,-0.12222251979209886f,-0.1341836344037827f,-0.5749793900771167f,0.20765743508329443f,-0.7913767059000244f,-0.6541898475040089f,-0.6613817042851396f,0.45143069924672596f,0.5989862811571696f,0.5331851062929769f,0f,0f,0f,1f], start_interpolation: 0, interpolation_duration: 1 }
$data merge entity $(bone_larm) { transformation: [0.4816356945071976f,0.4450141850238176f,0.7549764452644575f,0.12071453335753721f,-0.5749793900771167f,0.8106038011010426f,-0.11099630006035269f,-0.37142310828194236f,-0.6613817042851396f,-0.38063611595345037f,0.6462897093941349f,0.28398409252769985f,0f,0f,0f,1f], start_interpolation: 0, interpolation_duration: 1 }
$data merge entity $(bone_rknife) { transformation: [-0.1416838177870401f,0.8230830026938305f,0.5499636955779869f,-1.0780780039066964f,0.987173687805936f,0.07618560012341383f,0.14029919613976444f,-0.2912569399730278f,0.07357856944054861f,0.562787815264637f,-0.8233201498255336f,-0.6129278972973502f,0f,0f,0f,1f], start_interpolation: 0, interpolation_duration: 1 }
$data merge entity $(bone_rarmdown) { transformation: [-0.1416838177870401f,0.8230830026938305f,0.5499636955779869f,-0.5807210839177925f,0.987173687805936f,0.07618560012341383f,0.14029919613976444f,-0.23963384014487224f,0.07357856944054861f,0.562787815264637f,-0.8233201498255336f,-0.34781726057508777f,0f,0f,0f,1f], start_interpolation: 0, interpolation_duration: 1 }
$data merge entity $(bone_rarm) { transformation: [-0.19762522821644574f,0.6592561941255234f,0.7254829699445245f,-0.26759334546082036f,0.9704585521544317f,0.027088176246338205f,0.23974242273317392f,-0.34909008205640324f,0.13839966662793043f,0.7514303036308674f,-0.6451341186625461f,-0.03636646106507459f,0f,0f,0f,1f], start_interpolation: 0, interpolation_duration: 1 }
$data merge entity $(bone_upperbody) { transformation: [-0.8420665274189691f,-0.1294625599732305f,0.5236061582580327f,-0.18259854750382717f,0.01233425829701372f,0.9658911903657325f,0.2586543532325155f,-0.5913337707913997f,-0.5392326302003809f,0.2242624666301654f,-0.8117478158813445f,-0.05873003833509213f,0f,0f,0f,1f], start_interpolation: 0, interpolation_duration: 1 }