# This file was generated by Animated Java via MC-Build. It is not recommended to edit this file directly.
$data merge entity $(bone_head) { transformation: [-0.9300983343973286f,-0.12947219612942726f,0.3437354197354965f,-0.10839672458642866f,-0.03988873348985265f,0.9658853748519661f,0.2558795255342882f,-0.2483620942605479f,-0.3651382988565981f,0.22428194995696835f,-0.9035328602943058f,0.17907664486231467f,0f,0f,0f,1f], start_interpolation: 0, interpolation_duration: 1 }
$data merge entity $(bone_lknife) { transformation: [0.4896828373092405f,0.855893631396442f,-0.16630336911735416f,-0.629976840388951f,-0.575337261422215f,0.17387634177872574f,-0.7992209039989091f,-0.7525519270790518f,-0.6551318603639711f,0.4870452848603083f,0.5775717583395015f,0.25525849033337616f,0f,0f,0f,1f], start_interpolation: 0, interpolation_duration: 1 }
$data merge entity $(bone_larmdown) { transformation: [0.4896828373092405f,0.855893631396442f,-0.16630336911735416f,-0.14853667272845236f,-0.575337261422215f,0.17387634177872574f,-0.7992209039989091f,-0.6547464848285186f,-0.6551318603639711f,0.4870452848603083f,0.5775717583395015f,0.5292214630672996f,0f,0f,0f,1f], start_interpolation: 0, interpolation_duration: 1 }
$data merge entity $(bone_larm) { transformation: [0.4896828373092405f,0.4652044574484561f,0.7374249328676507f,0.11620063206890227f,-0.575337261422215f,0.8078995720405231f,-0.1276139377808135f,-0.37320757973856666f,-0.6551318603639711f,-0.3617776862478213f,0.6632640132475267f,0.2890522427883814f,0f,0f,0f,1f], start_interpolation: 0, interpolation_duration: 1 }
$data merge entity $(bone_rknife) { transformation: [-0.13831119347790594f,0.7969062950591f,0.5880564349226152f,-1.0549587314252071f,0.9875907546243448f,0.06637499353656637f,0.14233362783804338f,-0.2822308275058545f,0.07439432195561102f,0.6004454322652473f,-0.7961976938754377f,-0.6454093311401191f,0f,0f,0f,1f], start_interpolation: 0, interpolation_duration: 1 }
$data merge entity $(bone_rarmdown) { transformation: [-0.13831119347790594f,0.7969062950591f,0.5880564349226152f,-0.5699454132717998f,0.9875907546243448f,0.06637499353656637f,0.14233362783804338f,-0.2359990419016582f,0.07439432195561102f,0.6004454322652473f,-0.7961976938754377f,-0.35742113135813236f,0f,0f,0f,1f], start_interpolation: 0, interpolation_duration: 1 }
$data merge entity $(bone_rarm) { transformation: [-0.1962941783124867f,0.6362027689411816f,0.7461331197260976f,-0.2670699295709721f,0.9708714073711093f,0.019481129485758836f,0.23880786407319382f,-0.3488349736730274f,0.13739470844929785f,0.7712759054874804f,-0.6214951099603276f,-0.037162261263521984f,0f,0f,0f,1f], start_interpolation: 0, interpolation_duration: 1 }
$data merge entity $(bone_upperbody) { transformation: [-0.8336533285566099f,-0.12947219612942726f,0.5368976422148899f,-0.18259854750382717f,0.016439254486091973f,0.9658853748519661f,0.2584476611598922f,-0.5913337707913997f,-0.552043366682751f,0.22428194995696835f,-0.8030851313684456f,-0.05873003833509213f,0f,0f,0f,1f], start_interpolation: 0, interpolation_duration: 1 }