# This file was generated by Animated Java via MC-Build. It is not recommended to edit this file directly.
$data merge entity $(bone_head) { transformation: [-0.9245273595276027f,-0.12947752495507844f,0.3584476698437667f,-0.11083793753044865f,-0.03582527787197837f,0.9658824420386306f,0.25649104784940735f,-0.2491141949077515f,-0.37942813674043f,0.22429150383596447f,-0.8976233120617395f,0.1809023399827483f,0f,0f,0f,1f], start_interpolation: 0, interpolation_duration: 1 }
$data merge entity $(bone_lknife) { transformation: [0.49762926642524796f,0.8416892359080617f,-0.20958135259028396f,-0.6361568934051812f,-0.5757455539316837f,0.1398041360550108f,-0.8055878975442784f,-0.7337649339591801f,-0.6487543220087004f,0.5215496464368614f,0.5541694650344932f,0.23155357719463643f,0f,0f,0f,1f], start_interpolation: 0, interpolation_duration: 1 }
$data merge entity $(bone_larmdown) { transformation: [0.49762926642524796f,0.8416892359080617f,-0.20958135259028396f,-0.16270669820689657f,-0.5757455539316837f,0.1398041360550108f,-0.8055878975442784f,-0.6551251074282365f,-0.6487543220087004f,0.5215496464368614f,0.5541694650344932f,0.524925253315371f,0f,0f,0f,1f], start_interpolation: 0, interpolation_duration: 1 }
$data merge entity $(bone_larm) { transformation: [0.49762926642524796f,0.48481672358436745f,0.7192481197264187f,0.11160427666442016f,-0.5757455539316837f,0.8048208333678489f,-0.14415437317327556f,-0.37498418707126296f,-0.6487543220087004f,-0.3423684721320004f,0.6796334739880249f,0.2940447565065333f,0f,0f,0f,1f], start_interpolation: 0, interpolation_duration: 1 }
$data merge entity $(bone_rknife) { transformation: [-0.1349733886979968f,0.7689578828616538f,0.6248887570826525f,-1.0304665584437118f,0.9879851658298922f,0.05652830699467161f,0.14383971151388136f,-0.2731790669847946f,0.07528277653925824f,0.6367953555839104f,-0.7673487985677057f,-0.6769285899574511f,0f,0f,0f,1f], start_interpolation: 0, interpolation_duration: 1 }
$data merge entity $(bone_rarmdown) { transformation: [-0.1349733886979968f,0.7689578828616538f,0.6248887570826525f,-0.5588722020163659f,0.9879851658298922f,0.05652830699467161f,0.14383971151388136f,-0.23239191233067424f,0.07528277653925824f,0.6367953555839104f,-0.7673487985677057f,-0.36669050235198314f,0f,0f,0f,1f], start_interpolation: 0, interpolation_duration: 1 }
$data merge entity $(bone_rarm) { transformation: [-0.19494176176588354f,0.612507822078086f,0.7660495267362111f,-0.2665323096364678f,0.971283890496424f,0.011938080201499127f,0.23762383361782724f,-0.3485794885545714f,0.1364012961146035f,0.790374373404314f,-0.5972462107740779f,-0.037951876001921146f,0f,0f,0f,1f], start_interpolation: 0, interpolation_duration: 1 }
$data merge entity $(bone_upperbody) { transformation: [-0.8250300943019361f,-0.12947752495507844f,0.5500553736012815f,-0.18259854750382717f,0.02053874763473062f,0.9658824420386306f,0.25816519518922043f,-0.5913337707913997f,-0.5647154180131221f,0.22429150383596447f,-0.7942227760302939f,-0.05873003833509213f,0f,0f,0f,1f], start_interpolation: 0, interpolation_duration: 1 }