# This file was generated by Animated Java via MC-Build. It is not recommended to edit this file directly.
$data merge entity $(bone_head) { transformation: [-0.9187237399295476f,-0.12947837587060781f,0.3730710922488827f,-0.1133078860825234f,-0.031752158345585584f,0.9658824009639457f,0.2570272124669303f,-0.24985919304427834f,-0.3936222683363602f,0.2242911895060376f,-0.8914903096386999f,0.18268540647369272f,0f,0f,0f,1f], start_interpolation: 0, interpolation_duration: 1 }
$data merge entity $(bone_lknife) { transformation: [0.5054728426567558f,0.8252425294865554f,-0.2519364460794229f,-0.6408827597352293f,-0.5762041266706663f,0.10550756664174618f,-0.810467123200585f,-0.7146742146309887f,-0.6422507374415333f,0.5548359405337483f,0.5288393606264927f,0.20820869358041005f,0f,0f,0f,1f], start_interpolation: 0, interpolation_duration: 1 }
$data merge entity $(bone_larmdown) { transformation: [0.5054728426567558f,0.8252425294865554f,-0.2519364460794229f,-0.17668383689904196f,-0.5762041266706663f,0.10550756664174618f,-0.810467123200585f,-0.6553262083950064f,-0.6422507374415333f,0.5548359405337483f,0.5288393606264927f,0.5203039101306435f,0f,0f,0f,1f], start_interpolation: 0, interpolation_duration: 1 }
$data merge entity $(bone_larm) { transformation: [0.5054728426567558f,0.5038317289341115f,0.700464698793424f,0.10692664984172631f,-0.5762041266706663f,0.8013700337306163f,-0.16060782498460546f,-0.3767523344716951f,-0.6422507374415333f,-0.3224277561840089f,0.6953807103292067f,0.2989604246199479f,0f,0f,0f,1f], start_interpolation: 0, interpolation_duration: 1 }
$data merge entity $(bone_rknife) { transformation: [-0.13167255553306337f,0.7392987172670662f,0.6603784859962223f,-1.0046409624175239f,0.9883569364599368f,0.046672298046593085f,0.14481803322300235f,-0.2641204704856811f,0.07624240467693154f,0.6717582178450223f,-0.7368364760832341f,-0.7074286635979521f,0f,0f,0f,1f], start_interpolation: 0, interpolation_duration: 1 }
$data merge entity $(bone_rarmdown) { transformation: [-0.13167255553306337f,0.7392987172670662f,0.6603784859962223f,-0.5475117785800352f,0.9883569364599368f,0.046672298046593085f,0.14481803322300235f,-0.22881617575803487f,0.07624240467693154f,0.6717582178450223f,-0.7368364760832341f,-0.37561694581532923f,0f,0f,0f,1f], start_interpolation: 0, interpolation_duration: 1 }
$data merge entity $(bone_rarm) { transformation: [-0.19356814707394077f,0.5881947062610456f,0.7852123024792996f,-0.26598057620658505f,0.9716958720103985f,0.004467313224348193f,0.23619308929455754f,-0.34832371022368236f,0.13541973547571462f,0.8087070116173334f,-0.5724110975554628f,-0.0387350951672102f,0f,0f,0f,1f], start_interpolation: 0, interpolation_duration: 1 }
$data merge entity $(bone_upperbody) { transformation: [-0.8161989557616949f,-0.12947837587060781f,0.5630760293205778f,-0.18259854750382717f,0.024631365227694053f,0.9658824009639457f,0.25780706614665083f,-0.5913337707913997f,-0.5772456673380395f,0.2242911895060376f,-0.7851629778902136f,-0.05873003833509213f,0f,0f,0f,1f], start_interpolation: 0, interpolation_duration: 1 }