# This file was generated by Animated Java via MC-Build. It is not recommended to edit this file directly.
$data merge entity $(bone_head) { transformation: [-0.9126888958532553f,-0.12947457897853798f,0.3876020030707991f,-0.11580589147327372f,-0.027670742058708144f,0.9658852595617056f,0.25748785485015985f,-0.25059683720796794f,-0.4077171929414871f,0.22428107089040505f,-0.8851354087483829f,0.18442543290202432f,0f,0f,0f,1f], start_interpolation: 0, interpolation_duration: 1 }
$data merge entity $(bone_lknife) { transformation: [0.5132114520183524f,0.8066086871815182f,-0.2932514812929714f,-0.6441758461127413f,-0.5767128223279419f,0.07105374910707588f,-0.8138511444363572f,-0.6953181439549776f,-0.6356227859979172f,0.5867996169913001f,0.5016471702492794f,0.18529034184033255f,0f,0f,0f,1f], start_interpolation: 0, interpolation_duration: 1 }
$data merge entity $(bone_larmdown) { transformation: [0.5132114520183524f,0.8066086871815182f,-0.2932514812929714f,-0.19045845957313726f,-0.5767128223279419f,0.07105374910707588f,-0.8138511444363572f,-0.6553504100822474f,-0.6356227859979172f,0.5867996169913001f,0.5016471702492794f,0.5153651263979389f,0f,0f,0f,1f], start_interpolation: 0, interpolation_duration: 1 }
$data merge entity $(bone_larm) { transformation: [0.5132114520183524f,0.522230818707144f,0.6810939564477726f,0.10216895511353227f,-0.5767128223279419f,0.7975499062678166f,-0.17696459412757257f,-0.37851142888107026f,-0.6356227859979172f,-0.30197536158544924f,0.7104889548160359f,0.30379805745456523f,0f,0f,0f,1f], start_interpolation: 0, interpolation_duration: 1 }
$data merge entity $(bone_rknife) { transformation: [-0.1284107938227758f,0.7079935563225165f,0.6944463926291216f,-0.9775240199980045f,0.9887061065943322f,0.03683360721187894f,0.14527050685819753f,-0.25507382147881036f,0.07727161712350251f,0.705257690199516f,-0.704727385306944f,-0.7368543537614134f,0f,0f,0f,1f], start_interpolation: 0, interpolation_duration: 1 }
$data merge entity $(bone_rarmdown) { transformation: [-0.1284107938227758f,0.7079935563225165f,0.6944463926291216f,-0.535874745027269f,0.9887061065943322f,0.03683360721187894f,0.14527050685819753f,-0.2252755107434911f,0.07727161712350251f,0.705257690199516f,-0.704727385306944f,-0.3841923646058696f,0f,0f,0f,1f], start_interpolation: 0, interpolation_duration: 1 }
$data merge entity $(bone_rarm) { transformation: [-0.19217350769748726f,0.5632873903154265f,0.8036023014220903f,-0.2654148233020839f,0.9721072223796956f,-0.00292299154982395f,0.2345186651796232f,-0.348067722344001f,0.13445032962576312f,0.82625587564146f,-0.547014018861937f,-0.03951171021595126f,0f,0f,0f,1f], start_interpolation: 0, interpolation_duration: 1 }
$data merge entity $(bone_upperbody) { transformation: [-0.8071620968579548f,-0.12947457897853798f,0.5759563202137813f,-0.18259854750382717f,0.028715736911556503f,0.9658852595617056f,0.25737340930065566f,-0.5913337707913997f,-0.5896310336553663f,0.22428107089040505f,-0.775908013485334f,-0.05873003833509213f,0f,0f,0f,1f], start_interpolation: 0, interpolation_duration: 1 }