# This file was generated by Animated Java via MC-Build. It is not recommended to edit this file directly.
$data merge entity $(bone_head) { transformation: [-0.9064243061115813f,-0.12946596511090916f,0.40203674106732956f,-0.11833126757888725f,-0.023582398909344597f,0.9658910246556407f,0.25787283484569856f,-0.2513268783641032f,-0.4217094352179218f,0.2242612145859761f,-0.8785602198373222f,0.18612201869727632f,0f,0f,0f,1f], start_interpolation: 0, interpolation_duration: 1 }
$data merge entity $(bone_lknife) { transformation: [0.5208430062809186f,0.7858490206968001f,-0.3334124764884102f,-0.6460612642322826f,-0.5772714672625141f,0.036510014163656346f,-0.8157356630369629f,-0.6757353460162088f,-0.6288721777061209f,0.6173397245728229f,0.47266420276080934f,0.16286325141359081f,0f,0f,0f,1f], start_interpolation: 0, interpolation_duration: 1 }
$data merge entity $(bone_larmdown) { transformation: [0.5208430062809186f,0.7858490206968001f,-0.3334124764884102f,-0.20402119009033257f,-0.5772714672625141f,0.036510014163656346f,-0.8157356630369629f,-0.6551984630491521f,-0.6288721777061209f,0.6173397245728229f,0.47266420276080934f,0.5101168464858037f,0f,0f,0f,1f], start_interpolation: 0, interpolation_duration: 1 }
$data merge entity $(bone_larm) { transformation: [0.5208430062809186f,0.5399959561419565f,0.6611557533279043f,0.0973324165068882f,-0.5772714672625141f,0.7933634657817187f,-0.19321507251610462f,-0.3802608801774644f,-0.6288721777061209f,-0.28103163258457864f,0.7249420705090903f,0.30855648501678534f,0f,0f,0f,1f], start_interpolation: 0, interpolation_duration: 1 }
$data merge entity $(bone_rknife) { transformation: [-0.12519014920481786f,0.6751108225262148f,0.7270163711018156f,-0.9491603275591205f,0.9890327411694739f,0.027038692574820278f,0.14520036500863398f,-0.24605783341165005f,0.07836876569700202f,0.7372206497459373f,-0.6710916853540256f,-0.7651523850348251f,0f,0f,0f,1f], start_interpolation: 0, interpolation_duration: 1 }
$data merge entity $(bone_rarmdown) { transformation: [-0.12519014920481786f,0.6751108225262148f,0.7270163711018156f,-0.5239719666942613f,0.9890327411694739f,0.027038692574820278f,0.14520036500863398f,-0.22177354602527402f,0.07836876569700202f,0.7372206497459373f,-0.6710916853540256f,-0.39240899988736194f,0f,0f,0f,1f], start_interpolation: 0, interpolation_duration: 1 }
$data merge entity $(bone_rarm) { transformation: [-0.19075802202241204f,0.5378104355386909f,0.8212011400745741f,-0.2648351483932824f,0.9725178120952567f,-0.010224768359901465f,0.23260386770095037f,-0.347811608694638f,0.13349337883038165f,0.8430037897528515f,-0.5210797715041128f,-0.04028151422428712f,0f,0f,0f,1f], start_interpolation: 0, interpolation_duration: 1 }
$data merge entity $(bone_upperbody) { transformation: [-0.7979217537876472f,-0.12946596511090916f,0.5886929918984478f,-0.18259854750382717f,0.03279049492562455f,0.9658910246556407f,0.2568643843202264f,-0.5913337707913997f,-0.6018684725710242f,0.2242612145859761f,-0.7664602072889661f,-0.05873003833509213f,0f,0f,0f,1f], start_interpolation: 0, interpolation_duration: 1 }