# This file was generated by Animated Java via MC-Build. It is not recommended to edit this file directly.
$data merge entity $(bone_head) { transformation: [-0.8999315077191373f,-0.12945236587662512f,0.4163716685646426f,-0.12088332109461342f,-0.01948850111484226f,0.9658997019541266f,0.25818203672840234f,-0.2520490699849639f,-0.4355955460500681f,0.224231689851978f,-0.8717664076617483f,0.18777477425068034f,0f,0f,0f,1f], start_interpolation: 0, interpolation_duration: 1 }
$data merge entity $(bone_lknife) { transformation: [0.5283654435085495f,0.7630307975129172f,-0.37230895792716956f,-0.6465677371272598f,-0.5778798715552332f,0.0019437557065203614f,-0.8161195230265359f,-0.6559646074641026f,-0.6220006528592397f,0.6463592065257169f,0.44196715260539987f,0.14099020403794832f,0f,0f,0f,1f], start_interpolation: 0, interpolation_duration: 1 }
$data merge entity $(bone_larmdown) { transformation: [0.5283654435085495f,0.7630307975129172f,-0.37230895792716956f,-0.2173629135262438f,-0.5778798715552332f,0.0019437557065203614f,-0.8161195230265359f,-0.6548712448791849f,-0.6220006528592397f,0.6463592065257169f,0.44196715260539987f,0.5045672577086641f,0f,0f,0f,1f], start_interpolation: 0, interpolation_duration: 1 }
$data merge entity $(bone_larm) { transformation: [0.5283654435085495f,0.5571097402167313f,0.6406705045978467f,0.09241827825714485f,-0.5778798715552332f,0.7888140056259211f,-0.2093497518023279f,-0.38200010136224866f,-0.6220006528592397f,-0.25961741444678854f,0.7387245670469093f,0.3132345572807891f,0f,0f,0f,1f], start_interpolation: 0, interpolation_duration: 1 }
$data merge entity $(bone_rknife) { transformation: [-0.12201261121602239f,0.6407224522557278f,0.7580156079393447f,-0.9195969164552644f,0.9893369297643917f,0.017313764963135452f,0.14461214661005778f,-0.23709110847846976f,0.079532145127711f,0.7675773398936474f,-0.6360028814189264f,-0.7922715121063018f,0f,0f,0f,1f], start_interpolation: 0, interpolation_duration: 1 }
$data merge entity $(bone_rarmdown) { transformation: [-0.12201261121602239f,0.6407224522557278f,0.7580156079393447f,-0.5118145615652085f,0.9893369297643917f,0.017313764963135452f,0.14461214661005778f,-0.21831385652357746f,0.079532145127711f,0.7675773398936474f,-0.6360028814189264f,-0.40025943850480805f,0f,0f,0f,1f], start_interpolation: 0, interpolation_duration: 1 }
$data merge entity $(bone_rarm) { transformation: [-0.18932187332004483f,0.5117889714809704f,0.8379912153197309f,-0.2642416523772785f,0.9729275117099325f,-0.017430074645244112f,0.23045227153530204f,-0.34755545314461334f,0.13254918045958725f,0.858934363713731f,-0.4946336761596203f,-0.04104430193749914f,0f,0f,0f,1f], start_interpolation: 0, interpolation_duration: 1 }
$data merge entity $(bone_upperbody) { transformation: [-0.7884802144687203f,-0.12945236587662512f,0.6012828255989898f,-0.18259854750382717f,0.036854274532075626f,0.9658997019541266f,0.2562801752255599f,-0.5913337707913997f,-0.6139549770464241f,0.224231689851978f,-0.7568219311212191f,-0.05873003833509213f,0f,0f,0f,1f], start_interpolation: 0, interpolation_duration: 1 }