# This file was generated by Animated Java via MC-Build. It is not recommended to edit this file directly.
$data merge entity $(bone_head) { transformation: [-0.8932120955164334f,-0.1294336137087131f,0.430603172382003f,-0.12346135171015885f,-0.015390422780551798f,0.965911296045243f,0.2584153692388184f,-0.25276316812860816f,-0.4493721033951454f,0.22419256859785208f,-0.8647556908605574f,0.18938332101142813f,0f,0f,0f,1f], start_interpolation: 0, interpolation_duration: 1 }
$data merge entity $(bone_lknife) { transformation: [0.5357767285890093f,0.738227043179349f,-0.4098342711647412f,-0.645727495810117f,-0.5785378290654362f,-0.03257772102756293f,-0.8150047070004578f,-0.6360447907963068f,-0.6150099815797394f,0.673765185217614f,0.40963788612134366f,0.11973186488247811f,0f,0f,0f,1f], start_interpolation: 0, interpolation_duration: 1 }
$data merge entity $(bone_larmdown) { transformation: [0.5357767285890093f,0.738227043179349f,-0.4098342711647412f,-0.23047478402173324f,-0.5785378290654362f,-0.03257772102756293f,-0.8150047070004578f,-0.6543697588743109f,-0.6150099815797394f,0.673765185217614f,0.40963788612134366f,0.498724781567386f,0f,0f,0f,1f], start_interpolation: 0, interpolation_duration: 1 }
$data merge entity $(bone_larm) { transformation: [0.5357767285890093f,0.5735554227309652f,0.6196591596663146f,0.08742780449669016f,-0.5785378290654362f,0.783905094312986f,-0.2253592320061471f,-0.383728508745559f,-0.6150099815797394f,-0.2377540329122772f,0.7518216160707516f,0.3178311444707973f,0f,0f,0f,1f], start_interpolation: 0, interpolation_duration: 1 }
$data merge entity $(bone_rknife) { transformation: [-0.11888011145240604f,0.6049037373869338f,0.7873747440681486f,-0.8888831631838958f,0.9896187863591736f,0.0076847238683034405f,0.14351168142023862f,-0.22819209667180002f,0.0807599949607455f,0.7962615233165465f,-0.5995376632869309f,-0.8181626229307728f,0f,0f,0f,1f], start_interpolation: 0, interpolation_duration: 1 }
$data merge entity $(bone_rarmdown) { transformation: [-0.11888011145240604f,0.6049037373869338f,0.7873747440681486f,-0.4994138893994863f,0.9896187863591736f,0.0076847238683034405f,0.14351168142023862f,-0.21489995940711443f,0.0807599949607455f,0.7962615233165465f,-0.5995376632869309f,-0.4077366200206486f,0f,0f,0f,1f], start_interpolation: 0, interpolation_duration: 1 }
$data merge entity $(bone_rarm) { transformation: [-0.18786524970638427f,0.4852486711585551f,0.8539557219736946f,-0.2636344395543204f,0.9733361918761075f,-0.024531099967170872f,0.22806771520431696f,-0.3472993396272651f,0.1316180289203369f,0.8740320087235118f,-0.467701552477505f,-0.04179986981915429f,0f,0f,0f,1f], start_interpolation: 0, interpolation_duration: 1 }
$data merge entity $(bone_upperbody) { transformation: [-0.7788398179730395f,-0.1294336137087131f,0.6137226389681466f,-0.18259854750382717f,0.040905714445181776f,0.965911296045243f,0.25562099033124847f,-0.5913337707913997f,-0.6258875781364028f,0.22419256859785208f,-0.7469956035480032f,-0.05873003833509213f,0f,0f,0f,1f], start_interpolation: 0, interpolation_duration: 1 }