# This file was generated by Animated Java via MC-Build. It is not recommended to edit this file directly.
$data merge entity $(bone_head) { transformation: [-0.8862677217792645f,-0.1294095419114852f,0.4447276647505211f,-0.1260646522869388f,-0.011289539467882491f,0.9659258103921847f,0.2585727656130948f,-0.25346893151685906f,-0.4630357131267474f,0.22414392537042105f,-0.8575298415150014f,0.1909472915801301f,0f,0f,0f,1f], start_interpolation: 0, interpolation_duration: 1 }
$data merge entity $(bone_lknife) { transformation: [0.5430748537575811f,0.7115163273442023f,-0.44588588129565165f,-0.6435761664865156f,-0.5792451174925842f,-0.0669873507904393f,-0.8123963248901861f,-0.6160147478069122f,-0.6079019633766487f,0.6994692350323183f,0.3757632128962589f,0.09914662007137542f,0f,0f,0f,1f], start_interpolation: 0, interpolation_duration: 1 }
$data merge entity $(bone_larmdown) { transformation: [0.5430748537575811f,0.7115163273442023f,-0.44588588129565165f,-0.2433482323554018f,-0.5792451174925842f,-0.0669873507904393f,-0.8123963248901861f,-0.6536951326265343f,-0.6079019633766487f,0.6994692350323183f,0.3757632128962589f,0.4925980647770545f,0f,0f,0f,1f], start_interpolation: 0, interpolation_duration: 1 }
$data merge entity $(bone_larm) { transformation: [0.5430748537575811f,0.5893169247411334f,0.5981431813787026f,0.08236227893854167f,-0.5792451174925842f,0.7786405718453779f,-0.24123423002821387f,-0.38544552213075445f,-0.6079019633766487f,-0.21546327318119973f,0.7642190659966941f,0.3223451373381985f,0f,0f,0f,1f], start_interpolation: 0, interpolation_duration: 1 }
$data merge entity $(bone_rknife) { transformation: [-0.11579452178990869f,0.5677331594526893f,0.8150280291998022f,-0.8570706946375632f,0.9898784490660308f,-0.001822905737342971f,0.14190607136166425f,-0.2193790552099722f,0.08205050151020016f,0.8232106271620523f,-0.5617757368642624f,-0.8427788376298112f,0f,0f,0f,1f], start_interpolation: 0, interpolation_duration: 1 }
$data merge entity $(bone_rarmdown) { transformation: [-0.11579452178990869f,0.5677331594526893f,0.8150280291998022f,-0.4867815406204379f,0.9898784490660308f,-0.001822905737342971f,0.14190607136166425f,-0.2115353102271236f,0.08205050151020016f,0.8232106271620523f,-0.5617757368642624f,-0.41483384340517315f,0f,0f,0f,1f], start_interpolation: 0, interpolation_duration: 1 }
$data merge entity $(bone_rarm) { transformation: [-0.18638834410018687f,0.45821572572475405f,0.8690786695588193f,-0.26301361760333464f,0.9737437233833033f,-0.03152017477622611f,0.2254542963744467f,-0.34704335211463544f,0.13070021558976497f,0.888281952580718f,-0.4403096936977155f,-0.04254801609982961f,0f,0f,0f,1f], start_interpolation: 0, interpolation_duration: 1 }
$data merge entity $(bone_upperbody) { transformation: [-0.7690029539461791f,-0.1294095419114852f,0.626009286899412f,-0.18259854750382717f,0.04494345725948922f,0.9659258103921847f,0.2548870621819903f,-0.5913337707913997f,-0.6376633457174838f,0.22414392537042105f,-0.7369836892685779f,-0.05873003833509213f,0f,0f,0f,1f], start_interpolation: 0, interpolation_duration: 1 }