# This file was generated by Animated Java via MC-Build. It is not recommended to edit this file directly.
$data merge entity $(bone_head) { transformation: [-0.925160020886832f,-0.14827577231931288f,0.3494184183694208f,-0.12890546037896483f,-0.05927127744260112f,0.965686692224077f,0.25285594343745016f,-0.24852732273487355f,-0.3749211269360512f,0.21322173389322222f,-0.9022032147873168f,0.18476183332774213f,0f,0f,0f,1f], start_interpolation: 0, interpolation_duration: 1 }
$data merge entity $(bone_lknife) { transformation: [0.5435842354950153f,0.776576906371691f,-0.3185035124005273f,-0.6511405362514692f,-0.5747337664988609f,0.06782145431421327f,-0.8155251976369203f,-0.6897585013146839f,-0.6117166636338528f,0.6263613644094586f,0.4831916437685869f,0.16015974103459707f,0f,0f,0f,1f], start_interpolation: 0, interpolation_duration: 1 }
$data merge entity $(bone_larmdown) { transformation: [0.5435842354950153f,0.776576906371691f,-0.3185035124005273f,-0.21431602641739297f,-0.5747337664988609f,0.06782145431421327f,-0.8155251976369203f,-0.6516089332629389f,-0.6117166636338528f,0.6263613644094586f,0.4831916437685869f,0.5124880085149175f,0f,0f,0f,1f], start_interpolation: 0, interpolation_duration: 1 }
$data merge entity $(bone_larm) { transformation: [0.5435842354950153f,0.5302172347178238f,0.6506810762036063f,0.08560204320853185f,-0.5747337664988609f,0.8000964854012802f,-0.17183338352762537f,-0.3734084417122364f,-0.6117166636338528f,-0.28056246729864487f,0.7396535847110892f,0.3132773461175288f,0f,0f,0f,1f], start_interpolation: 0, interpolation_duration: 1 }
$data merge entity $(bone_rknife) { transformation: [-0.1314544879099395f,0.8314797365401351f,0.5397788114880787f,-0.9461763182474676f,0.9879372242374731f,0.06492314700610244f,0.14058814298787928f,-0.2537643657169486f,0.08185205296320897f,0.5517485230664161f,-0.8299842219703557f,-0.6980675841271036f,0f,0f,0f,1f], start_interpolation: 0, interpolation_duration: 1 }
$data merge entity $(bone_rarmdown) { transformation: [-0.1314544879099395f,0.8314797365401351f,0.5397788114880787f,-0.4447327907256367f,0.9879372242374731f,0.06492314700610244f,0.14058814298787928f,-0.20845833658927354f,0.08185205296320897f,0.5517485230664161f,-0.8299842219703557f,-0.4395830537753918f,0f,0f,0f,1f], start_interpolation: 0, interpolation_duration: 1 }
$data merge entity $(bone_rarm) { transformation: [-0.20749788969605398f,0.3431652706698946f,0.9160688963051533f,-0.26866074859555106f,0.9707245618054121f,-0.04358998927563906f,0.23620698114712851f,-0.34886952712304214f,0.12098946598516126f,0.9382630280688926f,-0.3240741262113005f,-0.044216662243396425f,0f,0f,0f,1f], start_interpolation: 0, interpolation_duration: 1 }
$data merge entity $(bone_upperbody) { transformation: [-0.7838921281903304f,-0.14827577231931288f,0.6029323566573167f,-0.18259854750382717f,0.016681129797413197f,0.965686692224077f,0.25917359504780313f,-0.5913337707913997f,-0.6206729181057575f,0.21322173389322222f,-0.7545207889287422f,-0.05873003833509213f,0f,0f,0f,1f], start_interpolation: 0, interpolation_duration: 1 }