# This file was generated by Animated Java via MC-Build. It is not recommended to edit this file directly.
$data merge entity $(bone_llegdown) { transformation: [-0.983576006127434f,-0.11531551231770756f,-0.1388545022291694f,0.22842032458297415f,-0.1407282792937807f,0.971664668999494f,0.18990345553758473f,-1.4457195867238681f,0.11302119968137579f,0.20632523751836182f,-0.9719342080540093f,0.15826373702366564f,0f,0f,0f,1f], start_interpolation: 0, interpolation_duration: 1 }
$data merge entity $(bone_lleg) { transformation: [-0.983576006127434f,-0.16547251933275864f,-0.07209081436684975f,0.125f,-0.1407282792937807f,0.953151338758189f,-0.2677649656517513f,-0.85f,0.11302119968137579f,-0.253221979237865f,-0.9607834499269026f,1.5308084989341915e-17f,0f,0f,0f,1f], start_interpolation: 0, interpolation_duration: 1 }
$data merge entity $(bone_rlegdown) { transformation: [-0.9883337226454857f,0.1382222039949313f,0.06396151189973426f,-0.2197384858101957f,0.15199783414409324f,0.9217600794595842f,0.35672820792609855f,-1.4673959521929794f,-0.009649409164346735f,0.36228852898959507f,-0.9320160463561421f,-0.021722281696813305f,0f,0f,0f,1f], start_interpolation: 0, interpolation_duration: 1 }
$data merge entity $(bone_rleg) { transformation: [-0.9883337226454857f,0.1515815772963131f,0.01481479348752802f,-0.125f,0.15199783414409324f,0.987833523508767f,0.03288750899291542f,-0.85f,-0.009649409164346735f,0.03475565071490126f,-0.9993492550886116f,-1.5308084989341915e-17f,0f,0f,0f,1f], start_interpolation: 0, interpolation_duration: 1 }
$data merge entity $(bone_head) { transformation: [-0.9872785186420167f,-0.06545679807055564f,-0.14490180887199344f,0.0016970963185607701f,-0.06371199578161883f,0.9978293530697526f,-0.016654241079134956f,0.014774773117043616f,0.14567741150071353f,-0.007210391026114003f,-0.9893058687987766f,0.004600180862924623f,0f,0f,0f,1f], start_interpolation: 0, interpolation_duration: 1 }
$data merge entity $(bone_lknife) { transformation: [-0.7146519146301863f,-0.6013282965259894f,-0.35731907409563346f,0.9249641883503144f,-0.6526229089008193f,0.7570377229352304f,0.03126059549775578f,-0.7855424173641007f,0.25170613757562976f,0.25553505796699066f,-0.9334590802261045f,-0.37402203525580596f,0f,0f,0f,1f], start_interpolation: 0, interpolation_duration: 1 }
$data merge entity $(bone_larmdown) { transformation: [-0.7146519146301863f,-0.6013282965259894f,-0.35731907409563346f,0.5867170215544454f,-0.6526229089008193f,0.7570377229352304f,0.03126059549775578f,-0.3597086982130336f,0.25170613757562976f,0.25553505796699066f,-0.9334590802261045f,-0.2302835651493737f,0f,0f,0f,1f], start_interpolation: 0, interpolation_duration: 1 }
$data merge entity $(bone_larm) { transformation: [-0.7146519146301863f,-0.5981872422026889f,-0.3625529812059895f,0.23567861376199573f,-0.6526229089008193f,0.7567361005621228f,0.0378657217528695f,-0.11021451782970729f,0.25170613757562976f,0.26367119177485904f,-0.9311936012101799f,-0.08346415155091916f,0f,0f,0f,1f], start_interpolation: 0, interpolation_duration: 1 }
$data merge entity $(bone_rknife) { transformation: [-0.9598196286129074f,0.10235708035222485f,-0.26128396167990986f,-0.5192785881494946f,0.17123041401523975f,0.9512984110975449f,-0.25634250205429465f,-1.0190843307489046f,0.2223205475109083f,-0.2907823260534496f,-0.930601532885797f,0.18386220652320587f,0f,0f,0f,1f], start_interpolation: 0, interpolation_duration: 1 }
$data merge entity $(bone_rarmdown) { transformation: [-0.9598196286129074f,0.10235708035222485f,-0.26128396167990986f,-0.4780329780563624f,0.17123041401523975f,0.9512984110975449f,-0.25634250205429465f,-0.500000380884929f,0.2223205475109083f,-0.2907823260534496f,-0.930601532885797f,-0.03786544768722186f,0f,0f,0f,1f], start_interpolation: 0, interpolation_duration: 1 }
$data merge entity $(bone_rarm) { transformation: [-0.9263004491055526f,0.24502378273045955f,-0.28623560904141143f,-0.2550475169735923f,0.14770424271110885f,0.9350102699824444f,0.32239610995248386f,-0.10939641810649825f,0.3466279484865423f,0.2563574475684543f,-0.9022914852774562f,0.030962442063159113f,0f,0f,0f,1f], start_interpolation: 0, interpolation_duration: 1 }
$data merge entity $(bone_upperbody) { transformation: [-0.9381913359224842f,0.004530532297488321f,-0.34608740438953545f,-0.19754319155280908f,0f,0.999914327574007f,0.01308959557134444f,-0.359375f,0.34611705707749285f,0.012280545155764672f,-0.9381109587946901f,0.006259989706874643f,0f,0f,0f,1f], start_interpolation: 0, interpolation_duration: 1 }
$data merge entity $(bone_downbody) { transformation: [-0.9381913359224842f,0f,-0.34611705707749285f,0f,0f,1f,0f,-0.85f,0.34611705707749285f,0f,-0.9381913359224842f,0f,0f,0f,0f,1f], start_interpolation: 0, interpolation_duration: 1 }