# This file was generated by Animated Java via MC-Build. It is not recommended to edit this file directly.
$data merge entity $(bone_head) { transformation: [-0.9534705362332099f,-0.16706814788636015f,0.25096248822677925f,-0.13190047369165167f,-0.10593445342759618f,0.9649923326564276f,0.23993267699774268f,-0.24363044430727182f,-0.2822619848866501f,0.20218316417577387f,-0.9377900298103625f,0.1783766930404789f,0f,0f,0f,1f], start_interpolation: 0, interpolation_duration: 1 }
$data merge entity $(bone_lknife) { transformation: [0.5437306694555231f,0.8192305182654153f,-0.18225892854954262f,-0.644598870365259f,-0.5707891784037802f,0.20176472400091006f,-0.7959212963390124f,-0.7599885454737638f,-0.6152695936827905f,0.536798243375866f,0.5773135828975432f,0.2290870835492056f,0f,0f,0f,1f], start_interpolation: 0, interpolation_duration: 1 }
$data merge entity $(bone_larmdown) { transformation: [0.5437306694555231f,0.8192305182654153f,-0.18225892854954262f,-0.18378170384096285f,-0.5707891784037802f,0.20176472400091006f,-0.7959212963390124f,-0.6464958882232519f,-0.6152695936827905f,0.536798243375866f,0.5773135828975432f,0.5310360954481302f,0f,0f,0f,1f], start_interpolation: 0, interpolation_duration: 1 }
$data merge entity $(bone_larm) { transformation: [0.5437306694555231f,0.46678705759748246f,0.6974717212568069f,0.08840396753987609f,-0.5707891784037802f,0.8149321222794682f,-0.1004258427608124f,-0.36131173202645706f,-0.6152695936827905f,-0.3435047000210716f,0.7095405895034107f,0.3038440899785626f,0f,0f,0f,1f], start_interpolation: 0, interpolation_duration: 1 }
$data merge entity $(bone_rknife) { transformation: [-0.14822421935619828f,0.971359942098966f,0.18571333738247908f,-0.9584977460864224f,0.9855269092395026f,0.12946330002471712f,0.10943475275954628f,-0.2837064105146857f,0.08225747358798832f,0.19924637219332983f,-0.9764909580772974f,-0.5086682090375061f,0f,0f,0f,1f], start_interpolation: 0, interpolation_duration: 1 }
$data merge entity $(bone_rarmdown) { transformation: [-0.14822421935619828f,0.971359942098966f,0.18571333738247908f,-0.4005006950693491f,0.9855269092395026f,0.12946330002471712f,0.10943475275954628f,-0.20404363220331065f,0.08225747358798832f,0.19924637219332983f,-0.9764909580772974f,-0.45762280955858914f,0f,0f,0f,1f], start_interpolation: 0, interpolation_duration: 1 }
$data merge entity $(bone_rarm) { transformation: [-0.22843360100165233f,0.22337298235952496f,0.9475877799366288f,-0.2742208151618504f,0.9671823094191075f,-0.059154183342424685f,0.24710152354813997f,-0.3508213760930099f,0.11124958552794312f,0.9729364282135302f,-0.20252959382509705f,-0.045869320406162546f,0f,0f,0f,1f], start_interpolation: 0, interpolation_duration: 1 }
$data merge entity $(bone_upperbody) { transformation: [-0.7976836909829308f,-0.16706814788636015f,0.5794730046358235f,-0.18259854750382717f,-0.011771015451472883f,0.9649923326564276f,0.26201381854693817f,-0.5913337707913997f,-0.6029611698402221f,0.20218316417577387f,-0.7717252074338268f,-0.05873003833509213f,0f,0f,0f,1f], start_interpolation: 0, interpolation_duration: 1 }