# This file was generated by Animated Java via MC-Build. It is not recommended to edit this file directly.
$data merge entity $(bone_head) { transformation: [-0.9375440760155742f,-0.10602319262442285f,0.33131584349956433f,-0.0687779897460539f,-0.09167373898564689f,0.9940580320386001f,0.05869032731155082f,-0.2137444596418624f,-0.33556971125012863f,0.02465180653157103f,-0.9416927616405657f,-0.028858376127341934f,0f,0f,0f,1f], start_interpolation: 0, interpolation_duration: 1 }
$data merge entity $(bone_lknife) { transformation: [0.5714756326831739f,0.7869414522608085f,-0.23267735593094546f,-0.6347841604626658f,-0.6990108449804517f,0.3182783583396846f,-0.6403770180232191f,-0.7281686078653319f,-0.4298830536891183f,0.5286038567076908f,0.7319689356965049f,0.09063484665339278f,0f,0f,0f,1f], start_interpolation: 0, interpolation_duration: 1 }
$data merge entity $(bone_larmdown) { transformation: [0.5714756326831739f,0.7869414522608085f,-0.23267735593094546f,-0.192129593565961f,-0.6990108449804517f,0.3182783583396846f,-0.6403770180232191f,-0.5491370312992593f,-0.4298830536891183f,0.5286038567076908f,0.7319689356965049f,0.3879745160514689f,0f,0f,0f,1f], start_interpolation: 0, interpolation_duration: 1 }
$data merge entity $(bone_larm) { transformation: [0.5714756326831739f,0.5501279351110743f,0.6089128478360364f,0.11998583213053078f,-0.6990108449804517f,0.7150408086673441f,0.010023998207586395f,-0.3236830331298527f,-0.4298830536891183f,-0.4313651550030165f,0.7931737912968019f,0.1455168790265094f,0f,0f,0f,1f], start_interpolation: 0, interpolation_duration: 1 }
$data merge entity $(bone_rknife) { transformation: [-0.06687292179002911f,0.997497147301521f,-0.022966354882570317f,-0.7336344803676097f,0.9945874459945458f,0.0648079803568973f,-0.08121414871871965f,-0.2823844731635474f,-0.07952247859134517f,-0.028273075661970848f,-0.9964320391232416f,-0.6198867990088193f,0f,0f,0f,1f], start_interpolation: 0, interpolation_duration: 1 }
$data merge entity $(bone_rarmdown) { transformation: [-0.06687292179002911f,0.997497147301521f,-0.022966354882570317f,-0.17397773219066484f,0.9945874459945458f,0.0648079803568973f,-0.08121414871871965f,-0.25100586850771267f,-0.07952247859134517f,-0.028273075661970848f,-0.9964320391232416f,-0.6980674065138804f,0f,0f,0f,1f], start_interpolation: 0, interpolation_duration: 1 }
$data merge entity $(bone_rarm) { transformation: [-0.15344406491310453f,-0.0736604857951858f,0.9854080635834883f,-0.18702368661192056f,0.9853889583803505f,0.06318718117149077f,0.15816441078096222f,-0.3465350965427293f,-0.07391562517513273f,0.9952796154689487f,0.06288853144215428f,-0.2533931215993238f,0f,0f,0f,1f], start_interpolation: 0, interpolation_duration: 1 }
$data merge entity $(bone_upperbody) { transformation: [-0.7020436911941272f,-0.10602319262442285f,0.7041972296737964f,-0.1166401577561819f,-0.057274722067338676f,0.9940580320386001f,0.09256476193268467f,-0.5914699344231706f,-0.7098269238811908f,0.02465180653157103f,-0.7039446189638046f,-0.21519189048964216f,0f,0f,0f,1f], start_interpolation: 0, interpolation_duration: 1 }
$data merge entity $(bone_downbody) { transformation: [-0.766044443118978f,-0.02803800174055556f,0.6421758183121905f,7.654042494670958e-18f,0f,0.9990482215818578f,0.043619387365336f,-1.0625f,-0.6427876096865394f,0.0334143893034698f,-0.7653153385506796f,-0.0625f,0f,0f,0f,1f], start_interpolation: 0, interpolation_duration: 1 }