# This file was generated by Animated Java via MC-Build. It is not recommended to edit this file directly.
$data merge entity $(bone_head) { transformation: [-0.919924243083605f,0.010462745740844152f,0.3919565255721845f,0.040407064238446276f,-0.03847317288893262f,0.992411415354165f,-0.11678783174030263f,-0.21144866338921697f,-0.3902040516895156f,-0.12251576888835732f,-0.9125407850714291f,-0.20762490878833112f,0f,0f,0f,1f], start_interpolation: 0, interpolation_duration: 1 }
$data merge entity $(bone_lknife) { transformation: [0.5375310772761972f,0.7863437686438388f,-0.3045058595122527f,-0.6076213994195492f,-0.8075401850151178f,0.3760699086489034f,-0.4543679933650196f,-0.6775877414773057f,-0.24277394948395986f,0.4901376350820349f,0.837153455543337f,-0.02914864818719376f,0f,0f,0f,1f], start_interpolation: 0, interpolation_duration: 1 }
$data merge entity $(bone_larmdown) { transformation: [0.5375310772761972f,0.7863437686438388f,-0.3045058595122527f,-0.1653030295573899f,-0.8075401850151178f,0.3760699086489034f,-0.4543679933650196f,-0.4660484178622975f,-0.24277394948395986f,0.4901376350820349f,0.837153455543337f,0.24655377154645086f,0f,0f,0f,1f], start_interpolation: 0, interpolation_duration: 1 }
$data merge entity $(bone_larm) { transformation: [0.5375310772761972f,0.6568816942607456f,0.5287407499970314f,0.189274096341211f,-0.8075401850151178f,0.5815291792451179f,0.09850209780633364f,-0.31257192506944814f,-0.24277394948395986f,-0.479927341825439f,0.8430483711035376f,0.006238815812326326f,0f,0f,0f,1f], start_interpolation: 0, interpolation_duration: 1 }
$data merge entity $(bone_rknife) { transformation: [0.061257944728754406f,0.9656000668862811f,-0.2527132268735019f,-0.4396088076977711f,0.9766558377165035f,-0.11021465334026058f,-0.18438032661691572f,-0.2571445285484356f,-0.2058903564081699f,-0.23551908843721242f,-0.9498104653665491f,-0.6649242065975199f,0f,0f,0f,1f], start_interpolation: 0, interpolation_duration: 1 }
$data merge entity $(bone_rarmdown) { transformation: [0.061257944728754406f,0.9656000668862811f,-0.2527132268735019f,0.08774665324616814f,0.9766558377165035f,-0.11021465334026058f,-0.18438032661691572f,-0.33066404146588946f,-0.2058903564081699f,-0.23551908843721242f,-0.9498104653665491f,-0.8567668479288613f,0f,0f,0f,1f], start_interpolation: 0, interpolation_duration: 1 }
$data merge entity $(bone_rarm) { transformation: [-0.02379408414260827f,-0.3470483798785685f,0.9375453394814968f,-0.061112752432879544f,0.9740396211646677f,0.20313531061822812f,0.09991427316167784f,-0.36354729571599814f,-0.22512365038175103f,0.9155836759159135f,0.33320545378954725f,-0.4280585334179302f,0f,0f,0f,1f], start_interpolation: 0, interpolation_duration: 1 }
$data merge entity $(bone_upperbody) { transformation: [-0.600699501281481f,0.010462745740844152f,0.7994064298663992f,-0.026184720037998023f,-0.0917126609561577f,0.992411415354165f,-0.08190464269553836f,-0.6059181082447795f,-0.7941970139584512f,-0.12251576888835732f,-0.5951814760164953f,-0.3477922778234377f,0f,0f,0f,1f], start_interpolation: 0, interpolation_duration: 1 }
$data merge entity $(bone_downbody) { transformation: [-0.6427876096865391f,0.0999888642316501f,0.7594908267142729f,1.5308084989341915e-17f,0f,0.9914448613738104f,-0.13052619222005155f,-1.0625f,-0.766044443118978f,-0.08390061909861268f,-0.6372884725784739f,-0.125f,0f,0f,0f,1f], start_interpolation: 0, interpolation_duration: 1 }