# This file was generated by Animated Java via MC-Build. It is not recommended to edit this file directly.
$data merge entity $(bone_llegdown) { transformation: [-0.8755112002417162f,-0.0998821955090021f,-0.47276176375803797f,0.42291787468198594f,-0.4377170904223203f,0.5783394994269206f,0.6884236865149522f,-1.5393720464761045f,0.20465553255049734f,0.8096585517506256f,-0.5500628532936505f,0.5088890658367471f,0f,0f,0f,1f], start_interpolation: 0, interpolation_duration: 1 }
$data merge entity $(bone_lleg) { transformation: [-0.8755112002417162f,-0.4766685994911776f,0.07916555128607837f,0.12499999999999997f,-0.4377170904223203f,0.712995274361767f,-0.5477604289194381f,-1.09375f,0.20465553255049734f,-0.5142225053387959f,-0.8328813408881031f,0.1874999999999996f,0f,0f,0f,1f], start_interpolation: 0, interpolation_duration: 1 }
$data merge entity $(bone_rlegdown) { transformation: [-0.605402727384418f,0.0028457786293829557f,0.7959142159928421f,-0.6086133521182338f,0.6115591916882208f,0.6416670040116428f,0.46288099013069495f,-1.4700818584097066f,-0.509394633596741f,0.7669780684652692f,-0.39020731637954587f,0.31045307234413316f,0f,0f,0f,1f], start_interpolation: 0, interpolation_duration: 1 }
$data merge entity $(bone_rleg) { transformation: [-0.605402727384418f,0.7737813633891739f,0.18641335613925017f,-0.12500000000000003f,0.6115591916882208f,0.6021309734555306f,-0.5132578746275064f,-1.09375f,-0.509394633596741f,-0.1967249157506138f,-0.8377448387103056f,0.18749999999999956f,0f,0f,0f,1f], start_interpolation: 0, interpolation_duration: 1 }
$data merge entity $(bone_head) { transformation: [-0.9744453092205156f,-0.21748288802322518f,0.056191927847428186f,-0.045437226039607204f,-0.22088362746636245f,0.9732155550568696f,-0.06373308805205062f,-0.2367226201268025f,-0.04082600219755192f,-0.07451628555172682f,-0.9963837417040378f,0.1768696138582122f,0f,0f,0f,1f], start_interpolation: 0, interpolation_duration: 1 }
$data merge entity $(bone_lknife) { transformation: [-0.37249786727166134f,0.2741815568321428f,0.886605782053764f,0.3640524987771089f,-0.8412278033267103f,0.3036758531389917f,-0.4473441171295577f,-0.6341197902810829f,-0.39189427373742214f,-0.9124721640211324f,0.11753054113042438f,0.9754338604253409f,0f,0f,0f,1f], start_interpolation: 0, interpolation_duration: 1 }
$data merge entity $(bone_larmdown) { transformation: [-0.37249786727166134f,0.2741815568321428f,0.886605782053764f,0.5182796244951892f,-0.8412278033267103f,0.3036758531389917f,-0.4473441171295577f,-0.4633021228904f,-0.39189427373742214f,-0.9124721640211324f,0.11753054113042438f,0.4621682681634539f,0f,0f,0f,1f], start_interpolation: 0, interpolation_duration: 1 }
$data merge entity $(bone_larm) { transformation: [-0.37249786727166134f,-0.5848586544505272f,0.7205454136918662f,0.21584172976412586f,-0.8412278033267103f,0.5406663041263938f,0.003966168481505564f,-0.3319140902509415f,-0.39189427373742214f,-0.6046654462565434f,-0.6933964063327656f,0.14864035120903843f,0f,0f,0f,1f], start_interpolation: 0, interpolation_duration: 1 }
$data merge entity $(bone_rknife) { transformation: [-0.7613276417210598f,0.3419219013869292f,-0.5508807813886739f,-0.8865350057221444f,0.5367856949893248f,-0.14414250537957224f,-0.8313146551082371f,-0.4794913963826698f,-0.3636500235202477f,-0.928607748995692f,-0.0737991117756594f,0.8585882064743792f,0f,0f,0f,1f], start_interpolation: 0, interpolation_duration: 1 }
$data merge entity $(bone_rarmdown) { transformation: [-0.7613276417210598f,0.3419219013869292f,-0.5508807813886739f,-0.7286339850287888f,0.5367856949893248f,-0.14414250537957224f,-0.8313146551082371f,-0.612528721602944f,-0.3636500235202477f,-0.928607748995692f,-0.0737991117756594f,0.33163390317832364f,0f,0f,0f,1f], start_interpolation: 0, interpolation_duration: 1 }
$data merge entity $(bone_rarm) { transformation: [-0.759034240026388f,0.6508513623208799f,0.016109830310028925f,-0.3484309616837785f,0.5622273984865557f,0.6677548131982445f,-0.4878563946917343f,-0.4058708157337273f,-0.32827941583139697f,-0.36124231980158655f,-0.8727752353989913f,0.18733057100955983f,0f,0f,0f,1f], start_interpolation: 0, interpolation_duration: 1 }
$data merge entity $(bone_upperbody) { transformation: [-0.9908701236394674f,-0.10849139915092976f,-0.08003758110400438f,-0.19554344835940896f,-0.11452388507517608f,0.9905795311434644f,0.07507644255611803f,-0.6249708950974397f,0.07113844126767405f,0.08355721865804214f,-0.9939605190268563f,0.09675158215995677f,0f,0f,0f,1f], start_interpolation: 0, interpolation_duration: 1 }
$data merge entity $(bone_downbody) { transformation: [-0.9940619635570199f,-0.005041417617745592f,-0.10869865094639108f,-1.5308084989341847e-17f,-0.008142548330327352f,0.999571821838177f,0.028104659645617487f,-1.09375f,0.10851042123155807f,0.028822857171196634f,-0.9936773779193319f,0.12499999999999944f,0f,0f,0f,1f], start_interpolation: 0, interpolation_duration: 1 }