# This file was generated by Animated Java via MC-Build. It is not recommended to edit this file directly.
$data merge entity $(bone_llegdown) { transformation: [-0.7586358640141607f,0.42982486186927105f,-0.4896143522718161f,0.46345564759754004f,-0.34779086563601525f,0.3682946540629146f,0.8622067974499096f,-1.6292239999771558f,0.5509202661108404f,0.8243843981467261f,-0.1299123723154213f,0.5227529439854478f,0f,0f,0f,1f], start_interpolation: 0, interpolation_duration: 1 }
$data merge entity $(bone_lleg) { transformation: [-0.7586358640141607f,-0.5415290361560642f,-0.36224015353266975f,0.12499999999999996f,-0.34779086563601525f,0.8067583999634494f,-0.4776844124195035f,-1.125f,0.5509202661108404f,-0.2364047103767165f,-0.8003747080587077f,0.375f,0f,0f,0f,1f], start_interpolation: 0, interpolation_duration: 1 }
$data merge entity $(bone_rlegdown) { transformation: [-0.8781798126477828f,0.21278891689101834f,0.42839361982439983f,-0.398292253884688f,0.41747494801290846f,0.778126080118222f,0.46929145658265464f,-1.43924136125638f,-0.2334842273891847f,0.5909658875842138f,-0.772168657271375f,0.8410350961487392f,0f,0f,0f,1f], start_interpolation: 0, interpolation_duration: 1 }
$data merge entity $(bone_rleg) { transformation: [-0.8781798126477828f,0.4372676062155007f,-0.19390012174434268f,-0.12500000000000006f,0.41747494801290846f,0.5027861780102079f,-0.7569152706766503f,-1.125f,-0.2334842273891847f,-0.7456561538379828f,-0.6240849427794442f,0.375f,0f,0f,0f,1f], start_interpolation: 0, interpolation_duration: 1 }
$data merge entity $(bone_head) { transformation: [-0.9490989846355999f,-0.0926823602142379f,-0.3010333826484886f,0.12129910212288895f,-0.12199687931189168f,0.989297378714229f,0.08004659834943297f,-0.2795534646851228f,0.2903926286974802f,0.11269727846879861f,-0.9502480963537328f,0.502480670691539f,0f,0f,0f,1f], start_interpolation: 0, interpolation_duration: 1 }
$data merge entity $(bone_lknife) { transformation: [-0.5101959384442203f,-0.742618817448595f,-0.4338402890076851f,0.7549361938009503f,-0.5924220732151263f,0.6691243650858698f,-0.448674348738507f,-1.002959041295006f,0.6234871222106458f,0.028104733047690345f,-0.7813283128223403f,-0.11391060526566857f,0f,0f,0f,1f], start_interpolation: 0, interpolation_duration: 1 }
$data merge entity $(bone_larmdown) { transformation: [-0.5101959384442203f,-0.742618817448595f,-0.4338402890076851f,0.3372131089861156f,-0.5924220732151263f,0.6691243650858698f,-0.448674348738507f,-0.6265765859342043f,0.6234871222106458f,0.028104733047690345f,-0.7813283128223403f,-0.09810169292634274f,0f,0f,0f,1f], start_interpolation: 0, interpolation_duration: 1 }
$data merge entity $(bone_larm) { transformation: [-0.5101959384442203f,-0.10788905008161115f,-0.8532643536838446f,0.2262371572698832f,-0.5924220732151263f,0.763294397948916f,0.25771641241351617f,-0.3666880459834444f,0.6234871222106458f,0.6369785042937394f,-0.453345556397322f,0.258512292978499f,0f,0f,0f,1f], start_interpolation: 0, interpolation_duration: 1 }
$data merge entity $(bone_rknife) { transformation: [-0.9682670561637184f,-0.23552600425862907f,-0.0835847430217431f,0.09167121674877451f,0.08781697700757884f,-0.00751863298660993f,-0.9961082515004396f,-0.34018166049997983f,0.23398095327888724f,-0.9718389637568441f,0.027963226328987137f,1.8337688432994481f,0f,0f,0f,1f], start_interpolation: 0, interpolation_duration: 1 }
$data merge entity $(bone_rarmdown) { transformation: [-0.9682670561637184f,-0.23552600425862907f,-0.0835847430217431f,-0.046036207085563274f,0.08781697700757884f,-0.00751863298660993f,-0.9961082515004396f,-0.4066676572737254f,0.23398095327888724f,-0.9718389637568441f,0.027963226328987137f,1.288857127831785f,0f,0f,0f,1f], start_interpolation: 0, interpolation_duration: 1 }
$data merge entity $(bone_rarm) { transformation: [-0.9682670561637184f,-0.23552600425862907f,-0.0835847430217431f,-0.033256184951688306f,0.08781697700757884f,-0.00751863298660993f,-0.9961082515004396f,-0.4831968294057103f,0.23398095327888724f,-0.9718389637568441f,0.027963226328987137f,0.8360079170034656f,0f,0f,0f,1f], start_interpolation: 0, interpolation_duration: 1 }
$data merge entity $(bone_upperbody) { transformation: [-0.4829529371768515f,0.1264014331777489f,-0.8664751226451128f,-0.0708098062047461f,-0.13494275708950187f,0.9669621645655764f,0.21627441967957975f,-0.6539488921215219f,0.8651860567423261f,0.22137490821966785f,-0.4499402596227613f,0.5535661995219271f,0f,0f,0f,1f], start_interpolation: 0, interpolation_duration: 1 }
$data merge entity $(bone_downbody) { transformation: [-0.4623225756470787f,0.1503836389109143f,-0.8738664641665584f,-4.592425496802574e-17f,-0.007574450389467385f,0.9848077681325238f,0.17348281623012302f,-1.125f,0.8866794594149278f,0.08682408060986814f,-0.4541597904679612f,0.375f,0f,0f,0f,1f], start_interpolation: 0, interpolation_duration: 1 }