# This file was generated by Animated Java via MC-Build. It is not recommended to edit this file directly.
$data merge entity $(bone_llegdown) { transformation: [-0.9735291100721655f,-0.12929333195425935f,-0.18847892761330964f,0.2578656930287823f,-0.17206859498771104f,0.9573690491656182f,0.23202780505507337f,-1.439652009096427f,0.15044424369530582f,0.2583171268264762f,-0.9542739604154886f,0.19966788928603196f,0f,0f,0f,1f], start_interpolation: 0, interpolation_duration: 1 }
$data merge entity $(bone_lleg) { transformation: [-0.9735291100721655f,-0.21258510884605172f,-0.08395619893140624f,0.125f,-0.17206859498771104f,0.9234432145542834f,-0.3429942100278178f,-0.8625f,0.15044424369530582f,-0.3194686228576511f,-0.935578071861661f,1.5308084989341915e-17f,0f,0f,0f,1f], start_interpolation: 0, interpolation_duration: 1 }
$data merge entity $(bone_rlegdown) { transformation: [-0.9821268033237618f,0.16076043181373653f,0.09789293006193012f,-0.241674127503966f,0.18778023151960244f,0.8724305035531796f,0.4512245573108694f,-1.4753340533399009f,-0.012865723589968407f,0.4615420891240652f,-0.8870250126819987f,-0.0380338144047631f,0f,0f,0f,1f], start_interpolation: 0, interpolation_duration: 1 }
$data merge entity $(bone_rleg) { transformation: [-0.9821268033237618f,0.18667860400634562f,0.024042483218065794f,-0.125f,0.18778023151960244f,0.9805344853438412f,0.057364690375987924f,-0.8625f,-0.012865723589968407f,0.06085410304762093f,-0.9980637511195245f,-1.5308084989341915e-17f,0f,0f,0f,1f], start_interpolation: 0, interpolation_duration: 1 }
$data merge entity $(bone_head) { transformation: [-0.9778075708767383f,-0.08387636398001992f,-0.1919820561969888f,0.0029668884605410784f,-0.08225747113452346f,0.9964761388063887f,-0.016401622848474868f,-0.0011478897186835146f,0.1926812465671882f,-0.00024567254993335813f,-0.9812613703118619f,0.005822846461319947f,0f,0f,0f,1f], start_interpolation: 0, interpolation_duration: 1 }
$data merge entity $(bone_lknife) { transformation: [-0.567954050015781f,-0.6670781670322491f,-0.4821150445065644f,0.9664372444076192f,-0.7769546000256906f,0.6278301797723979f,0.046592004312733463f,-0.6571536218280786f,0.27160586622823707f,0.40104361911873554f,-0.8748681437762812f,-0.5379061914225489f,0f,0f,0f,1f], start_interpolation: 0, interpolation_duration: 1 }
$data merge entity $(bone_larmdown) { transformation: [-0.567954050015781f,-0.6670781670322491f,-0.4821150445065644f,0.591205775451979f,-0.7769546000256906f,0.6278301797723979f,0.046592004312733463f,-0.30399914570610476f,0.27160586622823707f,0.40104361911873554f,-0.8748681437762812f,-0.31231915566826024f,0f,0f,0f,1f], start_interpolation: 0, interpolation_duration: 1 }
$data merge entity $(bone_larm) { transformation: [-0.567954050015781f,-0.675390635502602f,-0.47039949675362447f,0.22472811616761806f,-0.7769546000256906f,0.6285477007910483f,0.03562776065382253f,-0.12612885161323245f,0.27160586622823707f,0.3857139838088299f,-0.8817340733604043f,-0.10961855447336756f,0f,0f,0f,1f], start_interpolation: 0, interpolation_duration: 1 }
$data merge entity $(bone_rknife) { transformation: [-0.9369735991360009f,0.06829448242278013f,-0.34266067500186415f,-0.5085747603419722f,0.1860959313859783f,0.9275768755497686f,-0.3239898829700006f,-1.0033372416003443f,0.2957173969243504f,-0.3673377241938731f,-0.8818243688741836f,0.24412443290142738f,0f,0f,0f,1f], start_interpolation: 0, interpolation_duration: 1 }
$data merge entity $(bone_rarmdown) { transformation: [-0.9369735991360009f,0.06829448242278013f,-0.34266067500186415f,-0.4915754061667749f,0.1860959313859783f,0.9275768755497686f,-0.3239898829700006f,-0.5018246167892244f,0.2957173969243504f,-0.3673377241938731f,-0.8818243688741836f,-0.0176170600122627f,0f,0f,0f,1f], start_interpolation: 0, interpolation_duration: 1 }
$data merge entity $(bone_rarm) { transformation: [-0.8802014508570714f,0.30263998676310255f,-0.36558780658158674f,-0.24914523060078364f,0.13906269024561008f,0.9009585756777678f,0.4110172905053285f,-0.12503807621090224f,0.45376973686084443f,0.3109383915259053f,-0.8351109762088647f,0.06169726917271532f,0f,0f,0f,1f], start_interpolation: 0, interpolation_duration: 1 }
$data merge entity $(bone_upperbody) { transformation: [-0.891006524188368f,0.007923226720120023f,-0.45392135478748397f,-0.19543812951904066f,0f,0.9998476951563913f,0.01745240643728351f,-0.37500000000000006f,0.45399049973954664f,0.01555020799840668f,-0.8908708195790471f,0.029435310939391987f,0f,0f,0f,1f], start_interpolation: 0, interpolation_duration: 1 }
$data merge entity $(bone_downbody) { transformation: [-0.891006524188368f,0f,-0.45399049973954664f,0f,0f,1f,0f,-0.8625f,0.45399049973954664f,0f,-0.891006524188368f,0f,0f,0f,0f,1f], start_interpolation: 0, interpolation_duration: 1 }