# This file was generated by Animated Java via MC-Build. It is not recommended to edit this file directly.
$data merge entity $(bone_llegdown) { transformation: [-0.8559255123305621f,0.19504617420554232f,-0.4789034425324648f,0.3804199276247532f,-0.2963330236315901f,0.5739600126686617f,0.763384990003569f,-1.5404778892736333f,0.42376674768913153f,0.7953155938274885f,-0.43346839535057813f,0.37702455319222294f,0f,0f,0f,1f], start_interpolation: 0, interpolation_duration: 1 }
$data merge entity $(bone_lleg) { transformation: [-0.8559255123305621f,-0.4086718841996052f,-0.31682614855218166f,0.12499999999999997f,-0.2963330236315901f,0.8897646228378122f,-0.34713924447063793f,-0.9843750000000007f,0.42376674768913153f,-0.2032392851075558f,-0.8826752157741519f,0.25000000000000056f,0f,0f,0f,1f], start_interpolation: 0, interpolation_duration: 1 }
$data merge entity $(bone_rlegdown) { transformation: [-0.9268364181256115f,0.21612515275073627f,0.30702470972962037f,-0.35452249657337015f,0.33175223577100216f,0.8543193669635603f,0.4000985794675148f,-1.4240467445001388f,-0.17582578905561086f,0.47268206818056124f,-0.8635143046432522f,0.6303066928873761f,0f,0f,0f,1f], start_interpolation: 0, interpolation_duration: 1 }
$data merge entity $(bone_rleg) { transformation: [-0.9268364181256115f,0.3672359945173922f,-0.0781791427869903f,-0.12500000000000003f,0.33175223577100216f,0.703474791200221f,-0.6285409073455337f,-0.9843750000000007f,-0.17582578905561086f,-0.6084907086198008f,-0.7738374179544076f,0.25000000000000056f,0f,0f,0f,1f], start_interpolation: 0, interpolation_duration: 1 }
$data merge entity $(bone_head) { transformation: [-0.9635257314814003f,-0.13626962850553187f,-0.23032314933631043f,0.062210252372666724f,-0.14954368079327157f,0.987900158150093f,0.041109184640677116f,-0.12817134690635285f,0.22193434233581816f,0.07405312872516265f,-0.9722454843392085f,0.36990042244025945f,0f,0f,0f,1f], start_interpolation: 0, interpolation_duration: 1 }
$data merge entity $(bone_lknife) { transformation: [-0.666106312868659f,-0.635168489870989f,-0.3909774538659837f,0.7696014918999246f,-0.5047503045596855f,0.7698098521604798f,-0.3906659974499507f,-0.9613813856626572f,0.5491170276028825f,-0.06287909820971788f,-0.8333766909416819f,-0.08198431900196054f,0f,0f,0f,1f], start_interpolation: 0, interpolation_duration: 1 }
$data merge entity $(bone_larmdown) { transformation: [-0.666106312868659f,-0.635168489870989f,-0.3909774538659837f,0.41231921634749324f,-0.5047503045596855f,0.7698098521604798f,-0.3906659974499507f,-0.5283633438223874f,0.5491170276028825f,-0.06287909820971788f,-0.8333766909416819f,-0.11735381174492684f,0f,0f,0f,1f], start_interpolation: 0, interpolation_duration: 1 }
$data merge entity $(bone_larm) { transformation: [-0.666106312868659f,-0.22751725425620706f,-0.7103085801060244f,0.2295171285018203f,-0.5047503045596855f,0.8386406468035125f,0.20471686685735238f,-0.22455184891581143f,0.5491170276028825f,0.49489166950424873f,-0.6734632324424789f,0.16780092211354228f,0f,0f,0f,1f], start_interpolation: 0, interpolation_duration: 1 }
$data merge entity $(bone_rknife) { transformation: [-0.9818469173896367f,-0.14671613277389775f,-0.12021234211319377f,-0.13315107845985868f,0.06120549295472493f,0.3548062087403655f,-0.9329343180907526f,-0.5602632138715782f,0.1795286006313106f,-0.9233563400026882f,-0.33938554909159463f,1.5979617053748931f,0f,0f,0f,1f], start_interpolation: 0, interpolation_duration: 1 }
$data merge entity $(bone_rarmdown) { transformation: [-0.9818469173896367f,-0.14671613277389775f,-0.12021234211319377f,-0.2231921745272508f,0.06120549295472493f,0.3548062087403655f,-0.9329343180907526f,-0.41899311633579456f,0.1795286006313106f,-0.9233563400026882f,-0.33938554909159463f,1.0573621673051563f,0f,0f,0f,1f], start_interpolation: 0, interpolation_duration: 1 }
$data merge entity $(bone_rarm) { transformation: [-0.9818469173896367f,-0.14405879988442244f,-0.1233843304002881f,-0.16924904446605327f,0.06120549295472493f,0.3750736293647515f,-0.9249722483336039f,-0.305864066622239f,0.1795286006313106f,-0.9157329494623487f,-0.3594476969245323f,0.6173204872470504f,0f,0f,0f,1f], start_interpolation: 0, interpolation_duration: 1 }
$data merge entity $(bone_upperbody) { transformation: [-0.6926255199261415f,0.04679603081905429f,-0.719777757815997f,-0.13019165403413f,-0.10485792504331815f,0.9807598661623049f,0.1646660271000294f,-0.5053255309690875f,0.7136348539012453f,0.18952629481124741f,-0.6743923775314102f,0.39048507339681204f,0f,0f,0f,1f], start_interpolation: 0, interpolation_duration: 1 }
$data merge entity $(bone_downbody) { transformation: [-0.683933146881358f,0.09083291050834204f,-0.7238679665281136f,-3.06161699786839e-17f,-0.008403572310874713f,0.991172105694254f,0.13231491550854918f,-0.9843750000000007f,0.729496285507595f,0.09657763334334787f,-0.6771321364168289f,0.25000000000000056f,0f,0f,0f,1f], start_interpolation: 0, interpolation_duration: 1 }