# This file was generated by Animated Java via MC-Build. It is not recommended to edit this file directly.
$data merge entity $(bone_llegdown) { transformation: [-0.931032429198966f,0.011337468974378095f,-0.3647603015366767f,0.29835906954407065f,-0.22462759708684776f,0.7699330868463349f,0.5972817462523552f,-1.4360812231281752f,0.2876126881882319f,0.6380239051763884f,-0.7142859637544404f,0.22356650097418423f,0f,0f,0f,1f], start_interpolation: 0, interpolation_duration: 1 }
$data merge entity $(bone_lleg) { transformation: [-0.931032429198966f,-0.27737451127051305f,-0.23715395058340555f,0.12499999999999999f,-0.22462759708684776f,0.9477299570050806f,-0.22660620296482842f,-0.84375f,0.2876126881882319f,-0.15770640155869473f,-0.9446732940549059f,0.12500000000000003f,0f,0f,0f,1f], start_interpolation: 0, interpolation_duration: 1 }
$data merge entity $(bone_rlegdown) { transformation: [-0.9637231816832125f,0.18784193966791277f,0.18961285501827693f,-0.2917904043201822f,0.2396203741756815f,0.9218200290936975f,0.3046800128685851f,-1.3797127790350323f,-0.11755724293420745f,0.33906229466499366f,-0.9333900872466006f,0.3998633488040108f,0f,0f,0f,1f], start_interpolation: 0, interpolation_duration: 1 }
$data merge entity $(bone_rleg) { transformation: [-0.9637231816832125f,0.26686464691229156f,-0.004570482990213941f,-0.12500000000000003f,0.2396203741756815f,0.8575404464560517f,-0.45519936178762604f,-0.84375f,-0.11755724293420745f,-0.4397813580864173f,-0.8903778140280529f,0.12499999999999999f,0f,0f,0f,1f], start_interpolation: 0, interpolation_duration: 1 }
$data merge entity $(bone_head) { transformation: [-0.9784650560891175f,-0.13247059222903856f,-0.1582961661159485f,0.018492288859072836f,-0.13532690273787096f,0.9907737045245771f,0.0073549859293212255f,0.021117490676737294f,0.15586135957284247f,0.028618326595618748f,-0.9873642833194705f,0.21542200719146273f,0f,0f,0f,1f], start_interpolation: 0, interpolation_duration: 1 }
$data merge entity $(bone_lknife) { transformation: [-0.813788466685284f,-0.4897004368504852f,-0.31295656829416163f,0.73250350378808f,-0.40406586851630877f,0.863807269110311f,-0.30094480512603583f,-0.9148639581130511f,0.41770696114641803f,-0.11845034394475451f,-0.9008276253696897f,-0.05830427957616763f,0f,0f,0f,1f], start_interpolation: 0, interpolation_duration: 1 }
$data merge entity $(bone_larmdown) { transformation: [-0.813788466685284f,-0.4897004368504852f,-0.31295656829416163f,0.4570470080596821f,-0.40406586851630877f,0.863807269110311f,-0.30094480512603583f,-0.42897236923850113f,0.41770696114641803f,-0.11845034394475451f,-0.9008276253696897f,-0.12493259804509205f,0f,0f,0f,1f], start_interpolation: 0, interpolation_duration: 1 }
$data merge entity $(bone_larm) { transformation: [-0.813788466685284f,-0.2788048807594301f,-0.5099178070578966f,0.23334631439177098f,-0.40406586851630877f,0.9020740159339021f,0.15163523230780918f,-0.08482322083195754f,0.41770696114641803f,0.32943938477601936f,-0.8467529665541318f,0.07141050293771867f,0f,0f,0f,1f], start_interpolation: 0, interpolation_duration: 1 }
$data merge entity $(bone_rknife) { transformation: [-0.9898246361811065f,-0.04615006797932348f,-0.13460074603970074f,-0.3237189666897254f,0.06933695163417773f,0.6696049328303385f,-0.7394738812611017f,-0.7408138428313875f,0.12425609339996108f,-0.7412822709027796f,-0.6595915539924677f,1.166750106009234f,0f,0f,0f,1f], start_interpolation: 0, interpolation_duration: 1 }
$data merge entity $(bone_rarmdown) { transformation: [-0.9898246361811065f,-0.04615006797932348f,-0.13460074603970074f,-0.3580909265555761f,0.06933695163417773f,0.6696049328303385f,-0.7394738812611017f,-0.410378185693141f,0.12425609339996108f,-0.7412822709027796f,-0.6595915539924677f,0.7085543565018912f,0f,0f,0f,1f], start_interpolation: 0, interpolation_duration: 1 }
$data merge entity $(bone_rarm) { transformation: [-0.9898246361811065f,-0.040234941259456036f,-0.136485673646681f,-0.25620777543406825f,0.06933695163417773f,0.7012230149798655f,-0.7095623090332711f,-0.13437914427601466f,0.12425609339996108f,-0.7118057549390815f,-0.691298047508153f,0.3599433507256468f,0f,0f,0f,1f], start_interpolation: 0, interpolation_duration: 1 }
$data merge entity $(bone_upperbody) { transformation: [-0.8573718305605867f,-0.004088543140412052f,-0.5146812877657178f,-0.17289930617874003f,-0.07180676652919954f,0.9911392251279579f,0.11174446157806692f,-0.3570394586218426f,0.5096639406921089f,0.13276415264573502f,-0.850068436851087f,0.20806816152588958f,0f,0f,0f,1f], start_interpolation: 0, interpolation_duration: 1 }
$data merge entity $(bone_downbody) { transformation: [-0.8550691511399925f,0.04073930656717211f,-0.5169110713354462f,-1.5308084989341915e-17f,-0.007004032086708061f,0.9959102061957872f,0.09007666029329175f,-0.84375f,0.5184666723168049f,0.08064223518411853f,-0.8512867552130999f,0.125f,0f,0f,0f,1f], start_interpolation: 0, interpolation_duration: 1 }