# This file was generated by Animated Java via MC-Build. It is not recommended to edit this file directly.
$data merge entity $(bone_llegdown) { transformation: [-0.9796742344559392f,-0.07519820738527391f,-0.18596672807040235f,0.22123937931534132f,-0.1382454216589493f,0.9248568145691296f,0.3542994156576919f,-1.4422915497789952f,0.14534991480392737f,0.37280705753926385f,-0.9164541996823448f,0.12701690477357697f,0f,0f,0f,1f], start_interpolation: 0, interpolation_duration: 1 }
$data merge entity $(bone_lleg) { transformation: [-0.9796742344559392f,-0.1539830069045461f,-0.12855982236999294f,0.12499999999999999f,-0.1382454216589493f,0.9826664796463924f,-0.12351029580446105f,-0.8281250000000001f,0.14534991480392737f,-0.10322704763772265f,-0.983980476890924f,0.06250000000000029f,0f,0f,0f,1f], start_interpolation: 0, interpolation_duration: 1 }
$data merge entity $(bone_rlegdown) { transformation: [-0.9879806941573013f,0.12907914277075644f,0.0850454165374234f,-0.22072737307635176f,0.14292376260064374f,0.9723836656291276f,0.18450692372302974f,-1.4259620099297123f,-0.058880778328177764f,0.19444428950017478f,-0.9791447657135487f,0.21758765135304092f,0f,0f,0f,1f], start_interpolation: 0, interpolation_duration: 1 }
$data merge entity $(bone_rleg) { transformation: [-0.9879806941573013f,0.1531637969221628f,0.02085663647004576f,-0.125f,0.14292376260064374f,0.9565392158875393f,-0.25417617227688016f,-0.8281250000000001f,-0.058880778328177764f,-0.24814024216486508f,-0.9669330246515682f,0.06250000000000026f,0f,0f,0f,1f], start_interpolation: 0, interpolation_duration: 1 }
$data merge entity $(bone_head) { transformation: [-0.9930330284510671f,-0.08361620494369604f,-0.08302851724627944f,-0.0032932992050373755f,-0.08311103014753136f,0.9964947418168998f,-0.009528179211484356f,0.04310789972220669f,0.08353419104245893f,-0.002561211058044466f,-0.9965016202318981f,0.10966424577576703f,0f,0f,0f,1f], start_interpolation: 0, interpolation_duration: 1 }
$data merge entity $(bone_lknife) { transformation: [-0.9282354428886344f,-0.32469647355680886f,-0.18152455102578596f,0.6515676172388316f,-0.29268350112792274f,0.9386613733904332f,-0.18234910000404944f,-0.9800243180841837f,0.22959819409751878f,-0.11613365646770141f,-0.9663320563360195f,-0.002435808004012982f,0f,0f,0f,1f], start_interpolation: 0, interpolation_duration: 1 }
$data merge entity $(bone_larmdown) { transformation: [-0.9282354428886344f,-0.32469647355680886f,-0.18152455102578596f,0.46892585086312666f,-0.29268350112792274f,0.9386613733904332f,-0.18234910000404944f,-0.452027295552065f,0.22959819409751878f,-0.11613365646770141f,-0.9663320563360195f,-0.06776098976709502f,0f,0f,0f,1f], start_interpolation: 0, interpolation_duration: 1 }
$data merge entity $(bone_larm) { transformation: [-0.9282354428886344f,-0.2580213567082352f,-0.2679625758343547f,0.24001207694219445f,-0.29268350112792274f,0.9511760794334145f,0.09798180484753191f,-0.07247319844093647f,0.22959819409751878f,0.16937840888413197f,-0.9584339434050935f,0.035041838381902564f,0f,0f,0f,1f], start_interpolation: 0, interpolation_duration: 1 }
$data merge entity $(bone_rknife) { transformation: [-0.9918546265522725f,0.06917320627061771f,-0.10695544549528224f,-0.47180788805178336f,0.10904871033097374f,0.8950731739662413f,-0.432379916301798f,-0.9547655358399043f,0.06582384493481891f,-0.44052137380635803f,-0.895325717634513f,0.6396945425018783f,0f,0f,0f,1f], start_interpolation: 0, interpolation_duration: 1 }
$data merge entity $(bone_rarmdown) { transformation: [-0.9918546265522725f,0.06917320627061771f,-0.10695544549528224f,-0.43958267486801605f,0.10904871033097374f,0.8950731739662413f,-0.432379916301798f,-0.47831062025275595f,0.06582384493481891f,-0.44052137380635803f,-0.895325717634513f,0.3359434123836448f,0f,0f,0f,1f], start_interpolation: 0, interpolation_duration: 1 }
$data merge entity $(bone_rarm) { transformation: [-0.9918546265522725f,0.07602032194975586f,-0.10220230152744694f,-0.28392261714066735f,0.10904871033097374f,0.9214357531361177f,-0.3729135712435614f,-0.0946045005478062f,0.06582384493481891f,-0.3810210801164823f,-0.9222202328863025f,0.1465927244072064f,0f,0f,0f,1f], start_interpolation: 0, interpolation_duration: 1 }
$data merge entity $(bone_upperbody) { transformation: [-0.9632342703126799f,-0.019974468552494677f,-0.26791931826810134f,-0.1931542565732357f,-0.03652985062187379f,0.997708486548893f,0.056950380875467166f,-0.33432273092051285f,0.26616782395462896f,0.06464361124165784f,-0.9617566703781654f,0.07521956665300293f,0f,0f,0f,1f], start_interpolation: 0, interpolation_duration: 1 }
$data merge entity $(bone_downbody) { transformation: [-0.9630853338851567f,0.00861540081983942f,-0.2690583849725366f,-7.654042494670991e-18f,-0.0039443403072279455f,0.9989288167254258f,0.04610489448075354f,-0.8281250000000001f,0.2691673862763782f,0.04546420552758128f,-0.9620197109107946f,0.06250000000000028f,0f,0f,0f,1f], start_interpolation: 0, interpolation_duration: 1 }