# This file was generated by Animated Java via MC-Build. It is not recommended to edit this file directly.
$data merge entity $(bone_llegdown) { transformation: [-0.9611113596456959f,-0.13815418628271187f,-0.2391200016154304f,0.2884578682431653f,-0.20261133846838042f,0.9411217052732573f,0.27062627623275537f,-1.428755665248197f,0.1876528707056012f,0.3085504118877787f,-0.9325143663450065f,0.2392931016868787f,0f,0f,0f,1f], start_interpolation: 0, interpolation_duration: 1 }
$data merge entity $(bone_lleg) { transformation: [-0.9611113596456959f,-0.2615325891890646f,-0.08868855141485651f,0.125f,-0.20261133846838042f,0.8860090643971151f,-0.4170570504501754f,-0.875f,0.1876528707056012f,-0.3828689626990059f,-0.9045428444898197f,1.5308084989341915e-17f,0f,0f,0f,1f], start_interpolation: 0, interpolation_duration: 1 }
$data merge entity $(bone_rlegdown) { transformation: [-0.9746147950528165f,0.1770230974078535f,0.13707233217643222f,-0.26320696136383315f,0.22331003918032993f,0.8125905634109203f,0.5383578760051744f,-1.4821024877472357f,-0.016081904906946796f,0.5553011788567108f,-0.8314938202385579f,-0.05431763251186003f,0f,0f,0f,1f], start_interpolation: 0, interpolation_duration: 1 }
$data merge entity $(bone_rleg) { transformation: [-0.9746147950528165f,0.22113113818213304f,0.035028859393804956f,-0.125f,0.22331003918032993f,0.9713639803955771f,0.08114581930907105f,-0.875f,-0.016081904906946796f,0.08690821201897603f,-0.9960865098063665f,-1.5308084989341915e-17f,0f,0f,0f,1f], start_interpolation: 0, interpolation_duration: 1 }
$data merge entity $(bone_head) { transformation: [-0.9660546191325395f,-0.09931032847709703f,-0.238486753322811f,0.004536624618813406f,-0.09895685585914672f,0.9950003443895589f,-0.013485375157239556f,-0.017077670159694136f,0.23863363872504695f,0.0105722903114948f,-0.9710521165964334f,0.006789538547566275f,0f,0f,0f,1f], start_interpolation: 0, interpolation_duration: 1 }
$data merge entity $(bone_lknife) { transformation: [-0.4116381153192036f,-0.6853505296490199f,-0.6007068449137751f,0.9588725553523919f,-0.8764552186538687f,0.4783496423673968f,0.0548440456328963f,-0.5116880926826263f,0.24976050870955105f,0.5490685486865841f,-0.7975859935658065f,-0.6992095819805862f,0f,0f,0f,1f], start_interpolation: 0, interpolation_duration: 1 }
$data merge entity $(bone_larmdown) { transformation: [-0.4116381153192036f,-0.6853505296490199f,-0.6007068449137751f,0.5733628824248183f,-0.8764552186538687f,0.4783496423673968f,0.0548440456328963f,-0.24261641885096558f,0.24976050870955105f,0.5490685486865841f,-0.7975859935658065f,-0.3903585233443827f,0f,0f,0f,1f], start_interpolation: 0, interpolation_duration: 1 }
$data merge entity $(bone_larm) { transformation: [-0.4116381153192036f,-0.7109006923673403f,-0.570240534869357f,0.21088906509920635f,-0.8764552186538687f,0.4802866231726089f,0.03392652790740588f,-0.1420479235446828f,0.24976050870955105f,0.5137557446813501f,-0.820776902145801f,-0.13437032145759814f,0f,0f,0f,1f], start_interpolation: 0, interpolation_duration: 1 }
$data merge entity $(bone_rknife) { transformation: [-0.9056326059970008f,0.026677464921065486f,-0.42322322221313213f,-0.4942500523394894f,0.20823307275881353f,0.8973860558287001f,-0.38902089174443044f,-0.9804220828174874f,0.3694165269238826f,-0.4404390760021123f,-0.8182572028194448f,0.3059248547727019f,0f,0f,0f,1f], start_interpolation: 0, interpolation_duration: 1 }
$data merge entity $(bone_rarmdown) { transformation: [-0.9056326059970008f,0.026677464921065486f,-0.42322322221313213f,-0.5056954297097108f,0.20823307275881353f,0.8973860558287001f,-0.38902089174443044f,-0.49995623214787055f,0.3694165269238826f,-0.4404390760021123f,-0.8182572028194448f,0.007036799345298425f,0f,0f,0f,1f], start_interpolation: 0, interpolation_duration: 1 }
$data merge entity $(bone_rarm) { transformation: [-0.8217220275971077f,0.37353042013988025f,-0.4304043849588696f,-0.23956061744887477f,0.1304125140255658f,0.8584532643909567f,0.4960348466005608f,-0.14068449323002272f,0.5547661539308522f,0.35147264201731954f,-0.7541229981681605f,0.0914603109865192f,0f,0f,0f,1f], start_interpolation: 0, interpolation_duration: 1 }
$data merge entity $(bone_upperbody) { transformation: [-0.8314696123025455f,0.012119700761946952f,-0.5554380223489348f,-0.19062369187045242f,0f,0.9997620270799091f,0.02181488503456112f,-0.390625f,0.5555702330196021f,0.018138414002111136f,-0.831271745050939f,0.05220256792226629f,0f,0f,0f,1f], start_interpolation: 0, interpolation_duration: 1 }
$data merge entity $(bone_downbody) { transformation: [-0.8314696123025455f,0f,-0.5555702330196021f,0f,0f,1f,0f,-0.875f,0.5555702330196021f,0f,-0.8314696123025455f,0f,0f,0f,0f,1f], start_interpolation: 0, interpolation_duration: 1 }