# This file was generated by Animated Java via MC-Build. It is not recommended to edit this file directly.
$data merge entity $(bone_llegdown) { transformation: [-0.9463848527579235f,-0.1419083997842426f,-0.2902028885814869f,0.31961279018740685f,-0.23219221168193133f,0.9233921784360593f,0.3056692029586266f,-1.437994292513884f,0.22459405002051264f,0.3566635541708522f,-0.9068343960291751f,0.2767789920330025f,0f,0f,0f,1f], start_interpolation: 0, interpolation_duration: 1 }
$data merge entity $(bone_lleg) { transformation: [-0.9463848527579235f,-0.311380464299851f,-0.08601114417778986f,0.125f,-0.23219221168193133f,0.8407908680222145f,-0.4890373125689944f,-0.9125f,0.22459405002051264f,-0.44284638725280395f,-0.8680118605137392f,1.5308084989341915e-17f,0f,0f,0f,1f], start_interpolation: 0, interpolation_duration: 1 }
$data merge entity $(bone_rlegdown) { transformation: [-0.9658079590241743f,0.18615829880621262f,0.18044410234511904f,-0.28426783743771855f,0.25853931340394004f,0.7433728761703318f,0.6168907442966443f,-1.5127330747635837f,-0.019297919840703233f,0.6424498850181432f,-0.7660846790858021f,-0.07056211389808686f,0f,0f,0f,1f], start_interpolation: 0, interpolation_duration: 1 }
$data merge entity $(bone_rleg) { transformation: [-0.9658079590241743f,0.25482853990034965f,0.047722128387309534f,-0.125f,0.25853931340394004f,0.960372919621734f,0.10412146119722773f,-0.9125f,-0.019297919840703233f,0.11289938223693896f,-0.9934190051435192f,-1.5308084989341915e-17f,0f,0f,0f,1f], start_interpolation: 0, interpolation_duration: 1 }
$data merge entity $(bone_head) { transformation: [-0.9522392833624493f,-0.11113700167959904f,-0.28440976438764826f,0.0063613036445558935f,-0.11353454019867172f,0.9935010605752973f,-0.008096345943430203f,-0.058014562403408076f,0.28346120616981263f,0.02458067316873773f,-0.9586686263268067f,0.0074481296121383656f,0f,0f,0f,1f], start_interpolation: 0, interpolation_duration: 1 }
$data merge entity $(bone_lknife) { transformation: [-0.2584129884312452f,-0.6564820766887511f,-0.7086988150099149f,0.9040501874486935f,-0.9479473109522883f,0.31361663023972963f,0.05514077343856016f,-0.37944352570601836f,0.18606080476112907f,0.6860582280123907f,-0.703353029927461f,-0.8445214486790775f,0f,0f,0f,1f], start_interpolation: 0, interpolation_duration: 1 }
$data merge entity $(bone_larmdown) { transformation: [-0.2584129884312452f,-0.6564820766887511f,-0.7086988150099149f,0.5347790193112709f,-0.9479473109522883f,0.31361663023972963f,0.05514077343856016f,-0.20303417119617045f,0.18606080476112907f,0.6860582280123907f,-0.703353029927461f,-0.45861369542210784f,0f,0f,0f,1f], start_interpolation: 0, interpolation_duration: 1 }
$data merge entity $(bone_larm) { transformation: [-0.2584129884312452f,-0.7043192496263431f,-0.661178585569601f,0.1943377240458401f,-0.9479473109522883f,0.3166991018053801f,0.03312966305279066f,-0.18297172802535272f,0.18606080476112907f,0.6353235974851326f,-0.7494967000662448f,-0.15740202092722125f,0f,0f,0f,1f], start_interpolation: 0, interpolation_duration: 1 }
$data merge entity $(bone_rknife) { transformation: [-0.8646689884850527f,-0.024567827232314432f,-0.5017409313752657f,-0.4740438467335767f,0.23704110305533888f,0.8606575594849535f,-0.45064407325927636f,-0.9755167461196708f,0.4428984712262439f,-0.5085911788130885f,-0.7383603165250479f,0.36889330966571976f,0f,0f,0f,1f], start_interpolation: 0, interpolation_duration: 1 }
$data merge entity $(bone_rarmdown) { transformation: [-0.8646689884850527f,-0.024567827232314432f,-0.5017409313752657f,-0.5192220577627077f,0.23704110305533888f,0.8606575594849535f,-0.45064407325927636f,-0.5195621234880893f,0.4428984712262439f,-0.5085911788130885f,-0.7383603165250479f,0.036663251800541946f,0f,0f,0f,1f], start_interpolation: 0, interpolation_duration: 1 }
$data merge entity $(bone_rarm) { transformation: [-0.7516816557794028f,0.4544457105533376f,-0.47796839280898856f,-0.22644185242319714f,0.12175487018015521f,0.8078761451531384f,0.5766384358329913f,-0.18133566875611065f,0.6481901263920554f,0.37525355461631205f,-0.6625966569457422f,0.11981291614617155f,0f,0f,0f,1f], start_interpolation: 0, interpolation_duration: 1 }
$data merge entity $(bone_upperbody) { transformation: [-0.760405965600031f,0.01700056798978832f,-0.6492254987043478f,-0.18316662157064229f,0f,0.9996573249755573f,0.02617694830787315f,-0.43124999999999997f,0.6494480483301835f,0.01990510765451038f,-0.7601453934671827f,0.07424613621190748f,0f,0f,0f,1f], start_interpolation: 0, interpolation_duration: 1 }
$data merge entity $(bone_downbody) { transformation: [-0.760405965600031f,0f,-0.6494480483301835f,0f,0f,1f,0f,-0.9125f,0.6494480483301835f,0f,-0.760405965600031f,0f,0f,0f,0f,1f], start_interpolation: 0, interpolation_duration: 1 }