# This file was generated by Animated Java via MC-Build. It is not recommended to edit this file directly.
$data merge entity $(bone_llegdown) { transformation: [-0.9294231239467297f,-0.14063000994570604f,-0.34116837042107595f,0.3507209626848367f,-0.26065170520022635f,0.9046365737037045f,0.3371844570762957f,-1.442404460773694f,0.2612151321216214f,0.40231314895276865f,-0.8774456022628362f,0.3117898234625339f,0f,0f,0f,1f], start_interpolation: 0, interpolation_duration: 1 }
$data merge entity $(bone_lleg) { transformation: [-0.9294231239467297f,-0.36115354029573876f,-0.07576791540590282f,0.125f,-0.26065170520022635f,0.7878471372379106f,-0.557994244524299f,-0.95f,0.2612151321216214f,-0.4988637175400543f,-0.8263786336013297f,1.5308084989341915e-17f,0f,0f,0f,1f], start_interpolation: 0, interpolation_duration: 1 }
$data merge entity $(bone_rlegdown) { transformation: [-0.9557183298615264f,0.18748400709664237f,0.22683082032581198f,-0.30478997088940957f,0.293420527055818f,0.6660601542621463f,0.6857610846399581f,-1.5422617839374069f,-0.022513735118380465f,0.721951257348633f,-0.6915775543955627f,-0.08675566641358617f,0f,0f,0f,1f], start_interpolation: 0, interpolation_duration: 1 }
$data merge entity $(bone_rleg) { transformation: [-0.9557183298615264f,0.2876639534230553f,0.06206386926153511f,-0.125f,0.293420527055818f,0.9476188542998513f,0.12618597892683325f,-0.95f,-0.022513735118380465f,0.13880906626173786f,-0.9900632176051002f,-1.5308084989341915e-17f,0f,0f,0f,1f], start_interpolation: 0, interpolation_duration: 1 }
$data merge entity $(bone_head) { transformation: [-0.9365692947305042f,-0.11885259359330816f,-0.3297150545003214f,0.008388013198801364f,-0.12573502499789754f,0.9920637565740832f,-0.0004542916421389244f,-0.09895856051184654f,0.32715234930653364f,0.04103125501690107f,-0.9440803866488031f,0.0077537996448755475f,0f,0f,0f,1f], start_interpolation: 0, interpolation_duration: 1 }
$data merge entity $(bone_lknife) { transformation: [-0.12044953352484573f,-0.5847303299970262f,-0.8022358450326286f,0.807533607233144f,-0.9891507793341703f,0.13915246655348462f,0.04708849960111513f,-0.24110314202103084f,0.08409902268308453f,0.7992039991351707f,-0.5951473113020841f,-0.9615686484940025f,0f,0f,0f,1f], start_interpolation: 0, interpolation_duration: 1 }
$data merge entity $(bone_larmdown) { transformation: [-0.12044953352484573f,-0.5847303299970262f,-0.8022358450326286f,0.47862279660981677f,-0.9891507793341703f,0.13915246655348462f,0.04708849960111513f,-0.16282987958469572f,0.08409902268308453f,0.7992039991351707f,-0.5951473113020841f,-0.512016398980469f,0f,0f,0f,1f], start_interpolation: 0, interpolation_duration: 1 }
$data merge entity $(bone_larm) { transformation: [-0.12044953352484573f,-0.6589292458148759f,-0.7424985918393958f,0.17528505987520285f,-0.9891507793341703f,0.14302506888007174f,0.03353454061790038f,-0.22390025936643562f,0.08409902268308453f,0.7384822805468587f,-0.6690076798528253f,-0.17841802340583277f,0f,0f,0f,1f], start_interpolation: 0, interpolation_duration: 1 }
$data merge entity $(bone_rknife) { transformation: [-0.8128787344387776f,-0.08748418133023889f,-0.5758252175045734f,-0.4456230744488301f,0.27175280681414543f,0.8174745614979848f,-0.5078245300222421f,-0.9639336993919038f,0.5151490804474421f,-0.5692818803726807f,-0.6407336151580463f,0.431807872207287f,0f,0f,0f,1f], start_interpolation: 0, interpolation_duration: 1 }
$data merge entity $(bone_rarmdown) { transformation: [-0.8128787344387776f,-0.08748418133023889f,-0.5758252175045734f,-0.5308220025411253f,0.27175280681414543f,0.8174745614979848f,-0.5078245300222421f,-0.5358432916756775f,0.5151490804474421f,-0.5692818803726807f,-0.6407336151580463f,0.0715409635502762f,0f,0f,0f,1f], start_interpolation: 0, interpolation_duration: 1 }
$data merge entity $(bone_rarm) { transformation: [-0.671063632586139f,0.5415999649338518f,-0.5063033468227776f,-0.20998906380929783f,0.11309091634479228f,0.7496869804067536f,0.6520581845578651f,-0.2219916022908217f,0.7327237171407723f,0.3803142245463009f,-0.5643377047009663f,0.1463379721466863f,0f,0f,0f,1f], start_interpolation: 0, interpolation_duration: 1 }
$data merge entity $(bone_upperbody) { transformation: [-0.6788007455329418f,0.0224251176546718f,-0.7339800146884766f,-0.1731702966271569f,0f,0.9995335908367129f,0.030538513209822656f,-0.47187499999999993f,0.7343225094356854f,0.02072956553429521f,-0.6784841466451791f,0.09526042392338216f,0f,0f,0f,1f], start_interpolation: 0, interpolation_duration: 1 }
$data merge entity $(bone_downbody) { transformation: [-0.6788007455329418f,0f,-0.7343225094356854f,0f,0f,1f,0f,-0.95f,0.7343225094356854f,0f,-0.6788007455329418f,0f,0f,0f,0f,1f], start_interpolation: 0, interpolation_duration: 1 }