# This file was generated by Animated Java via MC-Build. It is not recommended to edit this file directly.
$data merge entity $(bone_llegdown) { transformation: [-0.9103107781974943f,-0.13445343912911312f,-0.39147996092242854f,0.38115736455801125f,-0.28783589281690947f,0.8852908163169189f,0.36525425302276193f,-1.442098464090862f,0.2974639237012867f,0.44517686738113105f,-0.8445902976265817f,0.3440183730978962f,0f,0f,0f,1f], start_interpolation: 0, interpolation_duration: 1 }
$data merge entity $(bone_lleg) { transformation: [-0.9103107781974943f,-0.40985178329281796f,-0.057929291633588315f,0.125f,-0.28783589281690947f,0.7273575425453793f,-0.6229779322806219f,-0.9875f,0.2974639237012867f,-0.5504293969566338f,-0.7800914645489921f,1.5308084989341915e-17f,0f,0f,0f,1f], start_interpolation: 0, interpolation_duration: 1 }
$data merge entity $(bone_rlegdown) { transformation: [-0.9443596987068312f,0.1805043099893515f,0.27495991259383806f,-0.3247091904630325f,0.3279066356158606f,0.5820581645064424f,0.744100484780435f,-1.5707285646946336f,-0.025729317469186858f,0.7928596894827351f,-0.6088608338659258f,-0.10288673660311108f,0f,0f,0f,1f], start_interpolation: 0, interpolation_duration: 1 }
$data merge entity $(bone_rleg) { transformation: [-0.9443596987068312f,0.31953470474085194f,0.07798930647543646f,-0.125f,0.3279066356158606f,0.9331657035114136f,0.14723793026640866f,-0.9875f,-0.025729317469186858f,0.1646187785649777f,-0.9860216326056669f,-1.5308084989341915e-17f,0f,0f,0f,1f], start_interpolation: 0, interpolation_duration: 1 }
$data merge entity $(bone_head) { transformation: [-0.9192229530995515f,-0.12208055240505308f,-0.3743334091681063f,0.010557055266916804f,-0.1353254110633554f,0.9907585432827187f,0.009194674156221546f,-0.13990965841174546f,0.3697515322692709f,0.059108778001091294f,-0.9272485949020057f,0.007670149621918032f,0f,0f,0f,1f], start_interpolation: 0, interpolation_duration: 1 }
$data merge entity $(bone_lknife) { transformation: [-0.008328139179734621f,-0.47787481904447243f,-0.8783884672632125f,0.678165314995482f,-0.9987557768444737f,-0.03921689752086951f,0.03080475886335576f,-0.10254247390055035f,-0.04916848907170982f,0.8775521023119084f,-0.47695363234842325f,-1.0402624310749509f,0f,0f,0f,1f], start_interpolation: 0, interpolation_duration: 1 }
$data merge entity $(bone_larmdown) { transformation: [-0.008328139179734621f,-0.47787481904447243f,-0.8783884672632125f,0.4093607292829663f,-0.9987557768444737f,-0.03921689752086951f,0.03080475886335576f,-0.12460197875603946f,-0.04916848907170982f,0.8775521023119084f,-0.47695363234842325f,-0.5466393735245024f,0f,0f,0f,1f], start_interpolation: 0, interpolation_duration: 1 }
$data merge entity $(bone_larm) { transformation: [-0.008328139179734621f,-0.5813614383689059f,-0.8136028024014175f,0.15397408259910317f,-0.9987557768444737f,-0.03517042497722007f,0.03535448241331799f,-0.26483351178913245f,-0.04916848907170982f,0.812884936005434f,-0.5803451908113365f,-0.19714827515608874f,0f,0f,0f,1f], start_interpolation: 0, interpolation_duration: 1 }
$data merge entity $(bone_rknife) { transformation: [-0.7491489673370232f,-0.16363022974344993f,-0.6418730191026706f,-0.40690896782656305f,0.3114492896032539f,0.7682062543638644f,-0.559337546354498f,-0.9461903873058184f,0.5846153989962117f,-0.618938041059319f,-0.5245384033473172f,0.49255915176252596f,0f,0f,0f,1f], start_interpolation: 0, interpolation_duration: 1 }
$data merge entity $(bone_rarmdown) { transformation: [-0.7491489673370232f,-0.16363022974344993f,-0.6418730191026706f,-0.5390680357511706f,0.3114492896032539f,0.7682062543638644f,-0.559337546354498f,-0.5490329658733009f,0.5846153989962117f,-0.618938041059319f,-0.5245384033473172f,0.11162285345745168f,0f,0f,0f,1f], start_interpolation: 0, interpolation_duration: 1 }
$data merge entity $(bone_rarm) { transformation: [-0.5810005771579134f,0.6308380796954124f,-0.5142777912260803f,-0.19045130373968855f,0.104421811468159f,0.6844191978550737f,0.7215722049089236f,-0.2626522932452261f,0.8071768174519629f,0.36553204895552194f,-0.4635212039966438f,0.17064602269399717f,0f,0f,0f,1f], start_interpolation: 0, interpolation_duration: 1 }
$data merge entity $(bone_upperbody) { transformation: [-0.5877852522924732f,0.028234285927455714f,-0.8085241630808817f,-0.16077329695327292f,0f,0.9993908270190958f,0.03489949670250097f,-0.5125000000000001f,0.8090169943749472f,0.02051340947415987f,-0.5874271893982027f,0.114954108177023f,0f,0f,0f,1f], start_interpolation: 0, interpolation_duration: 1 }
$data merge entity $(bone_downbody) { transformation: [-0.5877852522924732f,0f,-0.8090169943749472f,0f,0f,1f,0f,-0.9875f,0.8090169943749472f,0f,-0.5877852522924732f,0f,0f,0f,0f,1f], start_interpolation: 0, interpolation_duration: 1 }