# This file was generated by Animated Java via MC-Build. It is not recommended to edit this file directly.
$data merge entity $(bone_llegdown) { transformation: [-0.8891430696372185f,-0.12356936905802773f,-0.4406304718771788f,0.41029186709983f,-0.3135971983410511f,0.8657644477135436f,0.3900111771063829f,-1.4372659039435973f,0.33328876204988933f,0.4849562166895726f,-0.8085394665601602f,0.3731894626222203f,0f,0f,0f,1f], start_interpolation: 0, interpolation_duration: 1 }
$data merge entity $(bone_lleg) { transformation: [-0.8891430696372185f,-0.456466987359728f,-0.032595876531215144f,0.125f,-0.3135971983410511f,0.6596254463097557f,-0.6830454360972621f,-1.025f,0.33328876204988933f,-0.5971031401955524f,-0.7296481625138671f,1.5308084989341915e-17f,0f,0f,0f,1f], start_interpolation: 0, interpolation_duration: 1 }
$data merge entity $(bone_rlegdown) { transformation: [-0.9317475938332656f,0.16492154518592717f,0.3234923574358539f,-0.34396417493207687f,0.3619511425182266f,0.49286648006965506f,0.7912483827809689f,-1.5981771612344433f,-0.02894463362474067f,0.8543322051504523f,-0.5189206985918899f,-0.11894381839986372f,0f,0f,0f,1f], start_interpolation: 0, interpolation_duration: 1 }
$data merge entity $(bone_rleg) { transformation: [-0.9317475938332656f,0.35034267989132295f,0.09542760623889761f,-0.125f,0.3619511425182266f,0.9170834579751095f,0.16718044604009813f,-1.025f,-0.02894463362474067f,0.19031010943978194f,-0.9812972385721606f,-1.5308084989341915e-17f,0f,0f,0f,1f], start_interpolation: 0, interpolation_duration: 1 }
$data merge entity $(bone_head) { transformation: [-0.9003334678807113f,-0.12057848456402226f,-0.41816321654843813f,0.012803220757977435f,-0.1420976985108215f,0.9896386561549173f,0.020580921306318084f,-0.18086784989467058f,0.4113488673763667f,0.07794972292531269f,-0.9081387283912339f,0.0071701481396012345f,0f,0f,0f,1f], start_interpolation: 0, interpolation_duration: 1 }
$data merge entity $(bone_lknife) { transformation: [0.06986496552409542f,-0.3465092124210528f,-0.9354412072918632f,0.5272795166907424f,-0.9764644510502767f,-0.21556729274647357f,0.006922292469810312f,0.030370306952809137f,-0.20404916669126186f,0.9129414592433064f,-0.3534145293664422f,-1.073545747624613f,0f,0f,0f,1f], start_interpolation: 0, interpolation_duration: 1 }
$data merge entity $(bone_larmdown) { transformation: [0.06986496552409542f,-0.3465092124210528f,-0.9354412072918632f,0.3323680847039001f,-0.9764644510502767f,-0.21556729274647357f,0.006922292469810312f,-0.09088629521708225f,-0.20404916669126186f,0.9129414592433064f,-0.3534145293664422f,-0.5600161768002532f,0f,0f,0f,1f], start_interpolation: 0, interpolation_duration: 1 }
$data merge entity $(bone_larm) { transformation: [0.06986496552409542f,-0.4809701218816477f,-0.8739488706151349f,0.13067677707119113f,-0.9764644510502767f,-0.21217629217461503f,0.038709131663133785f,-0.3057714794247609f,-0.20404916669126186f,0.8506755920421045f,-0.48447391537255785f,-0.2133517511182402f,0f,0f,0f,1f], start_interpolation: 0, interpolation_duration: 1 }
$data merge entity $(bone_rknife) { transformation: [-0.6726384963238549f,-0.25357688508685244f,-0.6951663229852502f,-0.35643021006128506f,0.35507813455179665f,0.7136175617370798f,-0.6038787079734158f,-0.9230618691437145f,0.6492125781486368f,-0.6530304272620648f,-0.38996703635503016f,0.5482171751774717f,0f,0f,0f,1f], start_interpolation: 0, interpolation_duration: 1 }
$data merge entity $(bone_rarmdown) { transformation: [-0.6726384963238549f,-0.25357688508685244f,-0.6951663229852502f,-0.5425151031092177f,0.35507813455179665f,0.7136175617370798f,-0.6038787079734158f,-0.5593944099149455f,0.6492125781486368f,-0.6530304272620648f,-0.38996703635503016f,0.1565146200703708f,0f,0f,0f,1f], start_interpolation: 0, interpolation_duration: 1 }
$data merge entity $(bone_rarm) { transformation: [-0.48275781688331076f,0.7178230246961499f,-0.5016721992039528f,-0.16812280269423835f,0.09574871561899721f,0.6126748764057168f,0.7845136578024324f,-0.3033177409398191f,0.8705039194026482f,0.3306956320203068f,-0.3645042184492762f,0.192380969153924f,0f,0f,0f,1f], start_interpolation: 0, interpolation_duration: 1 }
$data merge entity $(bone_upperbody) { transformation: [-0.4886212414969552f,0.034254032488201025f,-0.8718233442712299f,-0.1461474832227289f,0f,0.9992290362407229f,0.0392598157590686f,-0.5531249999999999f,0.872496007072797f,0.019183179917137826f,-0.48824453222774805f,0.13305417373258974f,0f,0f,0f,1f], start_interpolation: 0, interpolation_duration: 1 }
$data merge entity $(bone_downbody) { transformation: [-0.4886212414969552f,0f,-0.872496007072797f,0f,0f,1f,0f,-1.025f,0.872496007072797f,0f,-0.4886212414969552f,0f,0f,0f,0f,1f], start_interpolation: 0, interpolation_duration: 1 }