# This file was generated by Animated Java via MC-Build. It is not recommended to edit this file directly.
$data merge entity $(bone_rear_body) {transformation: [-1.1704f,-0.0584f,0f,0f,-0.0584f,1.1704f,0f,-0.5859f,0f,0f,-1.1719f,0.3516f,0f,0f,0f,1f],start_interpolation: 0,interpolation_duration: 1}
$data merge entity $(bone_head) {transformation: [-0.9837f,0.1693f,-0.0604f,-0.0004f,0.1798f,0.9265f,-0.3307f,-0.6025f,0f,-0.3362f,-0.9418f,0.8863f,0f,0f,0f,1f],start_interpolation: 0,interpolation_duration: 1}
$data merge entity $(bone_front_body) {transformation: [-0.9997f,0.0249f,0f,0f,0.0249f,0.9997f,0f,-0.5859f,0f,0f,-1f,0.3516f,0f,0f,0f,1f],start_interpolation: 0,interpolation_duration: 1}
$data merge entity $(bone_front_leg_left_under) {transformation: [-1f,0f,0f,0.6006f,0f,0.9239f,-0.3827f,-1.2293f,0f,-0.3827f,-0.9239f,0.3819f,0f,0f,0f,1f],start_interpolation: 0,interpolation_duration: 1}
$data merge entity $(bone_front_leg_left) {transformation: [-1f,0f,0f,0.5625f,0f,0.9397f,0.342f,-0.5625f,0f,0.342f,-0.9397f,0.4688f,0f,0f,0f,1f],start_interpolation: 0,interpolation_duration: 1}