# This file was generated by Animated Java via MC-Build. It is not recommended to edit this file directly.
$data merge entity $(bone_head) {transformation: [-0.973f,0.185f,-0.1378f,0f,0.2221f,0.9126f,-0.3433f,-0.6025f,0.0623f,-0.3646f,-0.9291f,0.8863f,0f,0f,0f,1f],start_interpolation: 0,interpolation_duration: 1}
$data merge entity $(bone_front_leg_left_under) {transformation: [-1f,0f,0f,0.6006f,0f,0.7373f,-0.6756f,-1.2343f,0f,-0.6756f,-0.7373f,0.4404f,0f,0f,0f,1f],start_interpolation: 0,interpolation_duration: 1}
$data merge entity $(bone_front_leg_left) {transformation: [-1f,0f,0f,0.5625f,0f,0.9659f,0.2588f,-0.5625f,0f,0.2588f,-0.9659f,0.4688f,0f,0f,0f,1f],start_interpolation: 0,interpolation_duration: 1}