# This file was generated by Animated Java via MC-Build. It is not recommended to edit this file directly.
$data merge entity $(bone_head) {transformation: [-0.9749f,0.1395f,-0.1733f,0f,0.1845f,0.9423f,-0.2793f,-0.6025f,0.1243f,-0.3043f,-0.9444f,0.8863f,0f,0f,0f,1f],start_interpolation: 0,interpolation_duration: 1}
$data merge entity $(bone_front_leg_left_under) {transformation: [-1f,0f,0f,0.6006f,0f,0.6088f,-0.7934f,-1.2349f,0f,-0.7934f,-0.6088f,0.4697f,0f,0f,0f,1f],start_interpolation: 0,interpolation_duration: 1}
$data merge entity $(bone_front_leg_left) {transformation: [-1f,0f,0f,0.5625f,0f,0.9763f,0.2164f,-0.5625f,0f,0.2164f,-0.9763f,0.4688f,0f,0f,0f,1f],start_interpolation: 0,interpolation_duration: 1}