# This file was generated by Animated Java via MC-Build. It is not recommended to edit this file directly.
$data merge entity $(bone_head) {transformation: [-0.963f,0.0644f,-0.2617f,0f,0.1085f,0.9815f,-0.1576f,-0.6025f,0.2468f,-0.1802f,-0.9522f,0.8863f,0f,0f,0f,1f],start_interpolation: 0,interpolation_duration: 1}
$data merge entity $(bone_front_leg_left_under) {transformation: [-1f,0f,0f,0.6006f,0f,0.8526f,-0.5225f,-1.2323f,0f,-0.5225f,-0.8526f,0.5283f,0f,0f,0f,1f],start_interpolation: 0,interpolation_duration: 1}
$data merge entity $(bone_front_leg_left) {transformation: [-1f,0f,0f,0.5625f,0f,0.9914f,0.1305f,-0.5625f,0f,0.1305f,-0.9914f,0.4688f,0f,0f,0f,1f],start_interpolation: 0,interpolation_duration: 1}