# This file was generated by Animated Java via MC-Build. It is not recommended to edit this file directly.
$data merge entity $(bone_rear_body) {transformation: [-1.1319f,0.3033f,0f,0f,0.3033f,1.1319f,0f,-0.5859f,0f,0f,-1.1719f,0.3516f,0f,0f,0f,1f],start_interpolation: 0,interpolation_duration: 1}
$data merge entity $(bone_head) {transformation: [-0.9659f,0.2468f,-0.0778f,0.005f,0.2588f,0.9212f,-0.2905f,-0.6017f,0f,-0.3007f,-0.9537f,0.8863f,0f,0f,0f,1f],start_interpolation: 0,interpolation_duration: 1}
$data merge entity $(bone_front_body) {transformation: [-0.9537f,-0.3007f,0f,0f,-0.3007f,0.9537f,0f,-0.5859f,0f,0f,-1f,0.3516f,0f,0f,0f,1f],start_interpolation: 0,interpolation_duration: 1}
$data merge entity $(bone_front_leg_left_under) {transformation: [-1f,0f,0f,0.6006f,0f,1f,0f,-1.2249f,0f,0f,-1f,0.3529f,0f,0f,0f,1f],start_interpolation: 0,interpolation_duration: 1}
$data merge entity $(bone_front_leg_left) {transformation: [-1f,0f,0f,0.5625f,0f,0.9239f,0.3827f,-0.5625f,0f,0.3827f,-0.9239f,0.4688f,0f,0f,0f,1f],start_interpolation: 0,interpolation_duration: 1}