# This file was generated by Animated Java via MC-Build. It is not recommended to edit this file directly.
$data merge entity $(bone_rear_body) {transformation: [-1.1198f,-0.3454f,0f,0f,-0.3454f,1.1198f,0f,-0.5859f,0f,0f,-1.1719f,0.3516f,0f,0f,0f,1f],start_interpolation: 0,interpolation_duration: 1}
$data merge entity $(bone_head) {transformation: [-0.9749f,-0.2208f,-0.0277f,-0.0025f,-0.2225f,0.9674f,0.1212f,-0.6023f,0f,0.1243f,-0.9922f,0.8863f,0f,0f,0f,1f],start_interpolation: 0,interpolation_duration: 1}
$data merge entity $(bone_front_body) {transformation: [-0.9888f,0.149f,0f,0f,0.149f,0.9888f,0f,-0.5859f,0f,0f,-1f,0.3516f,0f,0f,0f,1f],start_interpolation: 0,interpolation_duration: 1}
$data merge entity $(bone_front_leg_left_under) {transformation: [-1f,0f,0f,0.6006f,0f,0.9998f,-0.0175f,-1.1947f,0f,-0.0175f,-0.9998f,0.2397f,0f,0f,0f,1f],start_interpolation: 0,interpolation_duration: 1}
$data merge entity $(bone_front_leg_left) {transformation: [-1f,0f,0f,0.5625f,0f,0.8434f,0.5373f,-0.5625f,0f,0.5373f,-0.8434f,0.4688f,0f,0f,0f,1f],start_interpolation: 0,interpolation_duration: 1}