# This file was generated by Animated Java via MC-Build. It is not recommended to edit this file directly.
$data merge entity $(bone_rear_body) {transformation: [-1.1356f,-0.2892f,0f,0f,-0.2892f,1.1356f,0f,-0.5859f,0f,0f,-1.1719f,0.3516f,0f,0f,0f,1f],start_interpolation: 0,interpolation_duration: 1}
$data merge entity $(bone_head) {transformation: [-0.9897f,-0.1428f,-0.0045f,-0.0021f,-0.1429f,0.9893f,0.0308f,-0.6023f,0f,0.0312f,-0.9995f,0.8863f,0f,0f,0f,1f],start_interpolation: 0,interpolation_duration: 1}
$data merge entity $(bone_front_body) {transformation: [-0.9922f,0.1243f,0f,0f,0.1243f,0.9922f,0f,-0.5859f,0f,0f,-1f,0.3516f,0f,0f,0f,1f],start_interpolation: 0,interpolation_duration: 1}
$data merge entity $(bone_front_leg_left_under) {transformation: [-1f,0f,0f,0.6006f,0f,0.9997f,-0.0262f,-1.2041f,0f,-0.0262f,-0.9997f,0.2675f,0f,0f,0f,1f],start_interpolation: 0,interpolation_duration: 1}
$data merge entity $(bone_front_leg_left) {transformation: [-1f,0f,0f,0.5625f,0f,0.866f,0.5f,-0.5625f,0f,0.5f,-0.866f,0.4688f,0f,0f,0f,1f],start_interpolation: 0,interpolation_duration: 1}