# This file was generated by Animated Java via MC-Build. It is not recommended to edit this file directly.
$data merge entity $(bone_rear_body) {transformation: [-1.1486f,-0.2322f,0f,0f,-0.2322f,1.1486f,0f,-0.5859f,0f,0f,-1.1719f,0.3516f,0f,0f,0f,1f],start_interpolation: 0,interpolation_duration: 1}
$data merge entity $(bone_head) {transformation: [-0.9981f,-0.0622f,0.0039f,-0.0016f,-0.0623f,0.9961f,-0.0622f,-0.6024f,0f,-0.0623f,-0.9981f,0.8863f,0f,0f,0f,1f],start_interpolation: 0,interpolation_duration: 1}
$data merge entity $(bone_front_body) {transformation: [-0.995f,0.0996f,0f,0f,0.0996f,0.995f,0f,-0.5859f,0f,0f,-1f,0.3516f,0f,0f,0f,1f],start_interpolation: 0,interpolation_duration: 1}
$data merge entity $(bone_front_leg_left_under) {transformation: [-1f,0f,0f,0.6006f,0f,0.9994f,-0.0349f,-1.2122f,0f,-0.0349f,-0.9994f,0.2957f,0f,0f,0f,1f],start_interpolation: 0,interpolation_duration: 1}
$data merge entity $(bone_front_leg_left) {transformation: [-1f,0f,0f,0.5625f,0f,0.887f,0.4617f,-0.5625f,0f,0.4617f,-0.887f,0.4688f,0f,0f,0f,1f],start_interpolation: 0,interpolation_duration: 1}