# This file was generated by Animated Java via MC-Build. It is not recommended to edit this file directly.
$data merge entity $(bone_rear_body) {transformation: [-1.1719f,0f,0f,0f,0f,1.1649f,-0.1276f,-0.4944f,0f,-0.1276f,-1.1649f,0.3313f,0f,0f,0f,1f],start_interpolation: 0,interpolation_duration: 1}
$data merge entity $(bone_head) {transformation: [-1f,0f,0f,0f,0f,0.932f,0.3624f,-0.6657f,0f,0.3624f,-0.932f,0.886f,0f,0f,0f,1f],start_interpolation: 0,interpolation_duration: 1}
$data merge entity $(bone_front_body) {transformation: [-1f,0f,0f,0f,0f,0.9848f,0.1736f,-0.5566f,0f,0.1736f,-0.9848f,0.3623f,0f,0f,0f,1f],start_interpolation: 0,interpolation_duration: 1}
$data merge entity $(bone_front_leg_left_under) {transformation: [-1f,0f,0f,0.6006f,0f,0.9659f,-0.2588f,-1.1585f,0f,-0.2588f,-0.9659f,0.7801f,0f,0f,0f,1f],start_interpolation: 0,interpolation_duration: 1}
$data merge entity $(bone_front_leg_left) {transformation: [-1f,0f,0f,0.5625f,0f,0.9659f,-0.2588f,-0.5625f,0f,-0.2588f,-0.9659f,0.4688f,0f,0f,0f,1f],start_interpolation: 0,interpolation_duration: 1}
$data merge entity $(bone_rear_leg_right_under) {transformation: [-1f,0f,0f,0.4688f,0f,0.7373f,0.6756f,-1.1626f,0f,0.6756f,-0.7373f,-1.2626f,0f,0f,0f,1f],start_interpolation: 0,interpolation_duration: 1}
$data merge entity $(bone_rear_leg_right) {transformation: [-1f,0f,0f,0.4688f,0f,0.9763f,0.2164f,-0.5625f,0f,0.2164f,-0.9763f,-0.9375f,0f,0f,0f,1f],start_interpolation: 0,interpolation_duration: 1}
$data merge entity $(bone_front_leg_right_under) {transformation: [-1f,0f,0f,-0.5625f,0f,0.96f,-0.2798f,-1.1721f,0f,-0.2798f,-0.96f,0.7292f,0f,0f,0f,1f],start_interpolation: 0,interpolation_duration: 1}
$data merge entity $(bone_front_leg_right) {transformation: [-1f,0f,0f,-0.5625f,0f,0.9659f,-0.2588f,-0.5625f,0f,-0.2588f,-0.9659f,0.4687f,0f,0f,0f,1f],start_interpolation: 0,interpolation_duration: 1}
$data merge entity $(bone_right_leg_left_under) {transformation: [-1f,0f,0f,-0.5625f,0f,0.7071f,0.7071f,-1.1479f,0f,0.7071f,-0.7071f,-1.2885f,0f,0f,0f,1f],start_interpolation: 0,interpolation_duration: 1}
$data merge entity $(bone_right_leg_left) {transformation: [-1f,0f,0f,-0.4687f,0f,0.9659f,0.2588f,-0.5625f,0f,0.2588f,-0.9659f,-0.9375f,0f,0f,0f,1f],start_interpolation: 0,interpolation_duration: 1}
$data merge entity $(bone_tale) {transformation: [-1f,0f,0f,0f,0f,0.9239f,-0.3827f,-0.2578f,0f,-0.3827f,-0.9239f,-1.3828f,0f,0f,0f,1f],start_interpolation: 0,interpolation_duration: 1}