# This file was generated by Animated Java via MC-Build. It is not recommended to edit this file directly.
$data merge entity $(bone_rear_body) {transformation: [-1.1719f,0f,0f,0f,0f,1.1701f,-0.0639f,-0.5277f,0f,-0.0639f,-1.1701f,0.3414f,0f,0f,0f,1f],start_interpolation: 0,interpolation_duration: 1}
$data merge entity $(bone_head) {transformation: [-1f,0f,0f,0f,0f,0.9829f,0.1844f,-0.6218f,0f,0.1844f,-0.9829f,0.8882f,0f,0f,0f,1f],start_interpolation: 0,interpolation_duration: 1}
$data merge entity $(bone_front_body) {transformation: [-1f,0f,0f,0f,0f,0.9962f,0.0872f,-0.5588f,0f,0.0872f,-0.9962f,0.3569f,0f,0f,0f,1f],start_interpolation: 0,interpolation_duration: 1}
$data merge entity $(bone_front_leg_left_under) {transformation: [-1f,0f,0f,0.6006f,0f,0.9659f,0.2588f,-1.2218f,0f,0.2588f,-0.9659f,0.4404f,0f,0f,0f,1f],start_interpolation: 0,interpolation_duration: 1}
$data merge entity $(bone_front_leg_left) {transformation: [-1f,0f,0f,0.5625f,0f,0.9659f,0.2588f,-0.55f,0f,0.2588f,-0.9659f,0.4688f,0f,0f,0f,1f],start_interpolation: 0,interpolation_duration: 1}
$data merge entity $(bone_rear_leg_right_under) {transformation: [-1f,0f,0f,0.4688f,0f,0.9998f,-0.0218f,-1.2325f,0f,-0.0218f,-0.9998f,-0.9339f,0f,0f,0f,1f],start_interpolation: 0,interpolation_duration: 1}
$data merge entity $(bone_rear_leg_right) {transformation: [-1f,0f,0f,0.4688f,0f,0.96f,-0.2798f,-0.55f,0f,-0.2798f,-0.96f,-0.9375f,0f,0f,0f,1f],start_interpolation: 0,interpolation_duration: 1}
$data merge entity $(bone_front_leg_right_under) {transformation: [-1f,0f,0f,-0.5625f,0f,0.9659f,0.2588f,-1.2082f,0f,0.2588f,-0.9659f,0.3895f,0f,0f,0f,1f],start_interpolation: 0,interpolation_duration: 1}
$data merge entity $(bone_front_leg_right) {transformation: [-1f,0f,0f,-0.5625f,0f,0.9659f,0.2588f,-0.55f,0f,0.2588f,-0.9659f,0.4687f,0f,0f,0f,1f],start_interpolation: 0,interpolation_duration: 1}
$data merge entity $(bone_right_leg_left_under) {transformation: [-1f,0f,0f,-0.5625f,0f,1f,0f,-1.2324f,0f,0f,-1f,-0.9488f,0f,0f,0f,1f],start_interpolation: 0,interpolation_duration: 1}
$data merge entity $(bone_right_leg_left) {transformation: [-1f,0f,0f,-0.4687f,0f,0.9659f,-0.2588f,-0.55f,0f,-0.2588f,-0.9659f,-0.9375f,0f,0f,0f,1f],start_interpolation: 0,interpolation_duration: 1}
$data merge entity $(bone_tale) {transformation: [-1f,0f,0f,0f,0f,0.9808f,-0.1951f,-0.2453f,0f,-0.1951f,-0.9808f,-1.3828f,0f,0f,0f,1f],start_interpolation: 0,interpolation_duration: 1}