# This file was generated by Animated Java via MC-Build. It is not recommended to edit this file directly.
$data merge entity $(bone_rear_body) {transformation: [-1.1719f,0f,0f,0f,0f,1.1441f,-0.2536f,-0.5279f,0f,-0.2536f,-1.1441f,0.311f,0f,0f,0f,1f],start_interpolation: 0,interpolation_duration: 1}
$data merge entity $(bone_head) {transformation: [-1f,0f,0f,0f,0f,0.7373f,0.6756f,-0.8506f,0f,0.6756f,-0.7373f,0.8698f,0f,0f,0f,1f],start_interpolation: 0,interpolation_duration: 1}
$data merge entity $(bone_front_body) {transformation: [-1f,0f,0f,0f,0f,0.9397f,0.342f,-0.6522f,0f,0.342f,-0.9397f,0.3729f,0f,0f,0f,1f],start_interpolation: 0,interpolation_duration: 1}
$data merge entity $(bone_front_leg_left_under) {transformation: [-1f,0f,0f,0.6006f,0f,0.866f,-0.5f,-1.1826f,0f,-0.5f,-0.866f,0.9237f,0f,0f,0f,1f],start_interpolation: 0,interpolation_duration: 1}
$data merge entity $(bone_front_leg_left) {transformation: [-1f,0f,0f,0.5625f,0f,0.866f,-0.5f,-0.6875f,0f,-0.5f,-0.866f,0.4688f,0f,0f,0f,1f],start_interpolation: 0,interpolation_duration: 1}
$data merge entity $(bone_rear_leg_right_under) {transformation: [-1f,0f,0f,0.4688f,0f,0.0872f,0.9962f,-1.203f,0f,0.9962f,-0.0872f,-1.3848f,0f,0f,0f,1f],start_interpolation: 0,interpolation_duration: 1}
$data merge entity $(bone_rear_leg_right) {transformation: [-1f,0f,0f,0.4688f,0f,0.9063f,0.4226f,-0.6875f,0f,0.4226f,-0.9063f,-0.9375f,0f,0f,0f,1f],start_interpolation: 0,interpolation_duration: 1}
$data merge entity $(bone_front_leg_right_under) {transformation: [-1f,0f,0f,-0.5625f,0f,0.866f,-0.5f,-1.209f,0f,-0.5f,-0.866f,0.8781f,0f,0f,0f,1f],start_interpolation: 0,interpolation_duration: 1}
$data merge entity $(bone_front_leg_right) {transformation: [-1f,0f,0f,-0.5625f,0f,0.866f,-0.5f,-0.6875f,0f,-0.5f,-0.866f,0.4687f,0f,0f,0f,1f],start_interpolation: 0,interpolation_duration: 1}
$data merge entity $(bone_right_leg_left_under) {transformation: [-1f,0f,0f,-0.5625f,0f,0f,1f,-1.1621f,0f,1f,0f,-1.428f,0f,0f,0f,1f],start_interpolation: 0,interpolation_duration: 1}
$data merge entity $(bone_right_leg_left) {transformation: [-1f,0f,0f,-0.4687f,0f,0.866f,0.5f,-0.6875f,0f,0.5f,-0.866f,-0.9375f,0f,0f,0f,1f],start_interpolation: 0,interpolation_duration: 1}
$data merge entity $(bone_tale) {transformation: [-1f,0f,0f,0f,0f,0.7071f,-0.7071f,-0.3828f,0f,-0.7071f,-0.7071f,-1.3828f,0f,0f,0f,1f],start_interpolation: 0,interpolation_duration: 1}