# This file was generated by Animated Java via MC-Build. It is not recommended to edit this file directly.
$data merge entity $(bone_rear_body) {transformation: [-1.1719f,0f,0f,0f,0f,1.1562f,-0.1909f,-0.5111f,0f,-0.1909f,-1.1562f,0.3211f,0f,0f,0f,1f],start_interpolation: 0,interpolation_duration: 1}
$data merge entity $(bone_head) {transformation: [-1f,0f,0f,0f,0f,0.8492f,0.5281f,-0.7588f,0f,0.5281f,-0.8492f,0.8799f,0f,0f,0f,1f],start_interpolation: 0,interpolation_duration: 1}
$data merge entity $(bone_front_body) {transformation: [-1f,0f,0f,0f,0f,0.9659f,0.2588f,-0.6044f,0f,0.2588f,-0.9659f,0.3676f,0f,0f,0f,1f],start_interpolation: 0,interpolation_duration: 1}
$data merge entity $(bone_front_leg_left_under) {transformation: [-1f,0f,0f,0.6006f,0f,0.9239f,-0.3827f,-1.1752f,0f,-0.3827f,-0.9239f,0.8552f,0f,0f,0f,1f],start_interpolation: 0,interpolation_duration: 1}
$data merge entity $(bone_front_leg_left) {transformation: [-1f,0f,0f,0.5625f,0f,0.9239f,-0.3827f,-0.625f,0f,-0.3827f,-0.9239f,0.4688f,0f,0f,0f,1f],start_interpolation: 0,interpolation_duration: 1}
$data merge entity $(bone_rear_leg_right_under) {transformation: [-1f,0f,0f,0.4688f,0f,0.4423f,0.8969f,-1.1862f,0f,0.8969f,-0.4423f,-1.326f,0f,0f,0f,1f],start_interpolation: 0,interpolation_duration: 1}
$data merge entity $(bone_rear_leg_right) {transformation: [-1f,0f,0f,0.4688f,0f,0.9469f,0.3214f,-0.625f,0f,0.3214f,-0.9469f,-0.9375f,0f,0f,0f,1f],start_interpolation: 0,interpolation_duration: 1}
$data merge entity $(bone_front_leg_right_under) {transformation: [-1f,0f,0f,-0.5625f,0f,0.9197f,-0.3927f,-1.1954f,0f,-0.3927f,-0.9197f,0.8065f,0f,0f,0f,1f],start_interpolation: 0,interpolation_duration: 1}
$data merge entity $(bone_front_leg_right) {transformation: [-1f,0f,0f,-0.5625f,0f,0.9239f,-0.3827f,-0.625f,0f,-0.3827f,-0.9239f,0.4687f,0f,0f,0f,1f],start_interpolation: 0,interpolation_duration: 1}
$data merge entity $(bone_right_leg_left_under) {transformation: [-1f,0f,0f,-0.5625f,0f,0.3827f,0.9239f,-1.1595f,0f,0.9239f,-0.3827f,-1.3619f,0f,0f,0f,1f],start_interpolation: 0,interpolation_duration: 1}
$data merge entity $(bone_right_leg_left) {transformation: [-1f,0f,0f,-0.4687f,0f,0.9239f,0.3827f,-0.625f,0f,0.3827f,-0.9239f,-0.9375f,0f,0f,0f,1f],start_interpolation: 0,interpolation_duration: 1}
$data merge entity $(bone_tale) {transformation: [-1f,0f,0f,0f,0f,0.8315f,-0.5556f,-0.3203f,0f,-0.5556f,-0.8315f,-1.3828f,0f,0f,0f,1f],start_interpolation: 0,interpolation_duration: 1}