# This file was generated by Animated Java via MC-Build. It is not recommended to edit this file directly.
$data merge entity $(bone_head) {transformation: [-0.9962f,0f,-0.0872f,0.1471f,0f,1f,0f,-0.0182f,0.0872f,0f,-0.9962f,1.0175f,0f,0f,0f,1f],start_interpolation: 0,interpolation_duration: 1}
$data merge entity $(bone_front_leg_left_under) {transformation: [-0.9962f,-0.0144f,-0.086f,1.3021f,0f,0.9863f,-0.165f,-0.859f,0.0872f,-0.1644f,-0.9825f,0.8207f,0f,0f,0f,1f],start_interpolation: 0,interpolation_duration: 1}
$data merge entity $(bone_front_leg_left) {transformation: [-0.9962f,-0.0144f,-0.086f,1.1092f,0f,0.9863f,-0.165f,-0.0159f,0.0872f,-0.1644f,-0.9825f,0.6264f,0f,0f,0f,1f],start_interpolation: 0,interpolation_duration: 1}
$data merge entity $(bone_front_leg_right_under) {transformation: [-0.999f,0.0154f,0.0428f,-1.1627f,-0.0074f,0.8732f,-0.4873f,-0.6971f,-0.0448f,-0.4871f,-0.8722f,1.2905f,0f,0f,0f,1f],start_interpolation: 0,interpolation_duration: 1}
$data merge entity $(bone_front_leg_right) {transformation: [-0.999f,0.0204f,0.0406f,-0.9928f,-0.0074f,0.8086f,-0.5883f,-0.0159f,-0.0448f,-0.588f,-0.8076f,0.8103f,0f,0f,0f,1f],start_interpolation: 0,interpolation_duration: 1}
$data merge entity $(bone_front_body) {transformation: [-2.2726f,-0.0328f,-0.1961f,-0.0625f,0f,2.25f,-0.3765f,0.1254f,0.1988f,-0.3751f,-2.2414f,-0.6609f,0f,0f,0f,1f],start_interpolation: 0,interpolation_duration: 1}