# This file was generated by Animated Java via MC-Build. It is not recommended to edit this file directly.
$data merge entity $(bone_head) {transformation: [-0.8732f,0.2558f,-0.4148f,0.793f,0f,0.8511f,0.525f,-0.2952f,0.4874f,0.4584f,-0.7432f,0.7436f,0f,0f,0f,1f],start_interpolation: 0,interpolation_duration: 1}
$data merge entity $(bone_front_leg_left_under) {transformation: [-0.8732f,0f,-0.4874f,1.6992f,0f,1f,0f,-1.1088f,0.4874f,0f,-0.8732f,-0.0288f,0f,0f,0f,1f],start_interpolation: 0,interpolation_duration: 1}
$data merge entity $(bone_front_leg_left) {transformation: [-0.8732f,0f,-0.4874f,1.5128f,0f,1f,0f,-0.2425f,0.4874f,0f,-0.8732f,-0.0031f,0f,0f,0f,1f],start_interpolation: 0,interpolation_duration: 1}
$data merge entity $(bone_front_leg_right_under) {transformation: [-0.6001f,-0.7924f,-0.1095f,0.109f,-0.7416f,0.6024f,-0.2952f,-0.534f,0.2998f,-0.096f,-0.9492f,1.6932f,0f,0f,0f,1f],start_interpolation: 0,interpolation_duration: 1}
$data merge entity $(bone_front_leg_right) {transformation: [-0.6001f,-0.6306f,0.4921f,-0.3296f,-0.7416f,0.208f,-0.6378f,-0.2425f,0.2998f,-0.7477f,-0.5925f,1.0252f,0f,0f,0f,1f],start_interpolation: 0,interpolation_duration: 1}
$data merge entity $(bone_front_body) {transformation: [-1.992f,0f,-1.1118f,-0.0625f,0f,2.2813f,0f,0.1254f,1.1118f,0f,-1.992f,-0.6609f,0f,0f,0f,1f],start_interpolation: 0,interpolation_duration: 1}