# This file was generated by Animated Java via MC-Build. It is not recommended to edit this file directly.
$data merge entity $(bone_head) {transformation: [-0.8969f,0.211f,-0.3887f,0.7204f,0f,0.8788f,0.4772f,-0.2952f,0.4423f,0.428f,-0.7882f,0.7853f,0f,0f,0f,1f],start_interpolation: 0,interpolation_duration: 1}
$data merge entity $(bone_front_leg_left_under) {transformation: [-0.8969f,0f,-0.4423f,1.6648f,0f,1f,0f,-1.1088f,0.4423f,0f,-0.8969f,0.06f,0f,0f,0f,1f],start_interpolation: 0,interpolation_duration: 1}
$data merge entity $(bone_front_leg_left) {transformation: [-0.8969f,0f,-0.4423f,1.4773f,0f,1f,0f,-0.2425f,0.4423f,0f,-0.8969f,0.0762f,0f,0f,0f,1f],start_interpolation: 0,interpolation_duration: 1}
$data merge entity $(bone_front_leg_right_under) {transformation: [-0.6667f,-0.7352f,-0.1222f,0.015f,-0.6831f,0.6684f,-0.2943f,-0.6092f,0.298f,-0.1127f,-0.9479f,1.6451f,0f,0f,0f,1f],start_interpolation: 0,interpolation_duration: 1}
$data merge entity $(bone_front_leg_right) {transformation: [-0.6667f,-0.6333f,0.3929f,-0.4151f,-0.6831f,0.3085f,-0.662f,-0.2425f,0.298f,-0.7097f,-0.6383f,1.0094f,0f,0f,0f,1f],start_interpolation: 0,interpolation_duration: 1}
$data merge entity $(bone_front_body) {transformation: [-2.046f,0f,-1.009f,-0.0625f,0f,2.2813f,0f,0.1254f,1.009f,0f,-2.046f,-0.6609f,0f,0f,0f,1f],start_interpolation: 0,interpolation_duration: 1}