# This file was generated by Animated Java via MC-Build. It is not recommended to edit this file directly.
$data merge entity $(bone_head) {transformation: [-0.9182f,0.1695f,-0.358f,0.6458f,0f,0.9038f,0.4279f,-0.2952f,0.3961f,0.3929f,-0.8299f,0.8233f,0f,0f,0f,1f],start_interpolation: 0,interpolation_duration: 1}
$data merge entity $(bone_front_leg_left_under) {transformation: [-0.9182f,0f,-0.3961f,1.6258f,0f,1f,0f,-1.1088f,0.3961f,0f,-0.9182f,0.147f,0f,0f,0f,1f],start_interpolation: 0,interpolation_duration: 1}
$data merge entity $(bone_front_leg_left) {transformation: [-0.9182f,0f,-0.3961f,1.4378f,0f,1f,0f,-0.2425f,0.3961f,0f,-0.9182f,0.1536f,0f,0f,0f,1f],start_interpolation: 0,interpolation_duration: 1}
$data merge entity $(bone_front_leg_right_under) {transformation: [-0.7299f,-0.6706f,-0.1324f,-0.0935f,-0.6198f,0.731f,-0.2854f,-0.6894f,0.2881f,-0.1263f,-0.9492f,1.5884f,0f,0f,0f,1f],start_interpolation: 0,interpolation_duration: 1}
$data merge entity $(bone_front_leg_right) {transformation: [-0.7299f,-0.6169f,0.2943f,-0.4996f,-0.6198f,0.4159f,-0.6655f,-0.2425f,0.2881f,-0.6681f,-0.686f,0.9893f,0f,0f,0f,1f],start_interpolation: 0,interpolation_duration: 1}
$data merge entity $(bone_front_body) {transformation: [-2.0947f,0f,-0.9036f,-0.0625f,0f,2.2813f,0f,0.1254f,0.9036f,0f,-2.0947f,-0.6609f,0f,0f,0f,1f],start_interpolation: 0,interpolation_duration: 1}