# This file was generated by Animated Java via MC-Build. It is not recommended to edit this file directly.
$data merge entity $(bone_head) {transformation: [-0.9372f,0.1316f,-0.3231f,0.5694f,0f,0.9261f,0.3773f,-0.2952f,0.3488f,0.3536f,-0.8679f,0.8574f,0f,0f,0f,1f],start_interpolation: 0,interpolation_duration: 1}
$data merge entity $(bone_front_leg_left_under) {transformation: [-0.9372f,0f,-0.3488f,1.5825f,0f,1f,0f,-1.1088f,0.3488f,0f,-0.9372f,0.2318f,0f,0f,0f,1f],start_interpolation: 0,interpolation_duration: 1}
$data merge entity $(bone_front_leg_left) {transformation: [-0.9372f,0f,-0.3488f,1.3944f,0f,1f,0f,-0.2425f,0.3488f,0f,-0.9372f,0.2289f,0f,0f,0f,1f],start_interpolation: 0,interpolation_duration: 1}
$data merge entity $(bone_front_leg_right_under) {transformation: [-0.7886f,-0.5991f,-0.1388f,-0.2163f,-0.5522f,0.7891f,-0.2689f,-0.7709f,0.2706f,-0.1354f,-0.9531f,1.5216f,0f,0f,0f,1f],start_interpolation: 0,interpolation_duration: 1}
$data merge entity $(bone_front_leg_right) {transformation: [-0.7886f,-0.5813f,0.2006f,-0.583f,-0.5522f,0.5258f,-0.647f,-0.2425f,0.2706f,-0.621f,-0.7356f,0.965f,0f,0f,0f,1f],start_interpolation: 0,interpolation_duration: 1}
$data merge entity $(bone_front_body) {transformation: [-2.1379f,0f,-0.7958f,-0.0625f,0f,2.2813f,0f,0.1254f,0.7958f,0f,-2.1379f,-0.6609f,0f,0f,0f,1f],start_interpolation: 0,interpolation_duration: 1}