# This file was generated by Animated Java via MC-Build. It is not recommended to edit this file directly.
$data merge entity $(bone_head) {transformation: [-0.9537f,0.0979f,-0.2843f,0.4913f,0f,0.9455f,0.3256f,-0.2952f,0.3007f,0.3105f,-0.9018f,0.8876f,0f,0f,0f,1f],start_interpolation: 0,interpolation_duration: 1}
$data merge entity $(bone_front_leg_left_under) {transformation: [-0.9537f,0f,-0.3007f,1.535f,0f,1f,0f,-1.1088f,0.3007f,0f,-0.9537f,0.3144f,0f,0f,0f,1f],start_interpolation: 0,interpolation_duration: 1}
$data merge entity $(bone_front_leg_left) {transformation: [-0.9537f,0f,-0.3007f,1.3473f,0f,1f,0f,-0.2425f,0.3007f,0f,-0.9537f,0.3019f,0f,0f,0f,1f],start_interpolation: 0,interpolation_duration: 1}
$data merge entity $(bone_front_leg_right_under) {transformation: [-0.8416f,-0.5215f,-0.1403f,-0.3521f,-0.4807f,0.8418f,-0.2454f,-0.8497f,0.2461f,-0.1391f,-0.9592f,1.4431f,0f,0f,0f,1f],start_interpolation: 0,interpolation_duration: 1}
$data merge entity $(bone_front_leg_right) {transformation: [-0.8416f,-0.5274f,0.1163f,-0.6651f,-0.4807f,0.6334f,-0.6064f,-0.2425f,0.2461f,-0.5663f,-0.7866f,0.9364f,0f,0f,0f,1f],start_interpolation: 0,interpolation_duration: 1}
$data merge entity $(bone_front_body) {transformation: [-2.1757f,0f,-0.686f,-0.0625f,0f,2.2813f,0f,0.1254f,0.686f,0f,-2.1757f,-0.6609f,0f,0f,0f,1f],start_interpolation: 0,interpolation_duration: 1}