# This file was generated by Animated Java via MC-Build. It is not recommended to edit this file directly.
$data merge entity $(bone_head) {transformation: [-0.9678f,0.0687f,-0.2422f,0.4118f,0f,0.9621f,0.2728f,-0.2952f,0.2518f,0.264f,-0.9311f,0.9138f,0f,0f,0f,1f],start_interpolation: 0,interpolation_duration: 1}
$data merge entity $(bone_front_leg_left_under) {transformation: [-0.9678f,0f,-0.2518f,1.4833f,0f,1f,0f,-1.1088f,0.2518f,0f,-0.9678f,0.3944f,0f,0f,0f,1f],start_interpolation: 0,interpolation_duration: 1}
$data merge entity $(bone_front_leg_left) {transformation: [-0.9678f,0f,-0.2518f,1.2965f,0f,1f,0f,-0.2425f,0.2518f,0f,-0.9678f,0.3724f,0f,0f,0f,1f],start_interpolation: 0,interpolation_duration: 1}
$data merge entity $(bone_front_leg_right_under) {transformation: [-0.8882f,-0.4388f,-0.1359f,-0.4989f,-0.4059f,0.8882f,-0.2154f,-0.9222f,0.2152f,-0.1362f,-0.967f,1.3516f,0f,0f,0f,1f],start_interpolation: 0,interpolation_duration: 1}
$data merge entity $(bone_front_leg_right) {transformation: [-0.8882f,-0.4571f,0.0457f,-0.7456f,-0.4059f,0.7342f,-0.5443f,-0.2425f,0.2152f,-0.502f,-0.8377f,0.9036f,0f,0f,0f,1f],start_interpolation: 0,interpolation_duration: 1}
$data merge entity $(bone_front_body) {transformation: [-2.2078f,0f,-0.5744f,-0.0625f,0f,2.2813f,0f,0.1254f,0.5744f,0f,-2.2078f,-0.6609f,0f,0f,0f,1f],start_interpolation: 0,interpolation_duration: 1}