# This file was generated by Animated Java via MC-Build. It is not recommended to edit this file directly.
$data merge entity $(bone_head) {transformation: [-0.9793f,0.0443f,-0.1973f,0.331f,0f,0.9757f,0.2193f,-0.2952f,0.2022f,0.2147f,-0.9555f,0.9359f,0f,0f,0f,1f],start_interpolation: 0,interpolation_duration: 1}
$data merge entity $(bone_front_leg_left_under) {transformation: [-0.9793f,0f,-0.2022f,1.4276f,0f,1f,0f,-1.1088f,0.2022f,0f,-0.9793f,0.4717f,0f,0f,0f,1f],start_interpolation: 0,interpolation_duration: 1}
$data merge entity $(bone_front_leg_left) {transformation: [-0.9793f,0f,-0.2022f,1.2421f,0f,1f,0f,-0.2425f,0.2022f,0f,-0.9793f,0.4402f,0f,0f,0f,1f],start_interpolation: 0,interpolation_duration: 1}
$data merge entity $(bone_front_leg_right_under) {transformation: [-0.9275f,-0.3524f,-0.1247f,-0.6538f,-0.3282f,0.9273f,-0.1798f,-0.9847f,0.179f,-0.1259f,-0.9758f,1.2457f,0f,0f,0f,1f],start_interpolation: 0,interpolation_duration: 1}
$data merge entity $(bone_front_leg_right) {transformation: [-0.9275f,-0.3737f,-0.0075f,-0.8243f,-0.3282f,0.8237f,-0.4624f,-0.2425f,0.179f,-0.4264f,-0.8866f,0.8669f,0f,0f,0f,1f],start_interpolation: 0,interpolation_duration: 1}
$data merge entity $(bone_front_body) {transformation: [-2.2341f,0f,-0.4613f,-0.0625f,0f,2.2813f,0f,0.1254f,0.4613f,0f,-2.2341f,-0.6609f,0f,0f,0f,1f],start_interpolation: 0,interpolation_duration: 1}