# This file was generated by Animated Java via MC-Build. It is not recommended to edit this file directly.
$data merge entity $(bone_head) {transformation: [-0.9884f,0.0251f,-0.15f,0.2493f,0f,0.9863f,0.165f,-0.2952f,0.1521f,0.1631f,-0.9748f,0.9538f,0f,0f,0f,1f],start_interpolation: 0,interpolation_duration: 1}
$data merge entity $(bone_front_leg_left_under) {transformation: [-0.9884f,0f,-0.1521f,1.368f,0f,1f,0f,-1.1088f,0.1521f,0f,-0.9884f,0.546f,0f,0f,0f,1f],start_interpolation: 0,interpolation_duration: 1}
$data merge entity $(bone_front_leg_left) {transformation: [-0.9884f,0f,-0.1521f,1.1844f,0f,1f,0f,-0.2425f,0.1521f,0f,-0.9884f,0.5051f,0f,0f,0f,1f],start_interpolation: 0,interpolation_duration: 1}
$data merge entity $(bone_front_leg_right_under) {transformation: [-0.9588f,-0.2636f,-0.1059f,-0.8129f,-0.2482f,0.9586f,-0.1395f,-1.034f,0.1383f,-0.1075f,-0.9845f,1.1249f,0f,0f,0f,1f],start_interpolation: 0,interpolation_duration: 1}
$data merge entity $(bone_front_leg_right) {transformation: [-0.9588f,-0.2812f,-0.0402f,-0.901f,-0.2482f,0.898f,-0.3633f,-0.2425f,0.1383f,-0.3384f,-0.9308f,0.8261f,0f,0f,0f,1f],start_interpolation: 0,interpolation_duration: 1}
$data merge entity $(bone_front_body) {transformation: [-2.2547f,0f,-0.347f,-0.0625f,0f,2.2813f,0f,0.1254f,0.347f,0f,-2.2547f,-0.6609f,0f,0f,0f,1f],start_interpolation: 0,interpolation_duration: 1}