# This file was generated by Animated Java via MC-Build. It is not recommended to edit this file directly.
$data merge entity $(bone_head) {transformation: [-0.9948f,0.0112f,-0.101f,0.1667f,0f,0.9939f,0.1103f,-0.2952f,0.1016f,0.1097f,-0.9888f,0.9676f,0f,0f,0f,1f],start_interpolation: 0,interpolation_duration: 1}
$data merge entity $(bone_front_leg_left_under) {transformation: [-0.9948f,0f,-0.1016f,1.3048f,0f,1f,0f,-1.1088f,0.1016f,0f,-0.9948f,0.6173f,0f,0f,0f,1f],start_interpolation: 0,interpolation_duration: 1}
$data merge entity $(bone_front_leg_left) {transformation: [-0.9948f,0f,-0.1016f,1.1235f,0f,1f,0f,-0.2425f,0.1016f,0f,-0.9948f,0.5671f,0f,0f,0f,1f],start_interpolation: 0,interpolation_duration: 1}
$data merge entity $(bone_front_leg_right_under) {transformation: [-0.9816f,-0.1741f,-0.079f,-0.972f,-0.1664f,0.9814f,-0.0954f,-1.0674f,0.0941f,-0.0805f,-0.9923f,0.9889f,0f,0f,0f,1f],start_interpolation: 0,interpolation_duration: 1}
$data merge entity $(bone_front_leg_right) {transformation: [-0.9816f,-0.1845f,-0.0502f,-0.9756f,-0.1664f,0.9537f,-0.2505f,-0.2425f,0.0941f,-0.2375f,-0.9668f,0.7815f,0f,0f,0f,1f],start_interpolation: 0,interpolation_duration: 1}
$data merge entity $(bone_front_body) {transformation: [-2.2694f,0f,-0.2319f,-0.0625f,0f,2.2813f,0f,0.1254f,0.2319f,0f,-2.2694f,-0.6609f,0f,0f,0f,1f],start_interpolation: 0,interpolation_duration: 1}