# This file was generated by Animated Java via MC-Build. It is not recommended to edit this file directly.
$data merge entity $(bone_head) {transformation: [-0.9987f,0.0028f,-0.0508f,0.0835f,0f,0.9985f,0.0552f,-0.2952f,0.0509f,0.0552f,-0.9972f,0.9771f,0f,0f,0f,1f],start_interpolation: 0,interpolation_duration: 1}
$data merge entity $(bone_front_leg_left_under) {transformation: [-0.9987f,0f,-0.0509f,1.238f,0f,1f,0f,-1.1088f,0.0509f,0f,-0.9987f,0.6852f,0f,0f,0f,1f],start_interpolation: 0,interpolation_duration: 1}
$data merge entity $(bone_front_leg_left) {transformation: [-0.9987f,0f,-0.0509f,1.0594f,0f,1f,0f,-0.2425f,0.0509f,0f,-0.9987f,0.6258f,0f,0f,0f,1f],start_interpolation: 0,interpolation_duration: 1}
$data merge entity $(bone_front_leg_right_under) {transformation: [-0.9954f,-0.0856f,-0.0437f,-1.1262f,-0.0835f,0.9953f,-0.0485f,-1.0829f,0.0476f,-0.0446f,-0.9979f,0.8385f,0f,0f,0f,1f],start_interpolation: 0,interpolation_duration: 1}
$data merge entity $(bone_front_leg_right) {transformation: [-0.9954f,-0.0888f,-0.0367f,-1.0478f,-0.0835f,0.9883f,-0.1279f,-0.2425f,0.0476f,-0.1242f,-0.9911f,0.7332f,0f,0f,0f,1f],start_interpolation: 0,interpolation_duration: 1}
$data merge entity $(bone_front_body) {transformation: [-2.2783f,0f,-0.1161f,-0.0625f,0f,2.2813f,0f,0.1254f,0.1161f,0f,-2.2783f,-0.6609f,0f,0f,0f,1f],start_interpolation: 0,interpolation_duration: 1}