# This file was generated by Animated Java via MC-Build. It is not recommended to edit this file directly.
$data merge entity $(bone_head) {transformation: [-0.9848f,0f,-0.1736f,0.2927f,0f,1f,0f,0.2627f,0.1736f,0f,-0.9848f,0.9933f,0f,0f,0f,1f],start_interpolation: 0,interpolation_duration: 1}
$data merge entity $(bone_front_leg_left_under) {transformation: [-0.9848f,-0.0565f,-0.1642f,1.4505f,0f,0.9455f,-0.3256f,-0.5823f,0.1736f,-0.3206f,-0.9312f,0.8346f,0f,0f,0f,1f],start_interpolation: 0,interpolation_duration: 1}
$data merge entity $(bone_front_leg_left) {transformation: [-0.9848f,-0.0565f,-0.1642f,1.2176f,0f,0.9455f,-0.3256f,0.2145f,0.1736f,-0.3206f,-0.9312f,0.5236f,0f,0f,0f,1f],start_interpolation: 0,interpolation_duration: 1}
$data merge entity $(bone_front_leg_right_under) {transformation: [-0.9948f,0.0404f,0.0934f,-1.0636f,-0.0581f,0.5282f,-0.8471f,-0.0608f,-0.0835f,-0.8482f,-0.5231f,1.6687f,0f,0f,0f,1f],start_interpolation: 0,interpolation_duration: 1}
$data merge entity $(bone_front_leg_right) {transformation: [-0.9948f,0.0614f,0.0811f,-0.8603f,-0.0581f,0.3117f,-0.9484f,0.2145f,-0.0835f,-0.9482f,-0.3065f,0.89f,0f,0f,0f,1f],start_interpolation: 0,interpolation_duration: 1}
$data merge entity $(bone_front_body) {transformation: [-2.2466f,-0.129f,-0.3746f,-0.0625f,0f,2.157f,-0.7427f,0.1254f,0.3961f,-0.7314f,-2.1242f,-0.6609f,0f,0f,0f,1f],start_interpolation: 0,interpolation_duration: 1}