# This file was generated by Animated Java via MC-Build. It is not recommended to edit this file directly.
$data merge entity $(bone_head) {transformation: [-0.9659f,0f,-0.2588f,0.4236f,0f,1f,0f,0.5399f,0.2588f,0f,-0.9659f,0.9118f,0f,0f,0f,1f],start_interpolation: 0,interpolation_duration: 1}
$data merge entity $(bone_front_leg_left_under) {transformation: [-0.9659f,-0.1235f,-0.2275f,1.5991f,0f,0.8788f,-0.4772f,-0.2861f,0.2588f,-0.4609f,-0.8489f,0.7869f,0f,0f,0f,1f],start_interpolation: 0,interpolation_duration: 1}
$data merge entity $(bone_front_leg_left) {transformation: [-0.9659f,-0.1235f,-0.2275f,1.3073f,0f,0.8788f,-0.4772f,0.4425f,0.2588f,-0.4609f,-0.8489f,0.3749f,0f,0f,0f,1f],start_interpolation: 0,interpolation_duration: 1}
$data merge entity $(bone_front_leg_right_under) {transformation: [-0.9833f,0.0977f,0.1538f,-1.0026f,-0.148f,0.0636f,-0.9869f,0.6552f,-0.1062f,-0.9932f,-0.0481f,1.6985f,0f,0f,0f,1f],start_interpolation: 0,interpolation_duration: 1}
$data merge entity $(bone_front_leg_right) {transformation: [-0.9833f,0.1456f,0.1095f,-0.7308f,-0.148f,-0.2881f,-0.9461f,0.4425f,-0.1062f,-0.9465f,0.3048f,0.921f,0f,0f,0f,1f],start_interpolation: 0,interpolation_duration: 1}
$data merge entity $(bone_front_body) {transformation: [-2.2035f,-0.2817f,-0.5189f,-0.0625f,0f,2.0048f,-1.0885f,0.1254f,0.5904f,-1.0514f,-1.9365f,-0.6609f,0f,0f,0f,1f],start_interpolation: 0,interpolation_duration: 1}