# This file was generated by Animated Java via MC-Build. It is not recommended to edit this file directly.
$data merge entity $(bone_head) {transformation: [-0.9397f,0f,-0.342f,0.5277f,0f,1f,0f,0.8057f,0.342f,0f,-0.9397f,0.778f,0f,0f,0f,1f],start_interpolation: 0,interpolation_duration: 1}
$data merge entity $(bone_front_leg_left_under) {transformation: [-0.9397f,-0.2106f,-0.2695f,1.7336f,0f,0.788f,-0.6157f,0.0213f,0.342f,-0.5785f,-0.7405f,0.6768f,0f,0f,0f,1f],start_interpolation: 0,interpolation_duration: 1}
$data merge entity $(bone_front_leg_left) {transformation: [-0.9397f,-0.2106f,-0.2695f,1.3681f,0f,0.788f,-0.6157f,0.6618f,0.342f,-0.5785f,-0.7405f,0.185f,0f,0f,0f,1f],start_interpolation: 0,interpolation_duration: 1}
$data merge entity $(bone_front_leg_right_under) {transformation: [-0.9572f,0.2084f,0.201f,-0.9931f,-0.2696f,-0.388f,-0.8814f,1.2454f,-0.1057f,-0.8978f,0.4276f,1.3963f,0f,0f,0f,1f],start_interpolation: 0,interpolation_duration: 1}
$data merge entity $(bone_front_leg_right) {transformation: [-0.9572f,0.2777f,0.082f,-0.6147f,-0.2696f,-0.7511f,-0.6026f,0.6618f,-0.1057f,-0.5989f,0.7938f,0.9066f,0f,0f,0f,1f],start_interpolation: 0,interpolation_duration: 1}
$data merge entity $(bone_front_body) {transformation: [-2.1437f,-0.4804f,-0.6148f,-0.0625f,0f,1.7976f,-1.4045f,0.1254f,0.7802f,-1.3198f,-1.6892f,-0.6609f,0f,0f,0f,1f],start_interpolation: 0,interpolation_duration: 1}