# This file was generated by Animated Java via MC-Build. It is not recommended to edit this file directly.
$data merge entity $(bone_head) {transformation: [-0.9063f,0f,-0.4226f,0.5944f,0f,1f,0f,1.0529f,0.4226f,0f,-0.9063f,0.6f,0f,0f,0f,1f],start_interpolation: 0,interpolation_duration: 1}
$data merge entity $(bone_front_leg_left_under) {transformation: [-0.9063f,-0.3116f,-0.2855f,1.8398f,0f,0.6756f,-0.7373f,0.3316f,0.4226f,-0.6682f,-0.6123f,0.5075f,0f,0f,0f,1f],start_interpolation: 0,interpolation_duration: 1}
$data merge entity $(bone_front_leg_left) {transformation: [-0.9063f,-0.3116f,-0.2855f,1.3915f,0f,0.6756f,-0.7373f,0.8664f,0.4226f,-0.6682f,-0.6123f,-0.0391f,0f,0f,0f,1f],start_interpolation: 0,interpolation_duration: 1}
$data merge entity $(bone_front_leg_right_under) {transformation: [-0.9078f,0.3718f,0.194f,-1.0086f,-0.4118f,-0.7031f,-0.5797f,1.5622f,-0.0791f,-0.6062f,0.7914f,0.8912f,0f,0f,0f,1f],start_interpolation: 0,interpolation_duration: 1}
$data merge entity $(bone_front_leg_right) {transformation: [-0.9078f,0.4164f,-0.0498f,-0.5208f,-0.4118f,-0.9076f,-0.0815f,0.8664f,-0.0791f,-0.0535f,0.9954f,0.8526f,0f,0f,0f,1f],start_interpolation: 0,interpolation_duration: 1}
$data merge entity $(bone_front_body) {transformation: [-2.0675f,-0.7108f,-0.6513f,-0.0625f,0f,1.5412f,-1.6819f,0.1254f,0.9641f,-1.5243f,-1.3968f,-0.6609f,0f,0f,0f,1f],start_interpolation: 0,interpolation_duration: 1}