# This file was generated by Animated Java via MC-Build. It is not recommended to edit this file directly.
$data merge entity $(bone_head) {transformation: [-0.8802f,0.1041f,-0.463f,0.7612f,0f,0.9757f,0.2193f,0.6301f,0.4746f,0.193f,-0.8588f,0.7349f,0f,0f,0f,1f],start_interpolation: 0,interpolation_duration: 1}
$data merge entity $(bone_front_leg_left_under) {transformation: [-0.8802f,-0.2492f,-0.4039f,1.8977f,0f,0.8511f,-0.525f,-0.1845f,0.4746f,-0.4621f,-0.7492f,0.3822f,0f,0f,0f,1f],start_interpolation: 0,interpolation_duration: 1}
$data merge entity $(bone_front_leg_left) {transformation: [-0.8802f,-0.2492f,-0.4039f,1.4999f,0f,0.8511f,-0.525f,0.5169f,0.4746f,-0.4621f,-0.7492f,0.0139f,0f,0f,0f,1f],start_interpolation: 0,interpolation_duration: 1}
$data merge entity $(bone_front_leg_right_under) {transformation: [-0.8729f,-0.138f,0.4681f,-0.6597f,-0.4447f,-0.1698f,-0.8794f,1.0374f,0.2008f,-0.9758f,0.0868f,1.6162f,0f,0f,0f,1f],start_interpolation: 0,interpolation_duration: 1}
$data merge entity $(bone_front_leg_right) {transformation: [-0.8729f,0.2049f,0.4429f,-0.3573f,-0.4447f,-0.7075f,-0.5492f,0.5169f,0.2008f,-0.6764f,0.7086f,1.0153f,0f,0f,0f,1f],start_interpolation: 0,interpolation_duration: 1}
$data merge entity $(bone_front_body) {transformation: [-2.008f,-0.5684f,-0.9215f,-0.0625f,0f,1.9416f,-1.1976f,0.1254f,1.0827f,-1.0541f,-1.709f,-0.6609f,0f,0f,0f,1f],start_interpolation: 0,interpolation_duration: 1}