# This file was generated by Animated Java via MC-Build. It is not recommended to edit this file directly.
$data merge entity $(bone_head) {transformation: [-0.8511f,0.2246f,-0.4745f,0.881f,0f,0.9038f,0.4279f,0.1691f,0.525f,0.3642f,-0.7693f,0.7496f,0f,0f,0f,1f],start_interpolation: 0,interpolation_duration: 1}
$data merge entity $(bone_front_leg_left_under) {transformation: [-0.8511f,-0.1432f,-0.5051f,1.8738f,0f,0.9621f,-0.2728f,-0.6771f,0.525f,-0.2322f,-0.8188f,0.1348f,0f,0f,0f,1f],start_interpolation: 0,interpolation_duration: 1}
$data merge entity $(bone_front_leg_left) {transformation: [-0.8511f,-0.1432f,-0.5051f,1.566f,0f,0.9621f,-0.2728f,0.1377f,0.525f,-0.2322f,-0.8188f,-0.0303f,0f,0f,0f,1f],start_interpolation: 0,interpolation_duration: 1}
$data merge entity $(bone_front_leg_right_under) {transformation: [-0.6986f,-0.6421f,0.3156f,-0.1708f,-0.6268f,0.3365f,-0.7028f,0.2872f,0.345f,-0.6888f,-0.6375f,1.9126f,0f,0f,0f,1f],start_interpolation: 0,interpolation_duration: 1}
$data merge entity $(bone_front_leg_right) {transformation: [-0.6986f,-0.1936f,0.6888f,-0.2298f,-0.6268f,-0.2987f,-0.7197f,0.1377f,0.345f,-0.9345f,0.0873f,1.0774f,0f,0f,0f,1f],start_interpolation: 0,interpolation_duration: 1}
$data merge entity $(bone_front_body) {transformation: [-1.9416f,-0.3268f,-1.1522f,-0.0625f,0f,2.1947f,-0.6224f,0.1254f,1.1976f,-0.5297f,-1.8679f,-0.6609f,0f,0f,0f,1f],start_interpolation: 0,interpolation_duration: 1}