# This file was generated by Animated Java via MC-Build. It is not recommended to edit this file directly.
$data merge entity $(bone_head) {transformation: [-0.8192f,0.3531f,-0.452f,0.9313f,0f,0.788f,0.6157f,-0.2952f,0.5736f,0.5043f,-0.6455f,0.6494f,0f,0f,0f,1f],start_interpolation: 0,interpolation_duration: 1}
$data merge entity $(bone_front_leg_left_under) {transformation: [-0.8192f,0f,-0.5736f,1.7543f,0f,1f,0f,-1.1088f,0.5736f,0f,-0.8192f,-0.2111f,0f,0f,0f,1f],start_interpolation: 0,interpolation_duration: 1}
$data merge entity $(bone_front_leg_left) {transformation: [-0.8192f,0f,-0.5736f,1.5716f,0f,1f,0f,-0.2425f,0.5736f,0f,-0.8192f,-0.1666f,0f,0f,0f,1f],start_interpolation: 0,interpolation_duration: 1}
$data merge entity $(bone_front_leg_right_under) {transformation: [-0.4612f,-0.8836f,-0.0808f,0.256f,-0.8426f,0.4647f,-0.2722f,-0.4113f,0.278f,-0.0574f,-0.9589f,1.7679f,0f,0f,0f,1f],start_interpolation: 0,interpolation_duration: 1}
$data merge entity $(bone_front_leg_right) {transformation: [-0.4612f,-0.573f,0.6774f,-0.1569f,-0.8426f,0.0436f,-0.5368f,-0.2425f,0.278f,-0.8184f,-0.5029f,1.0436f,0f,0f,0f,1f],start_interpolation: 0,interpolation_duration: 1}
$data merge entity $(bone_front_body) {transformation: [-1.8687f,0f,-1.3085f,-0.0625f,0f,2.2813f,0f,0.1254f,1.3085f,0f,-1.8687f,-0.6609f,0f,0f,0f,1f],start_interpolation: 0,interpolation_duration: 1}