# This file was generated by Animated Java via MC-Build. It is not recommended to edit this file directly.
$data merge entity $(bone_head) {transformation: [-0.8473f,0.3034f,-0.436f,0.8633f,0f,0.8208f,0.5712f,-0.2952f,0.5312f,0.484f,-0.6955f,0.6983f,0f,0f,0f,1f],start_interpolation: 0,interpolation_duration: 1}
$data merge entity $(bone_front_leg_left_under) {transformation: [-0.8473f,0f,-0.5312f,1.7291f,0f,1f,0f,-1.1088f,0.5312f,0f,-0.8473f,-0.1193f,0f,0f,0f,1f],start_interpolation: 0,interpolation_duration: 1}
$data merge entity $(bone_front_leg_left) {transformation: [-0.8473f,0f,-0.5312f,1.5443f,0f,1f,0f,-0.2425f,0.5312f,0f,-0.8473f,-0.0841f,0f,0f,0f,1f],start_interpolation: 0,interpolation_duration: 1}
$data merge entity $(bone_front_leg_right_under) {transformation: [-0.5312f,-0.8419f,-0.0953f,0.1889f,-0.7949f,0.5342f,-0.2878f,-0.467f,0.2932f,-0.0772f,-0.9529f,1.7339f,0f,0f,0f,1f],start_interpolation: 0,interpolation_duration: 1}
$data merge entity $(bone_front_leg_right) {transformation: [-0.5312f,-0.6099f,0.5881f,-0.2435f,-0.7949f,0.1185f,-0.5951f,-0.2425f,0.2932f,-0.7836f,-0.5477f,1.0366f,0f,0f,0f,1f],start_interpolation: 0,interpolation_duration: 1}
$data merge entity $(bone_front_body) {transformation: [-1.9328f,0f,-1.2117f,-0.0625f,0f,2.2813f,0f,0.1254f,1.2117f,0f,-1.9328f,-0.6609f,0f,0f,0f,1f],start_interpolation: 0,interpolation_duration: 1}