# This file was generated by Animated Java via MC-Build. It is not recommended to edit this file directly.
$data merge entity $(bone_front_leg_right_under2) { transformation: [-1f,-1.2801044796052349e-17f,1.2179380558447147e-16f,-0.9177724999999998f,0f,0.9945218953682732f,0.10452846326765346f,-1.18018244956034f,-1.2246467991473532e-16f,0.10452846326765346f,-0.9945218953682732f,-1.5459922635422243f,0f,0f,0f,1f], start_interpolation: 0, interpolation_duration: 1 }
$data merge entity $(bone_rear_leg_right) { transformation: [-1f,-6.4093061293237094e-18f,1.2229684632711994e-16f,-0.8674999999999998f,0f,0.9986295347545738f,0.05233595624294383f,-0.30500000000000005f,-1.2246467991473532e-16f,0.05233595624294383f,-0.9986295347545738f,-1.69375f,0f,0f,0f,1f], start_interpolation: 0, interpolation_duration: 1 }
$data merge entity $(bone_front_leg_left_under2) { transformation: [-1f,-1.2801044796052349e-17f,1.2179380558447147e-16f,0.9177725000000002f,0f,0.9945218953682732f,0.10452846326765346f,-1.18018244956034f,-1.2246467991473532e-16f,0.10452846326765346f,-0.9945218953682732f,-1.545992263542224f,0f,0f,0f,1f], start_interpolation: 0, interpolation_duration: 1 }
$data merge entity $(bone_rear_leg_left) { transformation: [-1f,-6.4093061293237094e-18f,1.2229684632711994e-16f,0.8675000000000003f,0f,0.9986295347545738f,0.05233595624294383f,-0.30500000000000005f,-1.2246467991473532e-16f,0.05233595624294383f,-0.9986295347545738f,-1.69375f,0f,0f,0f,1f], start_interpolation: 0, interpolation_duration: 1 }
$data merge entity $(bone_head) { transformation: [-1f,0f,1.2246467991473532e-16f,-1.249000902703301e-16f,0f,1f,0f,-0.357745f,-1.2246467991473532e-16f,0f,-1f,0.982445f,0f,0f,0f,1f], start_interpolation: 0, interpolation_duration: 1 }
$data merge entity $(bone_front_leg_left_under) { transformation: [-1f,1.2801044796052349e-17f,1.2179380558447147e-16f,1.1677725f,0f,0.9945218953682732f,-0.10452846326765346f,-1.1664852139323272f,-1.2246467991473532e-16f,-0.10452846326765346f,-0.9945218953682732f,0.7948510888043547f,0f,0f,0f,1f], start_interpolation: 0, interpolation_duration: 1 }
$data merge entity $(bone_front_leg_left) { transformation: [-1f,6.4093061293237094e-18f,1.2229684632711994e-16f,0.9925f,0f,0.9986295347545738f,-0.05233595624294383f,-0.30500000000000005f,-1.2246467991473532e-16f,-0.05233595624294383f,-0.9986295347545738f,0.6812500000000004f,0f,0f,0f,1f], start_interpolation: 0, interpolation_duration: 1 }
$data merge entity $(bone_front_leg_right_under) { transformation: [-1f,1.2801044796052349e-17f,1.2179380558447147e-16f,-1.2707031250000003f,0f,0.9945218953682732f,-0.10452846326765346f,-1.1408337117937362f,-1.2246467991473532e-16f,-0.10452846326765346f,-0.9945218953682732f,0.7190565941901997f,0f,0f,0f,1f], start_interpolation: 0, interpolation_duration: 1 }
$data merge entity $(bone_front_leg_right) { transformation: [-1f,6.4093061293237094e-18f,1.2229684632711994e-16f,-1.1175000000000002f,0f,0.9986295347545738f,-0.05233595624294383f,-0.30500000000000005f,-1.2246467991473532e-16f,-0.05233595624294383f,-0.9986295347545738f,0.6812499999999999f,0f,0f,0f,1f], start_interpolation: 0, interpolation_duration: 1 }
$data merge entity $(bone_front_body) { transformation: [-2.28125f,0f,2.7937255105548995e-16f,-0.062499999999999924f,0f,2.28125f,0f,0.06293749999999998f,-2.7937255105548995e-16f,0f,-2.28125f,-0.6609375f,0f,0f,0f,1f], start_interpolation: 0, interpolation_duration: 1 }
$data merge entity $(bone_rear_body) { transformation: [-1f,0f,1.2246467991473532e-16f,0.015625000000000187f,0f,1f,0f,-0.41328125000000004f,-1.2246467991473532e-16f,0f,-1f,-1.5203125f,0f,0f,0f,1f], start_interpolation: 0, interpolation_duration: 1 }