# This file was generated by Animated Java via MC-Build. It is not recommended to edit this file directly.
$data merge entity $(bone_front_leg_right_under2) { transformation: [-1f,-1.0605752387249068e-16f,6.123233995736767e-17f,-0.9177724999999998f,0f,0.5000000000000002f,0.8660254037844386f,-1.71437388102827f,-1.2246467991473532e-16f,0.8660254037844386f,-0.5000000000000002f,-1.9594214104559957f,0f,0f,0f,1f], start_interpolation: 0, interpolation_duration: 1 }
$data merge entity $(bone_rear_leg_right) { transformation: [-1f,-6.123233995736765e-17f,1.0605752387249069e-16f,-0.8674999999999998f,0f,0.8660254037844387f,0.49999999999999994f,-0.8675f,-1.2246467991473532e-16f,0.49999999999999994f,-0.8660254037844387f,-1.69375f,0f,0f,0f,1f], start_interpolation: 0, interpolation_duration: 1 }
$data merge entity $(bone_front_leg_left_under2) { transformation: [-1f,-1.0605752387249068e-16f,6.123233995736767e-17f,0.9177725000000002f,0f,0.5000000000000002f,0.8660254037844386f,-1.71437388102827f,-1.2246467991473532e-16f,0.8660254037844386f,-0.5000000000000002f,-1.9594214104559957f,0f,0f,0f,1f], start_interpolation: 0, interpolation_duration: 1 }
$data merge entity $(bone_rear_leg_left) { transformation: [-1f,-6.123233995736765e-17f,1.0605752387249069e-16f,0.8675000000000003f,0f,0.8660254037844387f,0.49999999999999994f,-0.8675f,-1.2246467991473532e-16f,0.49999999999999994f,-0.8660254037844387f,-1.69375f,0f,0f,0f,1f], start_interpolation: 0, interpolation_duration: 1 }
$data merge entity $(bone_head) { transformation: [-1f,0f,1.2246467991473532e-16f,-1.249000902703301e-16f,0f,1f,0f,-0.920245f,-1.2246467991473532e-16f,0f,-1f,0.982445f,0f,0f,0f,1f], start_interpolation: 0, interpolation_duration: 1 }
$data merge entity $(bone_front_leg_left_under) { transformation: [-1f,1.0605752387249068e-16f,6.123233995736767e-17f,1.1677725f,0f,0.5000000000000002f,-0.8660254037844386f,-1.58351513102827f,-1.2246467991473532e-16f,-0.8660254037844386f,-0.5000000000000002f,1.1735754140709498f,0f,0f,0f,1f], start_interpolation: 0, interpolation_duration: 1 }
$data merge entity $(bone_front_leg_left) { transformation: [-1f,6.123233995736765e-17f,1.0605752387249069e-16f,0.9925f,0f,0.8660254037844387f,-0.49999999999999994f,-0.8675f,-1.2246467991473532e-16f,-0.49999999999999994f,-0.8660254037844387f,0.6812500000000004f,0f,0f,0f,1f], start_interpolation: 0, interpolation_duration: 1 }
$data merge entity $(bone_front_leg_right_under) { transformation: [-1f,1.0605752387249068e-16f,6.123233995736767e-17f,-1.2707031250000003f,0f,0.5000000000000002f,-0.8660254037844386f,-1.5950694557549396f,-1.2246467991473532e-16f,-0.8660254037844386f,-0.5000000000000002f,1.0943964865972085f,0f,0f,0f,1f], start_interpolation: 0, interpolation_duration: 1 }
$data merge entity $(bone_front_leg_right) { transformation: [-1f,6.123233995736765e-17f,1.0605752387249069e-16f,-1.1175000000000002f,0f,0.8660254037844387f,-0.49999999999999994f,-0.8675f,-1.2246467991473532e-16f,-0.49999999999999994f,-0.8660254037844387f,0.6812499999999999f,0f,0f,0f,1f], start_interpolation: 0, interpolation_duration: 1 }
$data merge entity $(bone_front_body) { transformation: [-2.28125f,0f,2.7937255105548995e-16f,-0.062499999999999924f,0f,2.28125f,0f,-0.4995625f,-2.7937255105548995e-16f,0f,-2.28125f,-0.6609375f,0f,0f,0f,1f], start_interpolation: 0, interpolation_duration: 1 }
$data merge entity $(bone_rear_body) { transformation: [-1f,0f,1.2246467991473532e-16f,0.015625000000000187f,0f,1f,0f,-0.97578125f,-1.2246467991473532e-16f,0f,-1f,-1.5203125f,0f,0f,0f,1f], start_interpolation: 0, interpolation_duration: 1 }