# This file was generated by Animated Java via MC-Build. It is not recommended to edit this file directly.
$data merge entity $(bone_front_leg_right_under2) { transformation: [-1f,-1.1187705205776151e-16f,4.981087280387183e-17f,-0.9177724999999998f,0f,0.40673664307580026f,0.9135454576426009f,-1.7618091024944356f,-1.2246467991473532e-16f,0.9135454576426009f,-0.40673664307580026f,-2.00337927140205f,0f,0f,0f,1f], start_interpolation: 0, interpolation_duration: 1 }
$data merge entity $(bone_rear_leg_right) { transformation: [-1f,-6.669904509218561e-17f,1.0270752265734564e-16f,-0.8674999999999998f,0f,0.838670567945424f,0.5446390350150271f,-0.93f,-1.2246467991473532e-16f,0.5446390350150271f,-0.838670567945424f,-1.69375f,0f,0f,0f,1f], start_interpolation: 0, interpolation_duration: 1 }
$data merge entity $(bone_front_leg_left_under2) { transformation: [-1f,-1.1187705205776151e-16f,4.981087280387183e-17f,0.9177725000000002f,0f,0.40673664307580026f,0.9135454576426009f,-1.7618091024944356f,-1.2246467991473532e-16f,0.9135454576426009f,-0.40673664307580026f,-2.00337927140205f,0f,0f,0f,1f], start_interpolation: 0, interpolation_duration: 1 }
$data merge entity $(bone_rear_leg_left) { transformation: [-1f,-6.669904509218561e-17f,1.0270752265734564e-16f,0.8675000000000003f,0f,0.838670567945424f,0.5446390350150271f,-0.93f,-1.2246467991473532e-16f,0.5446390350150271f,-0.838670567945424f,-1.69375f,0f,0f,0f,1f], start_interpolation: 0, interpolation_duration: 1 }
$data merge entity $(bone_head) { transformation: [-1f,0f,1.2246467991473532e-16f,-1.249000902703301e-16f,0f,1f,0f,-0.982745f,-1.2246467991473532e-16f,0f,-1f,0.982445f,0f,0f,0f,1f], start_interpolation: 0, interpolation_duration: 1 }
$data merge entity $(bone_front_leg_left_under) { transformation: [-1f,1.1187705205776151e-16f,4.981087280387183e-17f,1.1677725f,0f,0.40673664307580026f,-0.9135454576426009f,-1.61926753584789f,-1.2246467991473532e-16f,-0.9135454576426009f,-0.40673664307580026f,1.2103740357683068f,0f,0f,0f,1f], start_interpolation: 0, interpolation_duration: 1 }
$data merge entity $(bone_front_leg_left) { transformation: [-1f,6.669904509218561e-17f,1.0270752265734564e-16f,0.9925f,0f,0.838670567945424f,-0.5446390350150271f,-0.93f,-1.2246467991473532e-16f,-0.5446390350150271f,-0.838670567945424f,0.6812500000000004f,0f,0f,0f,1f], start_interpolation: 0, interpolation_duration: 1 }
$data merge entity $(bone_front_leg_right_under) { transformation: [-1f,1.1187705205776151e-16f,4.981087280387183e-17f,-1.2707031250000003f,0f,0.40673664307580026f,-0.9135454576426009f,-1.6349499306577164f,-1.2246467991473532e-16f,-0.9135454576426009f,-0.40673664307580026f,1.13190832689615f,0f,0f,0f,1f], start_interpolation: 0, interpolation_duration: 1 }
$data merge entity $(bone_front_leg_right) { transformation: [-1f,6.669904509218561e-17f,1.0270752265734564e-16f,-1.1175000000000002f,0f,0.838670567945424f,-0.5446390350150271f,-0.93f,-1.2246467991473532e-16f,-0.5446390350150271f,-0.838670567945424f,0.6812499999999999f,0f,0f,0f,1f], start_interpolation: 0, interpolation_duration: 1 }
$data merge entity $(bone_front_body) { transformation: [-2.28125f,0f,2.7937255105548995e-16f,-0.062499999999999924f,0f,2.28125f,0f,-0.5620625f,-2.7937255105548995e-16f,0f,-2.28125f,-0.6609375f,0f,0f,0f,1f], start_interpolation: 0, interpolation_duration: 1 }
$data merge entity $(bone_rear_body) { transformation: [-1f,0f,1.2246467991473532e-16f,0.015625000000000187f,0f,1f,0f,-1.03828125f,-1.2246467991473532e-16f,0f,-1f,-1.5203125f,0f,0f,0f,1f], start_interpolation: 0, interpolation_duration: 1 }