# This file was generated by Animated Java via MC-Build. It is not recommended to edit this file directly.
$data merge entity $(bone_front_leg_right_under2) { transformation: [-1f,-1.164708318489092e-16f,3.7843667304341524e-17f,-0.9177724999999998f,0f,0.30901699437494756f,0.9510565162951534f,-1.8069643930290051f,-1.2246467991473532e-16f,0.9510565162951534f,-0.30901699437494756f,-2.046488460037258f,0f,0f,0f,1f], start_interpolation: 0, interpolation_duration: 1 }
$data merge entity $(bone_rear_leg_right) { transformation: [-1f,-7.198293278059965e-17f,9.907600726170916e-17f,-0.8674999999999998f,0f,0.8090169943749475f,0.587785252292473f,-0.9924999999999998f,-1.2246467991473532e-16f,0.587785252292473f,-0.8090169943749475f,-1.69375f,0f,0f,0f,1f], start_interpolation: 0, interpolation_duration: 1 }
$data merge entity $(bone_front_leg_left_under2) { transformation: [-1f,-1.164708318489092e-16f,3.7843667304341524e-17f,0.9177725000000002f,0f,0.30901699437494756f,0.9510565162951534f,-1.8069643930290051f,-1.2246467991473532e-16f,0.9510565162951534f,-0.30901699437494756f,-2.046488460037258f,0f,0f,0f,1f], start_interpolation: 0, interpolation_duration: 1 }
$data merge entity $(bone_rear_leg_left) { transformation: [-1f,-7.198293278059965e-17f,9.907600726170916e-17f,0.8675000000000003f,0f,0.8090169943749475f,0.587785252292473f,-0.9924999999999998f,-1.2246467991473532e-16f,0.587785252292473f,-0.8090169943749475f,-1.69375f,0f,0f,0f,1f], start_interpolation: 0, interpolation_duration: 1 }
$data merge entity $(bone_head) { transformation: [-1f,0f,1.2246467991473532e-16f,-1.249000902703301e-16f,0f,1f,0f,-1.0452449999999998f,-1.2246467991473532e-16f,0f,-1f,0.982445f,0f,0f,0f,1f], start_interpolation: 0, interpolation_duration: 1 }
$data merge entity $(bone_front_leg_left_under) { transformation: [-1f,1.164708318489092e-16f,3.7843667304341524e-17f,1.1677725f,0f,0.30901699437494756f,-0.9510565162951534f,-1.65313070626215f,-1.2246467991473532e-16f,-0.9510565162951534f,-0.30901699437494756f,1.2457223652625835f,0f,0f,0f,1f], start_interpolation: 0, interpolation_duration: 1 }
$data merge entity $(bone_front_leg_left) { transformation: [-1f,7.198293278059965e-17f,9.907600726170916e-17f,0.9925f,0f,0.8090169943749475f,-0.587785252292473f,-0.9924999999999998f,-1.2246467991473532e-16f,-0.587785252292473f,-0.8090169943749475f,0.6812500000000004f,0f,0f,0f,1f], start_interpolation: 0, interpolation_duration: 1 }
$data merge entity $(bone_front_leg_right_under) { transformation: [-1f,1.164708318489092e-16f,3.7843667304341524e-17f,-1.2707031250000003f,0f,0.30901699437494756f,-0.9510565162951534f,-1.6728981868010289f,-1.2246467991473532e-16f,-0.9510565162951534f,-0.30901699437494756f,1.1681849440459455f,0f,0f,0f,1f], start_interpolation: 0, interpolation_duration: 1 }
$data merge entity $(bone_front_leg_right) { transformation: [-1f,7.198293278059965e-17f,9.907600726170916e-17f,-1.1175000000000002f,0f,0.8090169943749475f,-0.587785252292473f,-0.9924999999999998f,-1.2246467991473532e-16f,-0.587785252292473f,-0.8090169943749475f,0.6812499999999999f,0f,0f,0f,1f], start_interpolation: 0, interpolation_duration: 1 }
$data merge entity $(bone_front_body) { transformation: [-2.28125f,0f,2.7937255105548995e-16f,-0.062499999999999924f,0f,2.28125f,0f,-0.6245624999999998f,-2.7937255105548995e-16f,0f,-2.28125f,-0.6609375f,0f,0f,0f,1f], start_interpolation: 0, interpolation_duration: 1 }
$data merge entity $(bone_rear_body) { transformation: [-1f,0f,1.2246467991473532e-16f,0.015625000000000187f,0f,1f,0f,-1.1007812499999998f,-1.2246467991473532e-16f,0f,-1f,-1.5203125f,0f,0f,0f,1f], start_interpolation: 0, interpolation_duration: 1 }