# This file was generated by Animated Java via MC-Build. It is not recommended to edit this file directly.
$data merge entity $(bone_front_leg_right_under2) { transformation: [-1f,-1.217938055844715e-16f,1.2801044796052434e-17f,-0.9177724999999998f,0f,0.10452846326765408f,0.9945218953682734f,-1.8906314627020835f,-1.2246467991473532e-16f,0.9945218953682734f,-0.10452846326765408f,-2.1296908332350837f,0f,0f,0f,1f], start_interpolation: 0, interpolation_duration: 1 }
$data merge entity $(bone_rear_leg_right) { transformation: [-1f,-8.194486552889031e-17f,9.100899318238096e-17f,-0.8674999999999998f,0f,0.7431448254773945f,0.669130606358858f,-1.1174999999999997f,-1.2246467991473532e-16f,0.669130606358858f,-0.7431448254773945f,-1.69375f,0f,0f,0f,1f], start_interpolation: 0, interpolation_duration: 1 }
$data merge entity $(bone_front_leg_left_under2) { transformation: [-1f,-1.217938055844715e-16f,1.2801044796052434e-17f,0.9177725000000002f,0f,0.10452846326765408f,0.9945218953682734f,-1.8906314627020835f,-1.2246467991473532e-16f,0.9945218953682734f,-0.10452846326765408f,-2.1296908332350837f,0f,0f,0f,1f], start_interpolation: 0, interpolation_duration: 1 }
$data merge entity $(bone_rear_leg_left) { transformation: [-1f,-8.194486552889031e-17f,9.100899318238096e-17f,0.8675000000000003f,0f,0.7431448254773945f,0.669130606358858f,-1.1174999999999997f,-1.2246467991473532e-16f,0.669130606358858f,-0.7431448254773945f,-1.69375f,0f,0f,0f,1f], start_interpolation: 0, interpolation_duration: 1 }
$data merge entity $(bone_head) { transformation: [-1f,0f,1.2246467991473532e-16f,-1.249000902703301e-16f,0f,1f,0f,-1.1702449999999998f,-1.2246467991473532e-16f,0f,-1f,0.982445f,0f,0f,0f,1f], start_interpolation: 0, interpolation_duration: 1 }
$data merge entity $(bone_front_leg_left_under) { transformation: [-1f,1.217938055844715e-16f,1.2801044796052434e-17f,1.1677725f,0f,0.10452846326765408f,-0.9945218953682734f,-1.7155082732323592f,-1.2246467991473532e-16f,-0.9945218953682734f,-0.10452846326765408f,1.311684839096964f,0f,0f,0f,1f], start_interpolation: 0, interpolation_duration: 1 }
$data merge entity $(bone_front_leg_left) { transformation: [-1f,8.194486552889031e-17f,9.100899318238096e-17f,0.9925f,0f,0.7431448254773945f,-0.669130606358858f,-1.1174999999999997f,-1.2246467991473532e-16f,-0.669130606358858f,-0.7431448254773945f,0.6812500000000004f,0f,0f,0f,1f], start_interpolation: 0, interpolation_duration: 1 }
$data merge entity $(bone_front_leg_right_under) { transformation: [-1f,1.217938055844715e-16f,1.2801044796052434e-17f,-1.2707031250000003f,0f,0.10452846326765408f,-0.9945218953682734f,-1.7432723329300526f,-1.2246467991473532e-16f,-0.9945218953682734f,-0.10452846326765408f,1.2366384403500272f,0f,0f,0f,1f], start_interpolation: 0, interpolation_duration: 1 }
$data merge entity $(bone_front_leg_right) { transformation: [-1f,8.194486552889031e-17f,9.100899318238096e-17f,-1.1175000000000002f,0f,0.7431448254773945f,-0.669130606358858f,-1.1174999999999997f,-1.2246467991473532e-16f,-0.669130606358858f,-0.7431448254773945f,0.6812499999999999f,0f,0f,0f,1f], start_interpolation: 0, interpolation_duration: 1 }
$data merge entity $(bone_front_body) { transformation: [-2.28125f,0f,2.7937255105548995e-16f,-0.062499999999999924f,0f,2.28125f,0f,-0.7495624999999998f,-2.7937255105548995e-16f,0f,-2.28125f,-0.6609375f,0f,0f,0f,1f], start_interpolation: 0, interpolation_duration: 1 }
$data merge entity $(bone_rear_body) { transformation: [-1f,0f,1.2246467991473532e-16f,0.015625000000000187f,0f,1f,0f,-1.2257812499999998f,-1.2246467991473532e-16f,0f,-1f,-1.5203125f,0f,0f,0f,1f], start_interpolation: 0, interpolation_duration: 1 }