# This file was generated by Animated Java via MC-Build. It is not recommended to edit this file directly.
$data merge entity $(bone_front_leg_right_under2) { transformation: [-1f,-1.6130983358279394e-17f,1.213976490814937e-16f,-0.9177724999999999f,0f,0.9912870320325458f,0.131719475113236f,-0.9629285057844794f,-1.2246467991473532e-16f,0.131719475113236f,-0.9912870320325458f,-0.993546876771267f,0f,0f,0f,1f], start_interpolation: 0, interpolation_duration: 1 }
$data merge entity $(bone_front_leg_left_under) { transformation: [-1f,6.009057030667693e-18f,-1.223171658444585e-16f,1.1677724999999999f,0f,-0.9987954562051725f,-0.049067674327417654f,1.0715539974839596f,-1.2246467991473532e-16f,-0.049067674327417654f,0.9987954562051725f,1.2977841427612982f,0f,0f,0f,1f], start_interpolation: 0, interpolation_duration: 1 }
$data merge entity $(bone_front_leg_right_under) { transformation: [-1f,1.036430099706044e-16f,-6.523591273870381e-17f,-1.2707031250000003f,0f,-0.5326916526799692f,-0.8463094015577775f,0.4556105051398545f,-1.2246467991473532e-16f,-0.8463094015577775f,0.5326916526799692f,1.2494308088977522f,0f,0f,0f,1f], start_interpolation: 0, interpolation_duration: 1 }