# This file was generated by Animated Java via MC-Build. It is not recommended to edit this file directly.
$data merge entity $(bone_front_leg_right_under2) { transformation: [-1f,-3.78436673043415e-17f,1.1647083184890923e-16f,-0.9177724999999998f,0f,0.9510565162951536f,0.30901699437494745f,-1.315832997657636f,-1.2246467991473532e-16f,0.30901699437494745f,-0.9510565162951536f,-1.6382831724140499f,0f,0f,0f,1f], start_interpolation: 0, interpolation_duration: 1 }
$data merge entity $(bone_rear_leg_right) { transformation: [-1f,-1.9157696688784726e-17f,1.2095693648649962e-16f,-0.8674999999999998f,0f,0.9876883405951378f,0.15643446504023087f,-0.43000000000000005f,-1.2246467991473532e-16f,0.15643446504023087f,-0.9876883405951378f,-1.69375f,0f,0f,0f,1f], start_interpolation: 0, interpolation_duration: 1 }
$data merge entity $(bone_front_leg_left_under2) { transformation: [-1f,-3.78436673043415e-17f,1.1647083184890923e-16f,0.9177725000000002f,0f,0.9510565162951536f,0.30901699437494745f,-1.315832997657636f,-1.2246467991473532e-16f,0.30901699437494745f,-0.9510565162951536f,-1.6382831724140499f,0f,0f,0f,1f], start_interpolation: 0, interpolation_duration: 1 }
$data merge entity $(bone_rear_leg_left) { transformation: [-1f,-1.9157696688784726e-17f,1.2095693648649962e-16f,0.8675000000000003f,0f,0.9876883405951378f,0.15643446504023087f,-0.43000000000000005f,-1.2246467991473532e-16f,0.15643446504023087f,-0.9876883405951378f,-1.69375f,0f,0f,0f,1f], start_interpolation: 0, interpolation_duration: 1 }
$data merge entity $(bone_head) { transformation: [-1f,0f,1.2246467991473532e-16f,-1.249000902703301e-16f,0f,1f,0f,-0.482745f,-1.2246467991473532e-16f,0f,-1f,0.982445f,0f,0f,0f,1f], start_interpolation: 0, interpolation_duration: 1 }
$data merge entity $(bone_front_leg_left_under) { transformation: [-1f,3.78436673043415e-17f,1.1647083184890923e-16f,1.1677725f,0f,0.9510565162951536f,-0.30901699437494745f,-1.274891360553469f,-1.2246467991473532e-16f,-0.30901699437494745f,-0.9510565162951536f,0.8842784956937583f,0f,0f,0f,1f], start_interpolation: 0, interpolation_duration: 1 }
$data merge entity $(bone_front_leg_left) { transformation: [-1f,1.9157696688784726e-17f,1.2095693648649962e-16f,0.9925f,0f,0.9876883405951378f,-0.15643446504023087f,-0.43000000000000005f,-1.2246467991473532e-16f,-0.15643446504023087f,-0.9876883405951378f,0.6812500000000004f,0f,0f,0f,1f], start_interpolation: 0, interpolation_duration: 1 }
$data merge entity $(bone_front_leg_right_under) { transformation: [-1f,3.78436673043415e-17f,1.1647083184890923e-16f,-1.2707031250000003f,0f,0.9510565162951536f,-0.30901699437494745f,-1.2573030620737202f,-1.2246467991473532e-16f,-0.30901699437494745f,-0.9510565162951536f,0.8062178991525546f,0f,0f,0f,1f], start_interpolation: 0, interpolation_duration: 1 }
$data merge entity $(bone_front_leg_right) { transformation: [-1f,1.9157696688784726e-17f,1.2095693648649962e-16f,-1.1175000000000002f,0f,0.9876883405951378f,-0.15643446504023087f,-0.43000000000000005f,-1.2246467991473532e-16f,-0.15643446504023087f,-0.9876883405951378f,0.6812499999999999f,0f,0f,0f,1f], start_interpolation: 0, interpolation_duration: 1 }
$data merge entity $(bone_front_body) { transformation: [-2.28125f,0f,2.7937255105548995e-16f,-0.062499999999999924f,0f,2.28125f,0f,-0.06206250000000002f,-2.7937255105548995e-16f,0f,-2.28125f,-0.6609375f,0f,0f,0f,1f], start_interpolation: 0, interpolation_duration: 1 }
$data merge entity $(bone_rear_body) { transformation: [-1f,0f,1.2246467991473532e-16f,0.015625000000000187f,0f,1f,0f,-0.53828125f,-1.2246467991473532e-16f,0f,-1f,-1.5203125f,0f,0f,0f,1f], start_interpolation: 0, interpolation_duration: 1 }