# This file was generated by Animated Java via MC-Build. It is not recommended to edit this file directly.
$data merge entity $(bone_front_leg_right_under2) { transformation: [-1f,-4.9810872803871815e-17f,1.1187705205776154e-16f,-0.9177724999999998f,0f,0.9135454576426011f,0.40673664307580015f,-1.3800219037825676f,-1.2246467991473532e-16f,0.40673664307580015f,-0.9135454576426011f,-1.6847201047774962f,0f,0f,0f,1f], start_interpolation: 0, interpolation_duration: 1 }
$data merge entity $(bone_rear_leg_right) { transformation: [-1f,-2.5461838666528304e-17f,1.1978853283323184e-16f,-0.8674999999999998f,0f,0.9781476007338057f,0.2079116908177593f,-0.49250000000000005f,-1.2246467991473532e-16f,0.2079116908177593f,-0.9781476007338057f,-1.69375f,0f,0f,0f,1f], start_interpolation: 0, interpolation_duration: 1 }
$data merge entity $(bone_front_leg_left_under2) { transformation: [-1f,-4.9810872803871815e-17f,1.1187705205776154e-16f,0.9177725000000002f,0f,0.9135454576426011f,0.40673664307580015f,-1.3800219037825676f,-1.2246467991473532e-16f,0.40673664307580015f,-0.9135454576426011f,-1.6847201047774962f,0f,0f,0f,1f], start_interpolation: 0, interpolation_duration: 1 }
$data merge entity $(bone_rear_leg_left) { transformation: [-1f,-2.5461838666528304e-17f,1.1978853283323184e-16f,0.8675000000000003f,0f,0.9781476007338057f,0.2079116908177593f,-0.49250000000000005f,-1.2246467991473532e-16f,0.2079116908177593f,-0.9781476007338057f,-1.69375f,0f,0f,0f,1f], start_interpolation: 0, interpolation_duration: 1 }
$data merge entity $(bone_head) { transformation: [-1f,0f,1.2246467991473532e-16f,-1.249000902703301e-16f,0f,1f,0f,-0.545245f,-1.2246467991473532e-16f,0f,-1f,0.982445f,0f,0f,0f,1f], start_interpolation: 0, interpolation_duration: 1 }
$data merge entity $(bone_front_leg_left_under) { transformation: [-1f,4.9810872803871815e-17f,1.1187705205776154e-16f,1.1677725f,0f,0.9135454576426011f,-0.40673664307580015f,-1.3256077758409708f,-1.2246467991473532e-16f,-0.40673664307580015f,-0.9135454576426011f,0.9282184494725464f,0f,0f,0f,1f], start_interpolation: 0, interpolation_duration: 1 }
$data merge entity $(bone_front_leg_left) { transformation: [-1f,2.5461838666528304e-17f,1.1978853283323184e-16f,0.9925f,0f,0.9781476007338057f,-0.2079116908177593f,-0.49250000000000005f,-1.2246467991473532e-16f,-0.2079116908177593f,-0.9781476007338057f,0.6812500000000004f,0f,0f,0f,1f], start_interpolation: 0, interpolation_duration: 1 }
$data merge entity $(bone_front_leg_right_under) { transformation: [-1f,4.9810872803871815e-17f,1.1187705205776154e-16f,-1.2707031250000003f,0f,0.9135454576426011f,-0.40673664307580015f,-1.312128957477893f,-1.2246467991473532e-16f,-0.40673664307580015f,-0.9135454576426011f,0.8493443318463156f,0f,0f,0f,1f], start_interpolation: 0, interpolation_duration: 1 }
$data merge entity $(bone_front_leg_right) { transformation: [-1f,2.5461838666528304e-17f,1.1978853283323184e-16f,-1.1175000000000002f,0f,0.9781476007338057f,-0.2079116908177593f,-0.49250000000000005f,-1.2246467991473532e-16f,-0.2079116908177593f,-0.9781476007338057f,0.6812499999999999f,0f,0f,0f,1f], start_interpolation: 0, interpolation_duration: 1 }
$data merge entity $(bone_front_body) { transformation: [-2.28125f,0f,2.7937255105548995e-16f,-0.062499999999999924f,0f,2.28125f,0f,-0.12456250000000002f,-2.7937255105548995e-16f,0f,-2.28125f,-0.6609375f,0f,0f,0f,1f], start_interpolation: 0, interpolation_duration: 1 }
$data merge entity $(bone_rear_body) { transformation: [-1f,0f,1.2246467991473532e-16f,0.015625000000000187f,0f,1f,0f,-0.60078125f,-1.2246467991473532e-16f,0f,-1f,-1.5203125f,0f,0f,0f,1f], start_interpolation: 0, interpolation_duration: 1 }