# This file was generated by Animated Java via MC-Build. It is not recommended to edit this file directly.
$data merge entity $(bone_front_leg_right_under2) { transformation: [-1f,-8.194486552889031e-17f,9.100899318238094e-17f,-0.9177724999999998f,0f,0.7431448254773942f,0.6691306063588581f,-1.5580076232173434f,-1.2246467991473532e-16f,0.6691306063588581f,-0.7431448254773942f,-1.8236702920016505f,0f,0f,0f,1f], start_interpolation: 0, interpolation_duration: 1 }
$data merge entity $(bone_rear_leg_right) { transformation: [-1f,-4.388741623276521e-17f,1.143306281056419e-16f,-0.8674999999999998f,0f,0.9335804264972017f,0.3583679495453002f,-0.68f,-1.2246467991473532e-16f,0.3583679495453002f,-0.9335804264972017f,-1.69375f,0f,0f,0f,1f], start_interpolation: 0, interpolation_duration: 1 }
$data merge entity $(bone_front_leg_left_under2) { transformation: [-1f,-8.194486552889031e-17f,9.100899318238094e-17f,0.9177725000000002f,0f,0.7431448254773942f,0.6691306063588581f,-1.5580076232173434f,-1.2246467991473532e-16f,0.6691306063588581f,-0.7431448254773942f,-1.8236702920016505f,0f,0f,0f,1f], start_interpolation: 0, interpolation_duration: 1 }
$data merge entity $(bone_rear_leg_left) { transformation: [-1f,-4.388741623276521e-17f,1.143306281056419e-16f,0.8675000000000003f,0f,0.9335804264972017f,0.3583679495453002f,-0.68f,-1.2246467991473532e-16f,0.3583679495453002f,-0.9335804264972017f,-1.69375f,0f,0f,0f,1f], start_interpolation: 0, interpolation_duration: 1 }
$data merge entity $(bone_head) { transformation: [-1f,0f,1.2246467991473532e-16f,-1.249000902703301e-16f,0f,1f,0f,-0.732745f,-1.2246467991473532e-16f,0f,-1f,0.982445f,0f,0f,0f,1f], start_interpolation: 0, interpolation_duration: 1 }
$data merge entity $(bone_front_leg_left_under) { transformation: [-1f,8.194486552889031e-17f,9.100899318238094e-17f,1.1677725f,0f,0.7431448254773942f,-0.6691306063588581f,-1.4642164593822211f,-1.2246467991473532e-16f,-0.6691306063588581f,-0.7431448254773942f,1.0555046272734323f,0f,0f,0f,1f], start_interpolation: 0, interpolation_duration: 1 }
$data merge entity $(bone_front_leg_left) { transformation: [-1f,4.388741623276521e-17f,1.143306281056419e-16f,0.9925f,0f,0.9335804264972017f,-0.3583679495453002f,-0.68f,-1.2246467991473532e-16f,-0.3583679495453002f,-0.9335804264972017f,0.6812500000000004f,0f,0f,0f,1f], start_interpolation: 0, interpolation_duration: 1 }
$data merge entity $(bone_front_leg_right_under) { transformation: [-1f,8.194486552889031e-17f,9.100899318238094e-17f,-1.2707031250000003f,0f,0.7431448254773942f,-0.6691306063588581f,-1.463242218036389f,-1.2246467991473532e-16f,-0.6691306063588581f,-0.7431448254773942f,0.9754930291792723f,0f,0f,0f,1f], start_interpolation: 0, interpolation_duration: 1 }
$data merge entity $(bone_front_leg_right) { transformation: [-1f,4.388741623276521e-17f,1.143306281056419e-16f,-1.1175000000000002f,0f,0.9335804264972017f,-0.3583679495453002f,-0.68f,-1.2246467991473532e-16f,-0.3583679495453002f,-0.9335804264972017f,0.6812499999999999f,0f,0f,0f,1f], start_interpolation: 0, interpolation_duration: 1 }
$data merge entity $(bone_front_body) { transformation: [-2.28125f,0f,2.7937255105548995e-16f,-0.062499999999999924f,0f,2.28125f,0f,-0.3120625f,-2.7937255105548995e-16f,0f,-2.28125f,-0.6609375f,0f,0f,0f,1f], start_interpolation: 0, interpolation_duration: 1 }
$data merge entity $(bone_rear_body) { transformation: [-1f,0f,1.2246467991473532e-16f,0.015625000000000187f,0f,1f,0f,-0.78828125f,-1.2246467991473532e-16f,0f,-1f,-1.5203125f,0f,0f,0f,1f], start_interpolation: 0, interpolation_duration: 1 }