# This file was generated by Animated Java via MC-Build. It is not recommended to edit this file directly.
$data merge entity $(bone_front_leg_right_under2) { transformation: [-1f,-9.100899318238092e-17f,8.194486552889033e-17f,-0.9177724999999998f,0f,0.6691306063588581f,0.7431448254773942f,-1.6125048415672358f,-1.2246467991473532e-16f,0.7431448254773942f,-0.6691306063588581f,-1.8694436093064608f,0f,0f,0f,1f], start_interpolation: 0, interpolation_duration: 1 }
$data merge entity $(bone_rear_leg_right) { transformation: [-1f,-4.981087280387182e-17f,1.1187705205776151e-16f,-0.8674999999999998f,0f,0.9135454576426009f,0.4067366430758002f,-0.7425f,-1.2246467991473532e-16f,0.4067366430758002f,-0.9135454576426009f,-1.69375f,0f,0f,0f,1f], start_interpolation: 0, interpolation_duration: 1 }
$data merge entity $(bone_front_leg_left_under2) { transformation: [-1f,-9.100899318238092e-17f,8.194486552889033e-17f,0.9177725000000002f,0f,0.6691306063588581f,0.7431448254773942f,-1.6125048415672358f,-1.2246467991473532e-16f,0.7431448254773942f,-0.6691306063588581f,-1.8694436093064608f,0f,0f,0f,1f], start_interpolation: 0, interpolation_duration: 1 }
$data merge entity $(bone_rear_leg_left) { transformation: [-1f,-4.981087280387182e-17f,1.1187705205776151e-16f,0.8675000000000003f,0f,0.9135454576426009f,0.4067366430758002f,-0.7425f,-1.2246467991473532e-16f,0.4067366430758002f,-0.9135454576426009f,-1.69375f,0f,0f,0f,1f], start_interpolation: 0, interpolation_duration: 1 }
$data merge entity $(bone_head) { transformation: [-1f,0f,1.2246467991473532e-16f,-1.249000902703301e-16f,0f,1f,0f,-0.795245f,-1.2246467991473532e-16f,0f,-1f,0.982445f,0f,0f,0f,1f], start_interpolation: 0, interpolation_duration: 1 }
$data merge entity $(bone_front_leg_left_under) { transformation: [-1f,9.100899318238092e-17f,8.194486552889033e-17f,1.1677725f,0f,0.6691306063588581f,-0.7431448254773942f,-1.5060547441830452f,-1.2246467991473532e-16f,-0.7431448254773942f,-0.6691306063588581f,1.0960344426170385f,0f,0f,0f,1f], start_interpolation: 0, interpolation_duration: 1 }
$data merge entity $(bone_front_leg_left) { transformation: [-1f,4.981087280387182e-17f,1.1187705205776151e-16f,0.9925f,0f,0.9135454576426009f,-0.4067366430758002f,-0.7425f,-1.2246467991473532e-16f,-0.4067366430758002f,-0.9135454576426009f,0.6812500000000004f,0f,0f,0f,1f], start_interpolation: 0, interpolation_duration: 1 }
$data merge entity $(bone_front_leg_right_under) { transformation: [-1f,9.100899318238092e-17f,8.194486552889033e-17f,-1.2707031250000003f,0f,0.6691306063588581f,-0.7431448254773942f,-1.509269321497902f,-1.2246467991473532e-16f,-0.7431448254773942f,-0.6691306063588581f,1.016081509784852f,0f,0f,0f,1f], start_interpolation: 0, interpolation_duration: 1 }
$data merge entity $(bone_front_leg_right) { transformation: [-1f,4.981087280387182e-17f,1.1187705205776151e-16f,-1.1175000000000002f,0f,0.9135454576426009f,-0.4067366430758002f,-0.7425f,-1.2246467991473532e-16f,-0.4067366430758002f,-0.9135454576426009f,0.6812499999999999f,0f,0f,0f,1f], start_interpolation: 0, interpolation_duration: 1 }
$data merge entity $(bone_front_body) { transformation: [-2.28125f,0f,2.7937255105548995e-16f,-0.062499999999999924f,0f,2.28125f,0f,-0.3745625f,-2.7937255105548995e-16f,0f,-2.28125f,-0.6609375f,0f,0f,0f,1f], start_interpolation: 0, interpolation_duration: 1 }
$data merge entity $(bone_rear_body) { transformation: [-1f,0f,1.2246467991473532e-16f,0.015625000000000187f,0f,1f,0f,-0.85078125f,-1.2246467991473532e-16f,0f,-1f,-1.5203125f,0f,0f,0f,1f], start_interpolation: 0, interpolation_duration: 1 }