# This file was generated by Animated Java via MC-Build. It is not recommended to edit this file directly.
$data merge entity $(bone_rear_leg_right_under) {transformation: [-1f,0f,0f,0.4688f,0f,0.9877f,0.1564f,-1.3488f,0f,0.1564f,-0.9877f,-1.1675f,0f,0f,0f,1f],start_interpolation: 0,interpolation_duration: 1}
$data merge entity $(bone_rear_leg_left) {transformation: [-1f,0f,0f,0.4688f,0f,0.9979f,0.0654f,-0.7062f,0f,0.0654f,-0.9979f,-0.9375f,0f,0f,0f,1f],start_interpolation: 0,interpolation_duration: 1}
$data merge entity $(bone_right_leg_left_under) {transformation: [-1f,0f,0f,-0.5625f,0f,0.9877f,0.1564f,-1.3518f,0f,0.1564f,-0.9877f,-1.1591f,0f,0f,0f,1f],start_interpolation: 0,interpolation_duration: 1}
$data merge entity $(bone_rear_leg_right) {transformation: [-1f,0f,0f,-0.4687f,0f,0.9986f,0.0523f,-0.7062f,0f,0.0523f,-0.9986f,-0.9375f,0f,0f,0f,1f],start_interpolation: 0,interpolation_duration: 1}
$data merge entity $(bone_tale) {transformation: [-1.3229f,0f,0f,0f,0f,1.3219f,-0.0519f,-0.4016f,0f,-0.0519f,-1.3219f,-1.3828f,0f,0f,0f,1f],start_interpolation: 0,interpolation_duration: 1}
$data merge entity $(bone_rear_body) {transformation: [-1.1719f,0f,0f,0f,0f,1.1719f,0f,-0.7297f,0f,0f,-1.1719f,0.3516f,0f,0f,0f,1f],start_interpolation: 0,interpolation_duration: 1}
$data merge entity $(bone_head) {transformation: [-1f,0f,0f,-0.0156f,0f,0.9962f,0.0872f,-0.1031f,0f,0.0872f,-0.9962f,1.1594f,0f,0f,0f,1f],start_interpolation: 0,interpolation_duration: 1}
$data merge entity $(bone_talon_left) {transformation: [-1.0104f,0f,0f,0.6152f,0f,1.0104f,-0.0044f,-1.8165f,0f,-0.0044f,-1.0104f,0.7107f,0f,0f,0f,1f],start_interpolation: 0,interpolation_duration: 1}
$data merge entity $(bone_front_leg_left_under) {transformation: [-1f,0f,0f,0.6006f,0f,0.9877f,-0.1564f,-1.349f,0f,-0.1564f,-0.9877f,0.6663f,0f,0f,0f,1f],start_interpolation: 0,interpolation_duration: 1}
$data merge entity $(bone_front_leg_left) {transformation: [-1f,0f,0f,0.5625f,0f,0.9969f,-0.0785f,-0.7062f,0f,-0.0785f,-0.9969f,0.4688f,0f,0f,0f,1f],start_interpolation: 0,interpolation_duration: 1}
$data merge entity $(bone_talon_right) {transformation: [-1.0104f,0f,0f,-0.6299f,0f,1.0104f,-0.0044f,-1.8109f,0f,-0.0044f,-1.0104f,0.7188f,0f,0f,0f,1f],start_interpolation: 0,interpolation_duration: 1}
$data merge entity $(bone_front_leg_right_under) {transformation: [-1f,0f,0f,-0.5625f,0f,0.9877f,-0.1564f,-1.3525f,0f,-0.1564f,-0.9877f,0.6165f,0f,0f,0f,1f],start_interpolation: 0,interpolation_duration: 1}
$data merge entity $(bone_front_leg_right) {transformation: [-1f,0f,0f,-0.5625f,0f,0.9966f,-0.0828f,-0.7062f,0f,-0.0828f,-0.9966f,0.4687f,0f,0f,0f,1f],start_interpolation: 0,interpolation_duration: 1}
$data merge entity $(bone_front_body) {transformation: [-1f,0f,0f,0f,0f,1f,0f,-0.7297f,0f,0f,-1f,0.3516f,0f,0f,0f,1f],start_interpolation: 0,interpolation_duration: 1}