# This file was generated by Animated Java via MC-Build. It is not recommended to edit this file directly.
$data merge entity $(bone_rear_leg_right_under) {transformation: [-1f,0f,0f,0.4688f,0f,0.5878f,0.809f,-1.647f,0f,0.809f,-0.5878f,-1.3619f,0f,0f,0f,1f],start_interpolation: 0,interpolation_duration: 1}
$data merge entity $(bone_rear_leg_left) {transformation: [-1f,0f,0f,0.4688f,0f,0.9239f,0.3827f,-1.1125f,0f,0.3827f,-0.9239f,-0.9375f,0f,0f,0f,1f],start_interpolation: 0,interpolation_duration: 1}
$data merge entity $(bone_right_leg_left_under) {transformation: [-1f,0f,0f,-0.5625f,0f,0.5878f,0.809f,-1.6787f,0f,0.809f,-0.5878f,-1.3186f,0f,0f,0f,1f],start_interpolation: 0,interpolation_duration: 1}
$data merge entity $(bone_rear_leg_right) {transformation: [-1f,0f,0f,-0.4687f,0f,0.9511f,0.309f,-1.1125f,0f,0.309f,-0.9511f,-0.9375f,0f,0f,0f,1f],start_interpolation: 0,interpolation_duration: 1}
$data merge entity $(bone_tale) {transformation: [-1.3229f,0f,0f,0f,0f,1.2864f,-0.3088f,-0.8078f,0f,-0.3088f,-1.2864f,-1.3828f,0f,0f,0f,1f],start_interpolation: 0,interpolation_duration: 1}
$data merge entity $(bone_rear_body) {transformation: [-1.1719f,0f,0f,0f,0f,1.1719f,0f,-1.1359f,0f,0f,-1.1719f,0.3516f,0f,0f,0f,1f],start_interpolation: 0,interpolation_duration: 1}
$data merge entity $(bone_head) {transformation: [-1f,0f,0f,-0.0156f,0f,0.866f,0.5f,-0.6969f,0f,0.5f,-0.866f,1.2531f,0f,0f,0f,1f],start_interpolation: 0,interpolation_duration: 1}
$data merge entity $(bone_talon_left) {transformation: [-1.0104f,0f,0f,0.6152f,0f,1.0101f,-0.0264f,-1.9299f,0f,-0.0264f,-1.0101f,1.2592f,0f,0f,0f,1f],start_interpolation: 0,interpolation_duration: 1}
$data merge entity $(bone_front_leg_left_under) {transformation: [-1f,0f,0f,0.6006f,0f,0.5878f,-0.809f,-1.6307f,0f,-0.809f,-0.5878f,0.8972f,0f,0f,0f,1f],start_interpolation: 0,interpolation_duration: 1}
$data merge entity $(bone_front_leg_left) {transformation: [-1f,0f,0f,0.5625f,0f,0.891f,-0.454f,-1.1125f,0f,-0.454f,-0.891f,0.4688f,0f,0f,0f,1f],start_interpolation: 0,interpolation_duration: 1}
$data merge entity $(bone_talon_right) {transformation: [-1.0104f,0f,0f,-0.6299f,0f,1.0101f,-0.0264f,-1.8963f,0f,-0.0264f,-1.0101f,1.2607f,0f,0f,0f,1f],start_interpolation: 0,interpolation_duration: 1}
$data merge entity $(bone_front_leg_right_under) {transformation: [-1f,0f,0f,-0.5625f,0f,0.5878f,-0.809f,-1.6445f,0f,-0.809f,-0.5878f,0.8643f,0f,0f,0f,1f],start_interpolation: 0,interpolation_duration: 1}
$data merge entity $(bone_front_leg_right) {transformation: [-1f,0f,0f,-0.5625f,0f,0.8788f,-0.4772f,-1.1125f,0f,-0.4772f,-0.8788f,0.4687f,0f,0f,0f,1f],start_interpolation: 0,interpolation_duration: 1}
$data merge entity $(bone_front_body) {transformation: [-1f,0f,0f,0f,0f,1f,0f,-1.1359f,0f,0f,-1f,0.3516f,0f,0f,0f,1f],start_interpolation: 0,interpolation_duration: 1}