# This file was generated by Animated Java via MC-Build. It is not recommended to edit this file directly.
$data merge entity $(bone_front_leg_right_under2) {transformation: [-1f,0f,0f,-0.9178f,0f,0.6691f,0.7431f,-1.6125f,0f,0.7431f,-0.6691f,-1.8694f,0f,0f,0f,1f],start_interpolation: 0,interpolation_duration: 1}
$data merge entity $(bone_rear_leg_right) {transformation: [-1f,0f,0f,-0.8675f,0f,0.9135f,0.4067f,-0.7425f,0f,0.4067f,-0.9135f,-1.6937f,0f,0f,0f,1f],start_interpolation: 0,interpolation_duration: 1}
$data merge entity $(bone_front_leg_left_under2) {transformation: [-1f,0f,0f,0.9178f,0f,0.6691f,0.7431f,-1.6125f,0f,0.7431f,-0.6691f,-1.8694f,0f,0f,0f,1f],start_interpolation: 0,interpolation_duration: 1}
$data merge entity $(bone_rear_leg_left) {transformation: [-1f,0f,0f,0.8675f,0f,0.9135f,0.4067f,-0.7425f,0f,0.4067f,-0.9135f,-1.6937f,0f,0f,0f,1f],start_interpolation: 0,interpolation_duration: 1}
$data merge entity $(bone_head) {transformation: [-1f,0f,0f,0f,0f,1f,0f,-0.7952f,0f,0f,-1f,0.9824f,0f,0f,0f,1f],start_interpolation: 0,interpolation_duration: 1}
$data merge entity $(bone_front_leg_left_under) {transformation: [-1f,0f,0f,1.1678f,0f,0.6691f,-0.7431f,-1.5061f,0f,-0.7431f,-0.6691f,1.096f,0f,0f,0f,1f],start_interpolation: 0,interpolation_duration: 1}
$data merge entity $(bone_front_leg_left) {transformation: [-1f,0f,0f,0.9925f,0f,0.9135f,-0.4067f,-0.7425f,0f,-0.4067f,-0.9135f,0.6813f,0f,0f,0f,1f],start_interpolation: 0,interpolation_duration: 1}
$data merge entity $(bone_front_leg_right_under) {transformation: [-1f,0f,0f,-1.2707f,0f,0.6691f,-0.7431f,-1.5093f,0f,-0.7431f,-0.6691f,1.0161f,0f,0f,0f,1f],start_interpolation: 0,interpolation_duration: 1}
$data merge entity $(bone_front_leg_right) {transformation: [-1f,0f,0f,-1.1175f,0f,0.9135f,-0.4067f,-0.7425f,0f,-0.4067f,-0.9135f,0.6812f,0f,0f,0f,1f],start_interpolation: 0,interpolation_duration: 1}
$data merge entity $(bone_front_body) {transformation: [-2.2812f,0f,0f,-0.0625f,0f,2.2813f,0f,-0.3746f,0f,0f,-2.2812f,-0.6609f,0f,0f,0f,1f],start_interpolation: 0,interpolation_duration: 1}
$data merge entity $(bone_rear_body) {transformation: [-1f,0f,0f,0.0156f,0f,1f,0f,-0.8508f,0f,0f,-1f,-1.5203f,0f,0f,0f,1f],start_interpolation: 0,interpolation_duration: 1}