# This file was generated by Animated Java via MC-Build. It is not recommended to edit this file directly.
$data merge entity $(bone_front_leg_right_under2) {transformation: [-1f,0f,0f,-0.9178f,0f,0.5878f,0.809f,-1.6646f,0f,0.809f,-0.5878f,-1.9147f,0f,0f,0f,1f],start_interpolation: 0,interpolation_duration: 1}
$data merge entity $(bone_rear_leg_right) {transformation: [-1f,0f,0f,-0.8675f,0f,0.891f,0.454f,-0.805f,0f,0.454f,-0.891f,-1.6937f,0f,0f,0f,1f],start_interpolation: 0,interpolation_duration: 1}
$data merge entity $(bone_front_leg_left_under2) {transformation: [-1f,0f,0f,0.9178f,0f,0.5878f,0.809f,-1.6646f,0f,0.809f,-0.5878f,-1.9147f,0f,0f,0f,1f],start_interpolation: 0,interpolation_duration: 1}
$data merge entity $(bone_rear_leg_left) {transformation: [-1f,0f,0f,0.8675f,0f,0.891f,0.454f,-0.805f,0f,0.454f,-0.891f,-1.6937f,0f,0f,0f,1f],start_interpolation: 0,interpolation_duration: 1}
$data merge entity $(bone_head) {transformation: [-1f,0f,0f,0f,0f,1f,0f,-0.8577f,0f,0f,-1f,0.9824f,0f,0f,0f,1f],start_interpolation: 0,interpolation_duration: 1}
$data merge entity $(bone_front_leg_left_under) {transformation: [-1f,0f,0f,1.1678f,0f,0.5878f,-0.809f,-1.5458f,0f,-0.809f,-0.5878f,1.1354f,0f,0f,0f,1f],start_interpolation: 0,interpolation_duration: 1}
$data merge entity $(bone_front_leg_left) {transformation: [-1f,0f,0f,0.9925f,0f,0.891f,-0.454f,-0.805f,0f,-0.454f,-0.891f,0.6813f,0f,0f,0f,1f],start_interpolation: 0,interpolation_duration: 1}
$data merge entity $(bone_front_leg_right_under) {transformation: [-1f,0f,0f,-1.2707f,0f,0.5878f,-0.809f,-1.5532f,0f,-0.809f,-0.5878f,1.0558f,0f,0f,0f,1f],start_interpolation: 0,interpolation_duration: 1}
$data merge entity $(bone_front_leg_right) {transformation: [-1f,0f,0f,-1.1175f,0f,0.891f,-0.454f,-0.805f,0f,-0.454f,-0.891f,0.6812f,0f,0f,0f,1f],start_interpolation: 0,interpolation_duration: 1}
$data merge entity $(bone_front_body) {transformation: [-2.2812f,0f,0f,-0.0625f,0f,2.2813f,0f,-0.4371f,0f,0f,-2.2812f,-0.6609f,0f,0f,0f,1f],start_interpolation: 0,interpolation_duration: 1}
$data merge entity $(bone_rear_body) {transformation: [-1f,0f,0f,0.0156f,0f,1f,0f,-0.9133f,0f,0f,-1f,-1.5203f,0f,0f,0f,1f],start_interpolation: 0,interpolation_duration: 1}