# This file was generated by Animated Java via MC-Build. It is not recommended to edit this file directly.
$data merge entity $(bone_bone4) {transformation: [-0.9239f,-0.357f,-0.1379f,0.3409f,-0.3827f,0.8618f,0.333f,-1.4649f,0f,0.3604f,-0.9328f,0.2691f,0f,0f,0f,1f],start_interpolation: 0,interpolation_duration: 1}
$data merge entity $(bone_bone) {transformation: [-0.9239f,-0.3454f,0.1647f,0.125f,-0.3827f,0.8339f,-0.3977f,-0.9437f,0f,-0.4305f,-0.9026f,0f,0f,0f,0f,1f],start_interpolation: 0,interpolation_duration: 1}
$data merge entity $(bone_bone5) {transformation: [-0.8434f,0.5233f,0.122f,-0.4218f,0.5373f,0.8214f,0.1915f,-1.4097f,0f,0.2271f,-0.9739f,0.2922f,0f,0f,0f,1f],start_interpolation: 0,interpolation_duration: 1}
$data merge entity $(bone_bone2) {transformation: [-0.8434f,0.475f,-0.2512f,-0.125f,0.5373f,0.7455f,-0.3943f,-0.9437f,0f,-0.4675f,-0.884f,0f,0f,0f,0f,1f],start_interpolation: 0,interpolation_duration: 1}
$data merge entity $(bone_head) {transformation: [-0.999f,0f,0.0436f,0f,0f,1f,0f,-0.0687f,-0.0436f,0f,-0.999f,0f,0f,0f,0f,1f],start_interpolation: 0,interpolation_duration: 1}
$data merge entity $(bone_bone6) {transformation: [-0.8659f,-0.4678f,0.1772f,0.8295f,-0.5f,0.8201f,-0.2784f,-0.9486f,-0.0151f,-0.3297f,-0.944f,0.0457f,0f,0f,0f,1f],start_interpolation: 0,interpolation_duration: 1}
$data merge entity $(bone_left_down_arm) {transformation: [-0.8659f,-0.4678f,0.1772f,0.5663f,-0.5f,0.8201f,-0.2784f,-0.4873f,-0.0151f,-0.3297f,-0.944f,-0.1398f,0f,0f,0f,1f],start_interpolation: 0,interpolation_duration: 1}
$data merge entity $(bone_left_upper_arm) {transformation: [-0.8659f,-0.4757f,-0.1546f,0.25f,-0.5f,0.8138f,0.2962f,-0.1937f,-0.0151f,0.3338f,-0.9425f,0.0044f,0f,0f,0f,1f],start_interpolation: 0,interpolation_duration: 1}
$data merge entity $(bone_bone7) {transformation: [-0.8659f,0.4248f,-0.2642f,-0.7825f,0.5f,0.719f,-0.4827f,-0.8616f,-0.0151f,-0.5501f,-0.835f,0.1397f,0f,0f,0f,1f],start_interpolation: 0,interpolation_duration: 1}
$data merge entity $(bone_left_down_arm2) {transformation: [-0.8659f,0.4248f,-0.2642f,-0.56f,0.5f,0.719f,-0.4827f,-0.4873f,-0.0151f,-0.5501f,-0.835f,-0.2219f,0f,0f,0f,1f],start_interpolation: 0,interpolation_duration: 1}
$data merge entity $(bone_left_upper_arm2) {transformation: [-0.8659f,0.4638f,0.1874f,-0.2489f,0.5f,0.8138f,0.2962f,-0.1937f,-0.0151f,0.3502f,-0.9366f,-0.0669f,0f,0f,0f,1f],start_interpolation: 0,interpolation_duration: 1}
$data merge entity $(bone_upperbody) {transformation: [-0.9998f,0f,0.0175f,-0.1864f,0f,1f,0f,-0.4437f,-0.0175f,0f,-0.9998f,-0.0658f,0f,0f,0f,1f],start_interpolation: 0,interpolation_duration: 1}
$data merge entity $(bone_downbody) {transformation: [-0.9998f,0f,0.0175f,0f,0f,1f,0f,-0.9437f,-0.0175f,0f,-0.9998f,0f,0f,0f,0f,1f],start_interpolation: 0,interpolation_duration: 1}