# This file was generated by Animated Java via MC-Build. It is not recommended to edit this file directly.
$data merge entity $(bone_bone4) {transformation: [-0.9239f,-0.3272f,-0.1985f,0.3321f,-0.3827f,0.7898f,0.4793f,-1.5001f,0f,0.5188f,-0.8549f,0.3125f,0f,0f,0f,1f],start_interpolation: 0,interpolation_duration: 1}
$data merge entity $(bone_bone) {transformation: [-0.9239f,-0.3314f,0.1913f,0.125f,-0.3827f,0.8001f,-0.4619f,-1f,0f,-0.5f,-0.866f,0f,0f,0f,0f,1f],start_interpolation: 0,interpolation_duration: 1}
$data merge entity $(bone_bone5) {transformation: [-0.8434f,0.5088f,0.1727f,-0.4121f,0.5373f,0.7986f,0.2711f,-1.4506f,0f,0.3214f,-0.9469f,0.3242f,0f,0f,0f,1f],start_interpolation: 0,interpolation_duration: 1}
$data merge entity $(bone_bone2) {transformation: [-0.8434f,0.4593f,-0.2787f,-0.125f,0.5373f,0.721f,-0.4375f,-1f,0f,-0.5188f,-0.8549f,0f,0f,0f,0f,1f],start_interpolation: 0,interpolation_duration: 1}
$data merge entity $(bone_head) {transformation: [-0.9063f,0f,0.4226f,0f,0f,1f,0f,-0.125f,-0.4226f,0f,-0.9063f,0f,0f,0f,0f,1f],start_interpolation: 0,interpolation_duration: 1}
$data merge entity $(bone_bone6) {transformation: [-0.8529f,-0.3396f,0.3966f,0.7723f,-0.5f,0.75f,-0.433f,-0.9654f,-0.1504f,-0.5676f,-0.8095f,0.2698f,0f,0f,0f,1f],start_interpolation: 0,interpolation_duration: 1}
$data merge entity $(bone_left_down_arm) {transformation: [-0.8529f,-0.3396f,0.3966f,0.5812f,-0.5f,0.75f,-0.433f,-0.5435f,-0.1504f,-0.5676f,-0.8095f,-0.0495f,0f,0f,0f,1f],start_interpolation: 0,interpolation_duration: 1}
$data merge entity $(bone_left_upper_arm) {transformation: [-0.8529f,-0.5221f,-0.0052f,0.2462f,-0.5f,0.8138f,0.2962f,-0.25f,-0.1504f,0.2552f,-0.9551f,0.0434f,0f,0f,0f,1f],start_interpolation: 0,interpolation_duration: 1}
$data merge entity $(bone_bone7) {transformation: [-0.8529f,0.5206f,-0.0394f,-0.8088f,0.5f,0.7927f,-0.3488f,-0.9676f,-0.1504f,-0.3172f,-0.9364f,-0.0699f,0f,0f,0f,1f],start_interpolation: 0,interpolation_duration: 1}
$data merge entity $(bone_left_down_arm2) {transformation: [-0.8529f,0.5206f,-0.0394f,-0.5184f,0.5f,0.7927f,-0.3488f,-0.5435f,-0.1504f,-0.3172f,-0.9364f,-0.3068f,0f,0f,0f,1f],start_interpolation: 0,interpolation_duration: 1}
$data merge entity $(bone_left_upper_arm2) {transformation: [-0.8529f,0.4033f,0.3316f,-0.2353f,0.5f,0.8138f,0.2962f,-0.25f,-0.1504f,0.4184f,-0.8957f,-0.105f,0f,0f,0f,1f],start_interpolation: 0,interpolation_duration: 1}
$data merge entity $(bone_upperbody) {transformation: [-0.9848f,0f,0.1736f,-0.1738f,0f,1f,0f,-0.5f,-0.1736f,0f,-0.9848f,-0.0941f,0f,0f,0f,1f],start_interpolation: 0,interpolation_duration: 1}
$data merge entity $(bone_downbody) {transformation: [-0.9848f,0f,0.1736f,0f,0f,1f,0f,-1f,-0.1736f,0f,-0.9848f,0f,0f,0f,0f,1f],start_interpolation: 0,interpolation_duration: 1}