# This file was generated by Animated Java via MC-Build. It is not recommended to edit this file directly.
$data merge entity $(bone_bone4) {transformation: [-0.9239f,-0.3232f,-0.2049f,0.3311f,-0.3827f,0.7803f,0.4947f,-1.5038f,0f,0.5355f,-0.8446f,0.3172f,0f,0f,0f,1f],start_interpolation: 0,interpolation_duration: 1}
$data merge entity $(bone_bone) {transformation: [-0.9239f,-0.3297f,0.1942f,0.125f,-0.3827f,0.796f,-0.4689f,-1.0062f,0f,-0.5075f,-0.8616f,0f,0f,0f,0f,1f],start_interpolation: 0,interpolation_duration: 1}
$data merge entity $(bone_bone5) {transformation: [-0.8434f,0.5069f,0.1782f,-0.4109f,0.5373f,0.7956f,0.2798f,-1.4551f,0f,0.3317f,-0.9434f,0.3277f,0f,0f,0f,1f],start_interpolation: 0,interpolation_duration: 1}
$data merge entity $(bone_bone2) {transformation: [-0.8434f,0.4575f,-0.2817f,-0.125f,0.5373f,0.7181f,-0.4422f,-1.0062f,0f,-0.5244f,-0.8515f,0f,0f,0f,0f,1f],start_interpolation: 0,interpolation_duration: 1}
$data merge entity $(bone_head) {transformation: [-0.887f,0f,0.4617f,0f,0f,1f,0f,-0.1313f,-0.4617f,0f,-0.887f,0f,0f,0f,0f,1f],start_interpolation: 0,interpolation_duration: 1}
$data merge entity $(bone_bone6) {transformation: [-0.8501f,-0.3206f,0.4177f,0.7623f,-0.5f,0.7404f,-0.4493f,-0.9662f,-0.1652f,-0.5908f,-0.7897f,0.293f,0f,0f,0f,1f],start_interpolation: 0,interpolation_duration: 1}
$data merge entity $(bone_left_down_arm) {transformation: [-0.8501f,-0.3206f,0.4177f,0.582f,-0.5f,0.7404f,-0.4493f,-0.5498f,-0.1652f,-0.5908f,-0.7897f,-0.0393f,0f,0f,0f,1f],start_interpolation: 0,interpolation_duration: 1}
$data merge entity $(bone_left_upper_arm) {transformation: [-0.8501f,-0.5265f,0.0114f,0.2454f,-0.5f,0.8138f,0.2962f,-0.2563f,-0.1652f,0.2461f,-0.9551f,0.0477f,0f,0f,0f,1f],start_interpolation: 0,interpolation_duration: 1}
$data merge entity $(bone_bone7) {transformation: [-0.8501f,0.5264f,-0.0127f,-0.8083f,0.5f,0.7994f,-0.3332f,-0.9786f,-0.1652f,-0.2896f,-0.9428f,-0.094f,0f,0f,0f,1f],start_interpolation: 0,interpolation_duration: 1}
$data merge entity $(bone_left_down_arm2) {transformation: [-0.8501f,0.5264f,-0.0127f,-0.513f,0.5f,0.7994f,-0.3332f,-0.5498f,-0.1652f,-0.2896f,-0.9428f,-0.3158f,0f,0f,0f,1f],start_interpolation: 0,interpolation_duration: 1}
$data merge entity $(bone_left_upper_arm2) {transformation: [-0.8501f,0.396f,0.3472f,-0.2335f,0.5f,0.8138f,0.2962f,-0.2563f,-0.1652f,0.4254f,-0.8898f,-0.1091f,0f,0f,0f,1f],start_interpolation: 0,interpolation_duration: 1}
$data merge entity $(bone_upperbody) {transformation: [-0.9816f,0f,0.1908f,-0.1721f,0f,1f,0f,-0.5063f,-0.1908f,0f,-0.9816f,-0.0971f,0f,0f,0f,1f],start_interpolation: 0,interpolation_duration: 1}
$data merge entity $(bone_downbody) {transformation: [-0.9816f,0f,0.1908f,0f,0f,1f,0f,-1.0062f,-0.1908f,0f,-0.9816f,0f,0f,0f,0f,1f],start_interpolation: 0,interpolation_duration: 1}