# This file was generated by Animated Java via MC-Build. It is not recommended to edit this file directly.
$data merge entity $(bone_bone4) {transformation: [-0.9239f,-0.3191f,-0.2112f,0.33f,-0.3827f,0.7704f,0.5099f,-1.5074f,0f,0.5519f,-0.8339f,0.3219f,0f,0f,0f,1f],start_interpolation: 0,interpolation_duration: 1}
$data merge entity $(bone_bone) {transformation: [-0.9239f,-0.328f,0.1971f,0.125f,-0.3827f,0.7919f,-0.4758f,-1.0125f,0f,-0.515f,-0.8572f,0f,0f,0f,0f,1f],start_interpolation: 0,interpolation_duration: 1}
$data merge entity $(bone_bone5) {transformation: [-0.8434f,0.5049f,0.1838f,-0.4098f,0.5373f,0.7925f,0.2885f,-1.4595f,0f,0.342f,-0.9397f,0.3312f,0f,0f,0f,1f],start_interpolation: 0,interpolation_duration: 1}
$data merge entity $(bone_bone2) {transformation: [-0.8434f,0.4557f,-0.2847f,-0.125f,0.5373f,0.7152f,-0.4469f,-1.0125f,0f,-0.5299f,-0.848f,0f,0f,0f,0f,1f],start_interpolation: 0,interpolation_duration: 1}
$data merge entity $(bone_head) {transformation: [-0.866f,0f,0.5f,0f,0f,1f,0f,-0.1375f,-0.5f,0f,-0.866f,0f,0f,0f,0f,1f],start_interpolation: 0,interpolation_duration: 1}
$data merge entity $(bone_bone6) {transformation: [-0.8471f,-0.3008f,0.4381f,0.7518f,-0.5f,0.7304f,-0.4653f,-0.9669f,-0.1801f,-0.6132f,-0.7691f,0.3158f,0f,0f,0f,1f],start_interpolation: 0,interpolation_duration: 1}
$data merge entity $(bone_left_down_arm) {transformation: [-0.8471f,-0.3008f,0.4381f,0.5826f,-0.5f,0.7304f,-0.4653f,-0.556f,-0.1801f,-0.6132f,-0.7691f,-0.0291f,0f,0f,0f,1f],start_interpolation: 0,interpolation_duration: 1}
$data merge entity $(bone_left_upper_arm) {transformation: [-0.8471f,-0.5307f,0.0281f,0.2445f,-0.5f,0.8138f,0.2962f,-0.2625f,-0.1801f,0.2369f,-0.9547f,0.052f,0f,0f,0f,1f],start_interpolation: 0,interpolation_duration: 1}
$data merge entity $(bone_bone7) {transformation: [-0.8471f,0.5312f,0.0142f,-0.8071f,0.5f,0.8058f,-0.3174f,-0.9894f,-0.1801f,-0.2618f,-0.9482f,-0.1182f,0f,0f,0f,1f],start_interpolation: 0,interpolation_duration: 1}
$data merge entity $(bone_left_down_arm2) {transformation: [-0.8471f,0.5312f,0.0142f,-0.5074f,0.5f,0.8058f,-0.3174f,-0.556f,-0.1801f,-0.2618f,-0.9482f,-0.3247f,0f,0f,0f,1f],start_interpolation: 0,interpolation_duration: 1}
$data merge entity $(bone_left_upper_arm2) {transformation: [-0.8471f,0.3885f,0.3626f,-0.2315f,0.5f,0.8138f,0.2962f,-0.2625f,-0.1801f,0.4322f,-0.8836f,-0.1131f,0f,0f,0f,1f],start_interpolation: 0,interpolation_duration: 1}
$data merge entity $(bone_upperbody) {transformation: [-0.9781f,0f,0.2079f,-0.1704f,0f,1f,0f,-0.5125f,-0.2079f,0f,-0.9781f,-0.1001f,0f,0f,0f,1f],start_interpolation: 0,interpolation_duration: 1}
$data merge entity $(bone_downbody) {transformation: [-0.9781f,0f,0.2079f,0f,0f,1f,0f,-1.0125f,-0.2079f,0f,-0.9781f,0f,0f,0f,0f,1f],start_interpolation: 0,interpolation_duration: 1}