# This file was generated by Animated Java via MC-Build. It is not recommended to edit this file directly.
$data merge entity $(bone_bone4) {transformation: [-0.9239f,-0.3149f,-0.2174f,0.3289f,-0.3827f,0.7602f,0.525f,-1.5111f,0f,0.5682f,-0.8229f,0.3266f,0f,0f,0f,1f],start_interpolation: 0,interpolation_duration: 1}
$data merge entity $(bone_bone) {transformation: [-0.9239f,-0.3263f,0.2f,0.125f,-0.3827f,0.7877f,-0.4827f,-1.0187f,0f,-0.5225f,-0.8526f,0f,0f,0f,0f,1f],start_interpolation: 0,interpolation_duration: 1}
$data merge entity $(bone_bone5) {transformation: [-0.8434f,0.5029f,0.1893f,-0.4086f,0.5373f,0.7893f,0.2971f,-1.4639f,0f,0.3523f,-0.9359f,0.3347f,0f,0f,0f,1f],start_interpolation: 0,interpolation_duration: 1}
$data merge entity $(bone_bone2) {transformation: [-0.8434f,0.4538f,-0.2877f,-0.125f,0.5373f,0.7123f,-0.4516f,-1.0187f,0f,-0.5355f,-0.8446f,0f,0f,0f,0f,1f],start_interpolation: 0,interpolation_duration: 1}
$data merge entity $(bone_head) {transformation: [-0.8434f,0f,0.5373f,0f,0f,1f,0f,-0.1438f,-0.5373f,0f,-0.8434f,0f,0f,0f,0f,1f],start_interpolation: 0,interpolation_duration: 1}
$data merge entity $(bone_bone6) {transformation: [-0.8438f,-0.2801f,0.4577f,0.7406f,-0.5f,0.7201f,-0.4811f,-0.9673f,-0.1948f,-0.6349f,-0.7477f,0.3381f,0f,0f,0f,1f],start_interpolation: 0,interpolation_duration: 1}
$data merge entity $(bone_left_down_arm) {transformation: [-0.8438f,-0.2801f,0.4577f,0.583f,-0.5f,0.7201f,-0.4811f,-0.5623f,-0.1948f,-0.6349f,-0.7477f,-0.019f,0f,0f,0f,1f],start_interpolation: 0,interpolation_duration: 1}
$data merge entity $(bone_left_upper_arm) {transformation: [-0.8438f,-0.5347f,0.0448f,0.2436f,-0.5f,0.8138f,0.2962f,-0.2688f,-0.1948f,0.2276f,-0.9541f,0.0562f,0f,0f,0f,1f],start_interpolation: 0,interpolation_duration: 1}
$data merge entity $(bone_bone7) {transformation: [-0.8438f,0.535f,0.0413f,-0.8052f,0.5f,0.8118f,-0.3015f,-1.0001f,-0.1948f,-0.2338f,-0.9526f,-0.1425f,0f,0f,0f,1f],start_interpolation: 0,interpolation_duration: 1}
$data merge entity $(bone_left_down_arm2) {transformation: [-0.8438f,0.535f,0.0413f,-0.5016f,0.5f,0.8118f,-0.3015f,-0.5623f,-0.1948f,-0.2338f,-0.9526f,-0.3335f,0f,0f,0f,1f],start_interpolation: 0,interpolation_duration: 1}
$data merge entity $(bone_left_upper_arm2) {transformation: [-0.8438f,0.3809f,0.378f,-0.2295f,0.5f,0.8138f,0.2962f,-0.2688f,-0.1948f,0.4389f,-0.8771f,-0.1171f,0f,0f,0f,1f],start_interpolation: 0,interpolation_duration: 1}
$data merge entity $(bone_upperbody) {transformation: [-0.9744f,0f,0.225f,-0.1686f,0f,1f,0f,-0.5187f,-0.225f,0f,-0.9744f,-0.1031f,0f,0f,0f,1f],start_interpolation: 0,interpolation_duration: 1}
$data merge entity $(bone_downbody) {transformation: [-0.9744f,0f,0.225f,0f,0f,1f,0f,-1.0187f,-0.225f,0f,-0.9744f,0f,0f,0f,0f,1f],start_interpolation: 0,interpolation_duration: 1}