# This file was generated by Animated Java via MC-Build. It is not recommended to edit this file directly.
$data merge entity $(bone_bone4) {transformation: [-0.9239f,-0.3106f,-0.2236f,0.3278f,-0.3827f,0.7498f,0.5398f,-1.5147f,0f,0.5842f,-0.8116f,0.3312f,0f,0f,0f,1f],start_interpolation: 0,interpolation_duration: 1}
$data merge entity $(bone_bone) {transformation: [-0.9239f,-0.3245f,0.2028f,0.125f,-0.3827f,0.7835f,-0.4896f,-1.025f,0f,-0.5299f,-0.848f,0f,0f,0f,0f,1f],start_interpolation: 0,interpolation_duration: 1}
$data merge entity $(bone_bone5) {transformation: [-0.8434f,0.5008f,0.1947f,-0.4074f,0.5373f,0.786f,0.3057f,-1.4683f,0f,0.3624f,-0.932f,0.3381f,0f,0f,0f,1f],start_interpolation: 0,interpolation_duration: 1}
$data merge entity $(bone_bone2) {transformation: [-0.8434f,0.4519f,-0.2907f,-0.125f,0.5373f,0.7093f,-0.4563f,-1.025f,0f,-0.541f,-0.841f,0f,0f,0f,0f,1f],start_interpolation: 0,interpolation_duration: 1}
$data merge entity $(bone_head) {transformation: [-0.8192f,0f,0.5736f,0f,0f,1f,0f,-0.15f,-0.5736f,0f,-0.8192f,0f,0f,0f,0f,1f],start_interpolation: 0,interpolation_duration: 1}
$data merge entity $(bone_bone6) {transformation: [-0.8403f,-0.2586f,0.4764f,0.7288f,-0.5f,0.7094f,-0.4967f,-0.9676f,-0.2095f,-0.6556f,-0.7254f,0.36f,0f,0f,0f,1f],start_interpolation: 0,interpolation_duration: 1}
$data merge entity $(bone_left_down_arm) {transformation: [-0.8403f,-0.2586f,0.4764f,0.5833f,-0.5f,0.7094f,-0.4967f,-0.5685f,-0.2095f,-0.6556f,-0.7254f,-0.0088f,0f,0f,0f,1f],start_interpolation: 0,interpolation_duration: 1}
$data merge entity $(bone_left_upper_arm) {transformation: [-0.8403f,-0.5386f,0.0614f,0.2426f,-0.5f,0.8138f,0.2962f,-0.275f,-0.2095f,0.2182f,-0.9532f,0.0605f,0f,0f,0f,1f],start_interpolation: 0,interpolation_duration: 1}
$data merge entity $(bone_bone7) {transformation: [-0.8403f,0.5378f,0.0684f,-0.8025f,0.5f,0.8176f,-0.2855f,-1.0106f,-0.2095f,-0.2057f,-0.9559f,-0.1668f,0f,0f,0f,1f],start_interpolation: 0,interpolation_duration: 1}
$data merge entity $(bone_left_down_arm2) {transformation: [-0.8403f,0.5378f,0.0684f,-0.4957f,0.5f,0.8176f,-0.2855f,-0.5685f,-0.2095f,-0.2057f,-0.9559f,-0.3422f,0f,0f,0f,1f],start_interpolation: 0,interpolation_duration: 1}
$data merge entity $(bone_left_upper_arm2) {transformation: [-0.8403f,0.3731f,0.3933f,-0.2275f,0.5f,0.8138f,0.2962f,-0.275f,-0.2095f,0.4455f,-0.8704f,-0.1211f,0f,0f,0f,1f],start_interpolation: 0,interpolation_duration: 1}
$data merge entity $(bone_upperbody) {transformation: [-0.9703f,0f,0.2419f,-0.1668f,0f,1f,0f,-0.525f,-0.2419f,0f,-0.9703f,-0.106f,0f,0f,0f,1f],start_interpolation: 0,interpolation_duration: 1}
$data merge entity $(bone_downbody) {transformation: [-0.9703f,0f,0.2419f,0f,0f,1f,0f,-1.025f,-0.2419f,0f,-0.9703f,0f,0f,0f,0f,1f],start_interpolation: 0,interpolation_duration: 1}