# This file was generated by Animated Java via MC-Build. It is not recommended to edit this file directly.
$data merge entity $(bone_bone4) {transformation: [-0.9239f,-0.3016f,-0.2356f,0.3256f,-0.3827f,0.728f,0.5688f,-1.5218f,0f,0.6157f,-0.788f,0.3404f,0f,0f,0f,1f],start_interpolation: 0,interpolation_duration: 1}
$data merge entity $(bone_bone) {transformation: [-0.9239f,-0.3209f,0.2084f,0.125f,-0.3827f,0.7748f,-0.5032f,-1.0375f,0f,-0.5446f,-0.8387f,0f,0f,0f,0f,1f],start_interpolation: 0,interpolation_duration: 1}
$data merge entity $(bone_bone5) {transformation: [-0.8434f,0.4964f,0.2056f,-0.405f,0.5373f,0.7792f,0.3228f,-1.4771f,0f,0.3827f,-0.9239f,0.345f,0f,0f,0f,1f],start_interpolation: 0,interpolation_duration: 1}
$data merge entity $(bone_bone2) {transformation: [-0.8434f,0.448f,-0.2966f,-0.125f,0.5373f,0.7033f,-0.4655f,-1.0375f,0f,-0.5519f,-0.8339f,0f,0f,0f,0f,1f],start_interpolation: 0,interpolation_duration: 1}
$data merge entity $(bone_head) {transformation: [-0.8409f,0f,0.5412f,0f,0f,1f,0f,-0.1625f,-0.5412f,0f,-0.8409f,0f,0f,0f,0f,1f],start_interpolation: 0,interpolation_duration: 1}
$data merge entity $(bone_bone6) {transformation: [-0.8438f,-0.2496f,0.475f,0.7234f,-0.5f,0.6871f,-0.5272f,-0.9675f,-0.1948f,-0.6824f,-0.7045f,0.3649f,0f,0f,0f,1f],start_interpolation: 0,interpolation_duration: 1}
$data merge entity $(bone_left_down_arm) {transformation: [-0.8438f,-0.2496f,0.475f,0.583f,-0.5f,0.6871f,-0.5272f,-0.581f,-0.1948f,-0.6824f,-0.7045f,-0.019f,0f,0f,0f,1f],start_interpolation: 0,interpolation_duration: 1}
$data merge entity $(bone_left_upper_arm) {transformation: [-0.8438f,-0.5347f,0.0448f,0.2436f,-0.5f,0.8138f,0.2962f,-0.2875f,-0.1948f,0.2276f,-0.9541f,0.0562f,0f,0f,0f,1f],start_interpolation: 0,interpolation_duration: 1}
$data merge entity $(bone_bone7) {transformation: [-0.8438f,0.5317f,0.0727f,-0.8052f,0.5f,0.8282f,-0.2532f,-1.0311f,-0.1948f,-0.1773f,-0.9647f,-0.1735f,0f,0f,0f,1f],start_interpolation: 0,interpolation_duration: 1}
$data merge entity $(bone_left_down_arm2) {transformation: [-0.8438f,0.5317f,0.0727f,-0.5016f,0.5f,0.8282f,-0.2532f,-0.581f,-0.1948f,-0.1773f,-0.9647f,-0.3335f,0f,0f,0f,1f],start_interpolation: 0,interpolation_duration: 1}
$data merge entity $(bone_left_upper_arm2) {transformation: [-0.8438f,0.3809f,0.378f,-0.2295f,0.5f,0.8138f,0.2962f,-0.2875f,-0.1948f,0.4389f,-0.8771f,-0.1171f,0f,0f,0f,1f],start_interpolation: 0,interpolation_duration: 1}
$data merge entity $(bone_upperbody) {transformation: [-0.9744f,0f,0.225f,-0.1686f,0f,1f,0f,-0.5375f,-0.225f,0f,-0.9744f,-0.1031f,0f,0f,0f,1f],start_interpolation: 0,interpolation_duration: 1}
$data merge entity $(bone_downbody) {transformation: [-0.9744f,0f,0.225f,0f,0f,1f,0f,-1.0375f,-0.225f,0f,-0.9744f,0f,0f,0f,0f,1f],start_interpolation: 0,interpolation_duration: 1}