# This file was generated by Animated Java via MC-Build. It is not recommended to edit this file directly.
$data merge entity $(bone_bone4) {transformation: [-0.9239f,-0.2969f,-0.2415f,0.3244f,-0.3827f,0.7167f,0.583f,-1.5253f,0f,0.631f,-0.7758f,0.345f,0f,0f,0f,1f],start_interpolation: 0,interpolation_duration: 1}
$data merge entity $(bone_bone) {transformation: [-0.9239f,-0.3191f,0.2112f,0.125f,-0.3827f,0.7704f,-0.5099f,-1.0437f,0f,-0.5519f,-0.8339f,0f,0f,0f,0f,1f],start_interpolation: 0,interpolation_duration: 1}
$data merge entity $(bone_bone5) {transformation: [-0.8434f,0.4941f,0.211f,-0.4038f,0.5373f,0.7756f,0.3312f,-1.4814f,0f,0.3927f,-0.9197f,0.3484f,0f,0f,0f,1f],start_interpolation: 0,interpolation_duration: 1}
$data merge entity $(bone_bone2) {transformation: [-0.8434f,0.4461f,-0.2995f,-0.125f,0.5373f,0.7002f,-0.4701f,-1.0437f,0f,-0.5574f,-0.8303f,0f,0f,0f,0f,1f],start_interpolation: 0,interpolation_duration: 1}
$data merge entity $(bone_head) {transformation: [-0.8827f,0f,0.47f,0f,0f,1f,0f,-0.1687f,-0.47f,0f,-0.8827f,0f,0f,0f,0f,1f],start_interpolation: 0,interpolation_duration: 1}
$data merge entity $(bone_bone6) {transformation: [-0.8501f,-0.2633f,0.456f,0.7301f,-0.5f,0.6754f,-0.5421f,-0.9672f,-0.1652f,-0.6888f,-0.7058f,0.3482f,0f,0f,0f,1f],start_interpolation: 0,interpolation_duration: 1}
$data merge entity $(bone_left_down_arm) {transformation: [-0.8501f,-0.2633f,0.456f,0.582f,-0.5f,0.6754f,-0.5421f,-0.5873f,-0.1652f,-0.6888f,-0.7058f,-0.0393f,0f,0f,0f,1f],start_interpolation: 0,interpolation_duration: 1}
$data merge entity $(bone_left_upper_arm) {transformation: [-0.8501f,-0.5265f,0.0114f,0.2454f,-0.5f,0.8138f,0.2962f,-0.2937f,-0.1652f,0.2461f,-0.9551f,0.0477f,0f,0f,0f,1f],start_interpolation: 0,interpolation_duration: 1}
$data merge entity $(bone_bone7) {transformation: [-0.8501f,0.5243f,0.0493f,-0.811f,0.5f,0.833f,-0.2369f,-1.041f,-0.1652f,-0.1767f,-0.9703f,-0.1558f,0f,0f,0f,1f],start_interpolation: 0,interpolation_duration: 1}
$data merge entity $(bone_left_down_arm2) {transformation: [-0.8501f,0.5243f,0.0493f,-0.513f,0.5f,0.833f,-0.2369f,-0.5873f,-0.1652f,-0.1767f,-0.9703f,-0.3158f,0f,0f,0f,1f],start_interpolation: 0,interpolation_duration: 1}
$data merge entity $(bone_left_upper_arm2) {transformation: [-0.8501f,0.396f,0.3472f,-0.2335f,0.5f,0.8138f,0.2962f,-0.2937f,-0.1652f,0.4254f,-0.8898f,-0.1091f,0f,0f,0f,1f],start_interpolation: 0,interpolation_duration: 1}
$data merge entity $(bone_upperbody) {transformation: [-0.9816f,0f,0.1908f,-0.1721f,0f,1f,0f,-0.5437f,-0.1908f,0f,-0.9816f,-0.0971f,0f,0f,0f,1f],start_interpolation: 0,interpolation_duration: 1}
$data merge entity $(bone_downbody) {transformation: [-0.9816f,0f,0.1908f,0f,0f,1f,0f,-1.0437f,-0.1908f,0f,-0.9816f,0f,0f,0f,0f,1f],start_interpolation: 0,interpolation_duration: 1}