# This file was generated by Animated Java via MC-Build. It is not recommended to edit this file directly.
$data merge entity $(bone_bone4) {transformation: [-0.9239f,-0.2921f,-0.2473f,0.3233f,-0.3827f,0.7051f,0.5969f,-1.5287f,0f,0.6461f,-0.7632f,0.3495f,0f,0f,0f,1f],start_interpolation: 0,interpolation_duration: 1}
$data merge entity $(bone_bone) {transformation: [-0.9239f,-0.3173f,0.214f,0.125f,-0.3827f,0.7659f,-0.5166f,-1.05f,0f,-0.5592f,-0.829f,0f,0f,0f,0f,1f],start_interpolation: 0,interpolation_duration: 1}
$data merge entity $(bone_bone5) {transformation: [-0.8434f,0.4918f,0.2164f,-0.4026f,0.5373f,0.772f,0.3397f,-1.4857f,0f,0.4027f,-0.9153f,0.3518f,0f,0f,0f,1f],start_interpolation: 0,interpolation_duration: 1}
$data merge entity $(bone_bone2) {transformation: [-0.8434f,0.4441f,-0.3024f,-0.125f,0.5373f,0.6971f,-0.4747f,-1.05f,0f,-0.5628f,-0.8266f,0f,0f,0f,0f,1f],start_interpolation: 0,interpolation_duration: 1}
$data merge entity $(bone_head) {transformation: [-0.9184f,0f,0.3955f,0f,0f,1f,0f,-0.175f,-0.3955f,0f,-0.9184f,0f,0f,0f,0f,1f],start_interpolation: 0,interpolation_duration: 1}
$data merge entity $(bone_bone6) {transformation: [-0.8554f,-0.2778f,0.4373f,0.7365f,-0.5f,0.6634f,-0.5567f,-0.9667f,-0.1355f,-0.6948f,-0.7063f,0.3312f,0f,0f,0f,1f],start_interpolation: 0,interpolation_duration: 1}
$data merge entity $(bone_left_down_arm) {transformation: [-0.8554f,-0.2778f,0.4373f,0.5803f,-0.5f,0.6634f,-0.5567f,-0.5935f,-0.1355f,-0.6948f,-0.7063f,-0.0596f,0f,0f,0f,1f],start_interpolation: 0,interpolation_duration: 1}
$data merge entity $(bone_left_upper_arm) {transformation: [-0.8554f,-0.5176f,-0.0219f,0.2469f,-0.5f,0.8138f,0.2962f,-0.3f,-0.1355f,0.2643f,-0.9549f,0.0391f,0f,0f,0f,1f],start_interpolation: 0,interpolation_duration: 1}
$data merge entity $(bone_bone7) {transformation: [-0.8554f,0.5174f,0.0255f,-0.8163f,0.5f,0.8375f,-0.2205f,-1.0508f,-0.1355f,-0.1758f,-0.9751f,-0.1379f,0f,0f,0f,1f],start_interpolation: 0,interpolation_duration: 1}
$data merge entity $(bone_left_down_arm2) {transformation: [-0.8554f,0.5174f,0.0255f,-0.5237f,0.5f,0.8375f,-0.2205f,-0.5935f,-0.1355f,-0.1758f,-0.9751f,-0.2977f,0f,0f,0f,1f],start_interpolation: 0,interpolation_duration: 1}
$data merge entity $(bone_left_upper_arm2) {transformation: [-0.8554f,0.4106f,0.3159f,-0.2371f,0.5f,0.8138f,0.2962f,-0.3f,-0.1355f,0.4113f,-0.9014f,-0.1008f,0f,0f,0f,1f],start_interpolation: 0,interpolation_duration: 1}
$data merge entity $(bone_upperbody) {transformation: [-0.9877f,0f,0.1564f,-0.1754f,0f,1f,0f,-0.55f,-0.1564f,0f,-0.9877f,-0.0911f,0f,0f,0f,1f],start_interpolation: 0,interpolation_duration: 1}
$data merge entity $(bone_downbody) {transformation: [-0.9877f,0f,0.1564f,0f,0f,1f,0f,-1.05f,-0.1564f,0f,-0.9877f,0f,0f,0f,0f,1f],start_interpolation: 0,interpolation_duration: 1}