# This file was generated by Animated Java via MC-Build. It is not recommended to edit this file directly.
$data merge entity $(bone_bone4) {transformation: [-0.9239f,-0.2872f,-0.2529f,0.3221f,-0.3827f,0.6933f,0.6107f,-1.5321f,0f,0.661f,-0.7504f,0.354f,0f,0f,0f,1f],start_interpolation: 0,interpolation_duration: 1}
$data merge entity $(bone_bone) {transformation: [-0.9239f,-0.3154f,0.2168f,0.125f,-0.3827f,0.7614f,-0.5233f,-1.0562f,0f,-0.5664f,-0.8241f,0f,0f,0f,0f,1f],start_interpolation: 0,interpolation_duration: 1}
$data merge entity $(bone_bone5) {transformation: [-0.8434f,0.4894f,0.2217f,-0.4013f,0.5373f,0.7682f,0.3481f,-1.49f,0f,0.4127f,-0.9109f,0.3551f,0f,0f,0f,1f],start_interpolation: 0,interpolation_duration: 1}
$data merge entity $(bone_bone2) {transformation: [-0.8434f,0.4421f,-0.3053f,-0.125f,0.5373f,0.694f,-0.4792f,-1.0562f,0f,-0.5682f,-0.8229f,0f,0f,0f,0f,1f],start_interpolation: 0,interpolation_duration: 1}
$data merge entity $(bone_head) {transformation: [-0.948f,0f,0.3184f,0f,0f,1f,0f,-0.1812f,-0.3184f,0f,-0.948f,0f,0f,0f,0f,1f],start_interpolation: 0,interpolation_duration: 1}
$data merge entity $(bone_bone6) {transformation: [-0.8596f,-0.2928f,0.4188f,0.7425f,-0.5f,0.6511f,-0.571f,-0.966f,-0.1055f,-0.7002f,-0.7061f,0.3141f,0f,0f,0f,1f],start_interpolation: 0,interpolation_duration: 1}
$data merge entity $(bone_left_down_arm) {transformation: [-0.8596f,-0.2928f,0.4188f,0.5778f,-0.5f,0.6511f,-0.571f,-0.5998f,-0.1055f,-0.7002f,-0.7061f,-0.0798f,0f,0f,0f,1f],start_interpolation: 0,interpolation_duration: 1}
$data merge entity $(bone_left_upper_arm) {transformation: [-0.8596f,-0.508f,-0.0552f,0.2481f,-0.5f,0.8138f,0.2962f,-0.3062f,-0.1055f,0.2822f,-0.9535f,0.0305f,0f,0f,0f,1f],start_interpolation: 0,interpolation_duration: 1}
$data merge entity $(bone_bone7) {transformation: [-0.8596f,0.511f,0.0015f,-0.8213f,0.5f,0.8417f,-0.204f,-1.0605f,-0.1055f,-0.1746f,-0.979f,-0.1199f,0f,0f,0f,1f],start_interpolation: 0,interpolation_duration: 1}
$data merge entity $(bone_left_down_arm2) {transformation: [-0.8596f,0.511f,0.0015f,-0.5338f,0.5f,0.8417f,-0.204f,-0.5998f,-0.1055f,-0.1746f,-0.979f,-0.2793f,0f,0f,0f,1f],start_interpolation: 0,interpolation_duration: 1}
$data merge entity $(bone_left_upper_arm2) {transformation: [-0.8596f,0.4247f,0.2843f,-0.2405f,0.5f,0.8138f,0.2962f,-0.3062f,-0.1055f,0.3967f,-0.9118f,-0.0925f,0f,0f,0f,1f],start_interpolation: 0,interpolation_duration: 1}
$data merge entity $(bone_upperbody) {transformation: [-0.9925f,0f,0.1219f,-0.1785f,0f,1f,0f,-0.5562f,-0.1219f,0f,-0.9925f,-0.0849f,0f,0f,0f,1f],start_interpolation: 0,interpolation_duration: 1}
$data merge entity $(bone_downbody) {transformation: [-0.9925f,0f,0.1219f,0f,0f,1f,0f,-1.0562f,-0.1219f,0f,-0.9925f,0f,0f,0f,0f,1f],start_interpolation: 0,interpolation_duration: 1}