# This file was generated by Animated Java via MC-Build. It is not recommended to edit this file directly.
$data merge entity $(bone_bone4) {transformation: [-0.9239f,-0.3542f,-0.1449f,0.34f,-0.3827f,0.8551f,0.3498f,-1.469f,0f,0.3786f,-0.9255f,0.274f,0f,0f,0f,1f],start_interpolation: 0,interpolation_duration: 1}
$data merge entity $(bone_bone) {transformation: [-0.9239f,-0.344f,0.1678f,0.125f,-0.3827f,0.8304f,-0.405f,-0.95f,0f,-0.4384f,-0.8988f,0f,0f,0f,0f,1f],start_interpolation: 0,interpolation_duration: 1}
$data merge entity $(bone_bone5) {transformation: [-0.8434f,0.5219f,0.1277f,-0.4208f,0.5373f,0.8192f,0.2005f,-1.4143f,0f,0.2377f,-0.9713f,0.2958f,0f,0f,0f,1f],start_interpolation: 0,interpolation_duration: 1}
$data merge entity $(bone_bone2) {transformation: [-0.8434f,0.4733f,-0.2543f,-0.125f,0.5373f,0.7429f,-0.3992f,-0.95f,0f,-0.4733f,-0.8809f,0f,0f,0f,0f,1f],start_interpolation: 0,interpolation_duration: 1}
$data merge entity $(bone_head) {transformation: [-0.9962f,0f,0.0872f,0f,0f,1f,0f,-0.075f,-0.0872f,0f,-0.9962f,0f,0f,0f,0f,1f],start_interpolation: 0,interpolation_duration: 1}
$data merge entity $(bone_bone6) {transformation: [-0.8655f,-0.4576f,0.2037f,0.8261f,-0.5f,0.8138f,-0.2962f,-0.9513f,-0.0302f,-0.3582f,-0.9332f,0.0716f,0f,0f,0f,1f],start_interpolation: 0,interpolation_duration: 1}
$data merge entity $(bone_left_down_arm) {transformation: [-0.8655f,-0.4576f,0.2037f,0.5687f,-0.5f,0.8138f,-0.2962f,-0.4935f,-0.0302f,-0.3582f,-0.9332f,-0.1299f,0f,0f,0f,1f],start_interpolation: 0,interpolation_duration: 1}
$data merge entity $(bone_left_upper_arm) {transformation: [-0.8655f,-0.4815f,-0.1381f,0.2498f,-0.5f,0.8138f,0.2962f,-0.2f,-0.0302f,0.3254f,-0.9451f,0.0087f,0f,0f,0f,1f],start_interpolation: 0,interpolation_duration: 1}
$data merge entity $(bone_bone7) {transformation: [-0.8655f,0.4391f,-0.241f,-0.788f,0.5f,0.7284f,-0.4685f,-0.874f,-0.0302f,-0.526f,-0.85f,0.1173f,0f,0f,0f,1f],start_interpolation: 0,interpolation_duration: 1}
$data merge entity $(bone_left_down_arm2) {transformation: [-0.8655f,0.4391f,-0.241f,-0.5561f,0.5f,0.7284f,-0.4685f,-0.4935f,-0.0302f,-0.526f,-0.85f,-0.2317f,0f,0f,0f,1f],start_interpolation: 0,interpolation_duration: 1}
$data merge entity $(bone_left_upper_arm2) {transformation: [-0.8655f,0.4576f,0.2037f,-0.2477f,0.5f,0.8138f,0.2962f,-0.2f,-0.0302f,0.3582f,-0.9332f,-0.0712f,0f,0f,0f,1f],start_interpolation: 0,interpolation_duration: 1}
$data merge entity $(bone_upperbody) {transformation: [-0.9994f,0f,0.0349f,-0.1852f,0f,1f,0f,-0.45f,-0.0349f,0f,-0.9994f,-0.069f,0f,0f,0f,1f],start_interpolation: 0,interpolation_duration: 1}
$data merge entity $(bone_downbody) {transformation: [-0.9994f,0f,0.0349f,0f,0f,1f,0f,-0.95f,-0.0349f,0f,-0.9994f,0f,0f,0f,0f,1f],start_interpolation: 0,interpolation_duration: 1}