# This file was generated by Animated Java via MC-Build. It is not recommended to edit this file directly.
$data merge entity $(bone_bone4) {transformation: [-0.9239f,-0.2821f,-0.2585f,0.3209f,-0.3827f,0.6812f,0.6242f,-1.5355f,0f,0.6756f,-0.7373f,0.3585f,0f,0f,0f,1f],start_interpolation: 0,interpolation_duration: 1}
$data merge entity $(bone_bone) {transformation: [-0.9239f,-0.3135f,0.2195f,0.125f,-0.3827f,0.7568f,-0.5299f,-1.0625f,0f,-0.5736f,-0.8192f,0f,0f,0f,0f,1f],start_interpolation: 0,interpolation_duration: 1}
$data merge entity $(bone_bone5) {transformation: [-0.8434f,0.487f,0.2271f,-0.4001f,0.5373f,0.7644f,0.3564f,-1.4943f,0f,0.4226f,-0.9063f,0.3585f,0f,0f,0f,1f],start_interpolation: 0,interpolation_duration: 1}
$data merge entity $(bone_bone2) {transformation: [-0.8434f,0.4401f,-0.3082f,-0.125f,0.5373f,0.6909f,-0.4837f,-1.0625f,0f,-0.5736f,-0.8192f,0f,0f,0f,0f,1f],start_interpolation: 0,interpolation_duration: 1}
$data merge entity $(bone_head) {transformation: [-0.971f,0f,0.2391f,0f,0f,1f,0f,-0.1875f,-0.2391f,0f,-0.971f,0f,0f,0f,0f,1f],start_interpolation: 0,interpolation_duration: 1}
$data merge entity $(bone_bone6) {transformation: [-0.8627f,-0.3084f,0.4008f,0.7482f,-0.5f,0.6385f,-0.5851f,-0.9652f,-0.0755f,-0.7051f,-0.705f,0.2967f,0f,0f,0f,1f],start_interpolation: 0,interpolation_duration: 1}
$data merge entity $(bone_left_down_arm) {transformation: [-0.8627f,-0.3084f,0.4008f,0.5747f,-0.5f,0.6385f,-0.5851f,-0.606f,-0.0755f,-0.7051f,-0.705f,-0.0999f,0f,0f,0f,1f],start_interpolation: 0,interpolation_duration: 1}
$data merge entity $(bone_left_upper_arm) {transformation: [-0.8627f,-0.4979f,-0.0885f,0.249f,-0.5f,0.8138f,0.2962f,-0.3125f,-0.0755f,0.2998f,-0.951f,0.0218f,0f,0f,0f,1f],start_interpolation: 0,interpolation_duration: 1}
$data merge entity $(bone_bone7) {transformation: [-0.8627f,0.5052f,-0.0227f,-0.8259f,0.5f,0.8455f,-0.1874f,-1.0699f,-0.0755f,-0.1731f,-0.982f,-0.1017f,0f,0f,0f,1f],start_interpolation: 0,interpolation_duration: 1}
$data merge entity $(bone_left_down_arm2) {transformation: [-0.8627f,0.5052f,-0.0227f,-0.5432f,0.5f,0.8455f,-0.1874f,-0.606f,-0.0755f,-0.1731f,-0.982f,-0.2605f,0f,0f,0f,1f],start_interpolation: 0,interpolation_duration: 1}
$data merge entity $(bone_left_upper_arm2) {transformation: [-0.8627f,0.4382f,0.2523f,-0.2436f,0.5f,0.8138f,0.2962f,-0.3125f,-0.0755f,0.3817f,-0.9212f,-0.0841f,0f,0f,0f,1f],start_interpolation: 0,interpolation_duration: 1}
$data merge entity $(bone_upperbody) {transformation: [-0.9962f,0f,0.0872f,-0.1813f,0f,1f,0f,-0.5625f,-0.0872f,0f,-0.9962f,-0.0786f,0f,0f,0f,1f],start_interpolation: 0,interpolation_duration: 1}
$data merge entity $(bone_downbody) {transformation: [-0.9962f,0f,0.0872f,0f,0f,1f,0f,-1.0625f,-0.0872f,0f,-0.9962f,0f,0f,0f,0f,1f],start_interpolation: 0,interpolation_duration: 1}