# This file was generated by Animated Java via MC-Build. It is not recommended to edit this file directly.
$data merge entity $(bone_bone4) {transformation: [-0.9239f,-0.2921f,-0.2473f,0.3233f,-0.3827f,0.7051f,0.5969f,-1.5287f,0f,0.6461f,-0.7632f,0.3495f,0f,0f,0f,1f],start_interpolation: 0,interpolation_duration: 1}
$data merge entity $(bone_bone) {transformation: [-0.9239f,-0.3173f,0.214f,0.125f,-0.3827f,0.7659f,-0.5166f,-1.05f,0f,-0.5592f,-0.829f,0f,0f,0f,0f,1f],start_interpolation: 0,interpolation_duration: 1}
$data merge entity $(bone_bone5) {transformation: [-0.8434f,0.4918f,0.2164f,-0.4026f,0.5373f,0.772f,0.3397f,-1.4857f,0f,0.4027f,-0.9153f,0.3518f,0f,0f,0f,1f],start_interpolation: 0,interpolation_duration: 1}
$data merge entity $(bone_bone2) {transformation: [-0.8434f,0.4441f,-0.3024f,-0.125f,0.5373f,0.6971f,-0.4747f,-1.05f,0f,-0.5628f,-0.8266f,0f,0f,0f,0f,1f],start_interpolation: 0,interpolation_duration: 1}
$data merge entity $(bone_head) {transformation: [-0.9971f,0f,0.0761f,0f,0f,1f,0f,-0.175f,-0.0761f,0f,-0.9971f,0f,0f,0f,0f,1f],start_interpolation: 0,interpolation_duration: 1}
$data merge entity $(bone_bone6) {transformation: [-0.8659f,-0.3717f,0.3347f,0.7754f,-0.5f,0.6634f,-0.5567f,-0.9667f,-0.0151f,-0.6494f,-0.7603f,0.2255f,0f,0f,0f,1f],start_interpolation: 0,interpolation_duration: 1}
$data merge entity $(bone_left_down_arm) {transformation: [-0.8659f,-0.3717f,0.3347f,0.5663f,-0.5f,0.6634f,-0.5567f,-0.5935f,-0.0151f,-0.6494f,-0.7603f,-0.1398f,0f,0f,0f,1f],start_interpolation: 0,interpolation_duration: 1}
$data merge entity $(bone_left_upper_arm) {transformation: [-0.8659f,-0.4757f,-0.1546f,0.25f,-0.5f,0.8138f,0.2962f,-0.3f,-0.0151f,0.3338f,-0.9425f,0.0044f,0f,0f,0f,1f],start_interpolation: 0,interpolation_duration: 1}
$data merge entity $(bone_bone7) {transformation: [-0.8659f,0.4879f,-0.1104f,-0.8276f,0.5f,0.8375f,-0.2205f,-1.0508f,-0.0151f,-0.2461f,-0.9691f,-0.0229f,0f,0f,0f,1f],start_interpolation: 0,interpolation_duration: 1}
$data merge entity $(bone_left_down_arm2) {transformation: [-0.8659f,0.4879f,-0.1104f,-0.56f,0.5f,0.8375f,-0.2205f,-0.5935f,-0.0151f,-0.2461f,-0.9691f,-0.2219f,0f,0f,0f,1f],start_interpolation: 0,interpolation_duration: 1}
$data merge entity $(bone_left_upper_arm2) {transformation: [-0.8659f,0.4638f,0.1874f,-0.2489f,0.5f,0.8138f,0.2962f,-0.3f,-0.0151f,0.3502f,-0.9366f,-0.0669f,0f,0f,0f,1f],start_interpolation: 0,interpolation_duration: 1}
$data merge entity $(bone_upperbody) {transformation: [-0.9998f,0f,0.0175f,-0.1864f,0f,1f,0f,-0.55f,-0.0175f,0f,-0.9998f,-0.0658f,0f,0f,0f,1f],start_interpolation: 0,interpolation_duration: 1}
$data merge entity $(bone_downbody) {transformation: [-0.9998f,0f,0.0175f,0f,0f,1f,0f,-1.05f,-0.0175f,0f,-0.9998f,0f,0f,0f,0f,1f],start_interpolation: 0,interpolation_duration: 1}