# This file was generated by Animated Java via MC-Build. It is not recommended to edit this file directly.
$data merge entity $(bone_bone4) {transformation: [-0.9239f,-0.2969f,-0.2415f,0.3244f,-0.3827f,0.7167f,0.583f,-1.5253f,0f,0.631f,-0.7758f,0.345f,0f,0f,0f,1f],start_interpolation: 0,interpolation_duration: 1}
$data merge entity $(bone_bone) {transformation: [-0.9239f,-0.3191f,0.2112f,0.125f,-0.3827f,0.7704f,-0.5099f,-1.0437f,0f,-0.5519f,-0.8339f,0f,0f,0f,0f,1f],start_interpolation: 0,interpolation_duration: 1}
$data merge entity $(bone_bone5) {transformation: [-0.8434f,0.4941f,0.211f,-0.4038f,0.5373f,0.7756f,0.3312f,-1.4814f,0f,0.3927f,-0.9197f,0.3484f,0f,0f,0f,1f],start_interpolation: 0,interpolation_duration: 1}
$data merge entity $(bone_bone2) {transformation: [-0.8434f,0.4461f,-0.2995f,-0.125f,0.5373f,0.7002f,-0.4701f,-1.0437f,0f,-0.5574f,-0.8303f,0f,0f,0f,0f,1f],start_interpolation: 0,interpolation_duration: 1}
$data merge entity $(bone_head) {transformation: [-1f,0f,-0.0064f,0f,0f,1f,0f,-0.1687f,0.0064f,0f,-1f,0f,0f,0f,0f,1f],start_interpolation: 0,interpolation_duration: 1}
$data merge entity $(bone_bone6) {transformation: [-0.8659f,-0.4008f,0.2993f,0.7866f,-0.5f,0.6754f,-0.5421f,-0.9672f,0.0151f,-0.619f,-0.7852f,0.1887f,0f,0f,0f,1f],start_interpolation: 0,interpolation_duration: 1}
$data merge entity $(bone_left_down_arm) {transformation: [-0.8659f,-0.4008f,0.2993f,0.5611f,-0.5f,0.6754f,-0.5421f,-0.5873f,0.0151f,-0.619f,-0.7852f,-0.1595f,0f,0f,0f,1f],start_interpolation: 0,interpolation_duration: 1}
$data merge entity $(bone_left_upper_arm) {transformation: [-0.8659f,-0.4638f,-0.1874f,0.25f,-0.5f,0.8138f,0.2962f,-0.2937f,0.0151f,0.3502f,-0.9366f,-0.0044f,0f,0f,0f,1f],start_interpolation: 0,interpolation_duration: 1}
$data merge entity $(bone_bone7) {transformation: [-0.8659f,0.4761f,-0.1535f,-0.8256f,0.5f,0.833f,-0.2369f,-1.041f,0.0151f,-0.2819f,-0.9593f,0.0163f,0f,0f,0f,1f],start_interpolation: 0,interpolation_duration: 1}
$data merge entity $(bone_left_down_arm2) {transformation: [-0.8659f,0.4761f,-0.1535f,-0.5674f,0.5f,0.833f,-0.2369f,-0.5873f,0.0151f,-0.2819f,-0.9593f,-0.2023f,0f,0f,0f,1f],start_interpolation: 0,interpolation_duration: 1}
$data merge entity $(bone_left_upper_arm2) {transformation: [-0.8659f,0.4757f,0.1546f,-0.2511f,0.5f,0.8138f,0.2962f,-0.2937f,0.0151f,0.3338f,-0.9425f,-0.0581f,0f,0f,0f,1f],start_interpolation: 0,interpolation_duration: 1}
$data merge entity $(bone_upperbody) {transformation: [-0.9998f,0f,-0.0175f,-0.1886f,0f,1f,0f,-0.5437f,0.0175f,0f,-0.9998f,-0.0592f,0f,0f,0f,1f],start_interpolation: 0,interpolation_duration: 1}
$data merge entity $(bone_downbody) {transformation: [-0.9998f,0f,-0.0175f,0f,0f,1f,0f,-1.0437f,0.0175f,0f,-0.9998f,0f,0f,0f,0f,1f],start_interpolation: 0,interpolation_duration: 1}