# This file was generated by Animated Java via MC-Build. It is not recommended to edit this file directly.
$data merge entity $(bone_bone4) {transformation: [-0.9239f,-0.3016f,-0.2356f,0.3256f,-0.3827f,0.728f,0.5688f,-1.5218f,0f,0.6157f,-0.788f,0.3404f,0f,0f,0f,1f],start_interpolation: 0,interpolation_duration: 1}
$data merge entity $(bone_bone) {transformation: [-0.9239f,-0.3209f,0.2084f,0.125f,-0.3827f,0.7748f,-0.5032f,-1.0375f,0f,-0.5446f,-0.8387f,0f,0f,0f,0f,1f],start_interpolation: 0,interpolation_duration: 1}
$data merge entity $(bone_bone5) {transformation: [-0.8434f,0.4964f,0.2056f,-0.405f,0.5373f,0.7792f,0.3228f,-1.4771f,0f,0.3827f,-0.9239f,0.345f,0f,0f,0f,1f],start_interpolation: 0,interpolation_duration: 1}
$data merge entity $(bone_bone2) {transformation: [-0.8434f,0.448f,-0.2966f,-0.125f,0.5373f,0.7033f,-0.4655f,-1.0375f,0f,-0.5519f,-0.8339f,0f,0f,0f,0f,1f],start_interpolation: 0,interpolation_duration: 1}
$data merge entity $(bone_head) {transformation: [-0.996f,0f,-0.0889f,0f,0f,1f,0f,-0.1625f,0.0889f,0f,-0.996f,0f,0f,0f,0f,1f],start_interpolation: 0,interpolation_duration: 1}
$data merge entity $(bone_bone6) {transformation: [-0.8648f,-0.428f,0.2624f,0.796f,-0.5f,0.6871f,-0.5272f,-0.9675f,0.0453f,-0.5872f,-0.8082f,0.1513f,0f,0f,0f,1f],start_interpolation: 0,interpolation_duration: 1}
$data merge entity $(bone_left_down_arm) {transformation: [-0.8648f,-0.428f,0.2624f,0.5552f,-0.5f,0.6871f,-0.5272f,-0.581f,0.0453f,-0.5872f,-0.8082f,-0.1789f,0f,0f,0f,1f],start_interpolation: 0,interpolation_duration: 1}
$data merge entity $(bone_left_upper_arm) {transformation: [-0.8648f,-0.4513f,-0.22f,0.2497f,-0.5f,0.8138f,0.2962f,-0.2875f,0.0453f,0.3661f,-0.9295f,-0.0131f,0f,0f,0f,1f],start_interpolation: 0,interpolation_duration: 1}
$data merge entity $(bone_bone7) {transformation: [-0.8648f,0.4622f,-0.196f,-0.8219f,0.5f,0.8282f,-0.2532f,-1.0311f,0.0453f,-0.317f,-0.9473f,0.0552f,0f,0f,0f,1f],start_interpolation: 0,interpolation_duration: 1}
$data merge entity $(bone_left_down_arm2) {transformation: [-0.8648f,0.4622f,-0.196f,-0.5741f,0.5f,0.8282f,-0.2532f,-0.581f,0.0453f,-0.317f,-0.9473f,-0.1823f,0f,0f,0f,1f],start_interpolation: 0,interpolation_duration: 1}
$data merge entity $(bone_left_upper_arm2) {transformation: [-0.8648f,0.4871f,0.1216f,-0.2529f,0.5f,0.8138f,0.2962f,-0.2875f,0.0453f,0.317f,-0.9474f,-0.0493f,0f,0f,0f,1f],start_interpolation: 0,interpolation_duration: 1}
$data merge entity $(bone_upperbody) {transformation: [-0.9986f,0f,-0.0523f,-0.1905f,0f,1f,0f,-0.5375f,0.0523f,0f,-0.9986f,-0.0526f,0f,0f,0f,1f],start_interpolation: 0,interpolation_duration: 1}
$data merge entity $(bone_downbody) {transformation: [-0.9986f,0f,-0.0523f,0f,0f,1f,0f,-1.0375f,0.0523f,0f,-0.9986f,0f,0f,0f,0f,1f],start_interpolation: 0,interpolation_duration: 1}