# This file was generated by Animated Java via MC-Build. It is not recommended to edit this file directly.
$data merge entity $(bone_bone4) {transformation: [-0.9239f,-0.3061f,-0.2296f,0.3267f,-0.3827f,0.7391f,0.5544f,-1.5182f,0f,0.6001f,-0.7999f,0.3358f,0f,0f,0f,1f],start_interpolation: 0,interpolation_duration: 1}
$data merge entity $(bone_bone) {transformation: [-0.9239f,-0.3228f,0.2056f,0.125f,-0.3827f,0.7792f,-0.4964f,-1.0312f,0f,-0.5373f,-0.8434f,0f,0f,0f,0f,1f],start_interpolation: 0,interpolation_duration: 1}
$data merge entity $(bone_bone5) {transformation: [-0.8434f,0.4986f,0.2002f,-0.4062f,0.5373f,0.7827f,0.3142f,-1.4727f,0f,0.3726f,-0.928f,0.3415f,0f,0f,0f,1f],start_interpolation: 0,interpolation_duration: 1}
$data merge entity $(bone_bone2) {transformation: [-0.8434f,0.45f,-0.2936f,-0.125f,0.5373f,0.7063f,-0.4609f,-1.0312f,0f,-0.5465f,-0.8375f,0f,0f,0f,0f,1f],start_interpolation: 0,interpolation_duration: 1}
$data merge entity $(bone_head) {transformation: [-0.9853f,0f,-0.1708f,0f,0f,1f,0f,-0.1562f,0.1708f,0f,-0.9853f,0f,0f,0f,0f,1f],start_interpolation: 0,interpolation_duration: 1}
$data merge entity $(bone_bone6) {transformation: [-0.8627f,-0.4532f,0.2242f,0.8036f,-0.5f,0.6984f,-0.5121f,-0.9676f,0.0755f,-0.5539f,-0.8291f,0.1134f,0f,0f,0f,1f],start_interpolation: 0,interpolation_duration: 1}
$data merge entity $(bone_left_down_arm) {transformation: [-0.8627f,-0.4532f,0.2242f,0.5486f,-0.5f,0.6984f,-0.5121f,-0.5748f,0.0755f,-0.5539f,-0.8291f,-0.1982f,0f,0f,0f,1f],start_interpolation: 0,interpolation_duration: 1}
$data merge entity $(bone_left_upper_arm) {transformation: [-0.8627f,-0.4382f,-0.2523f,0.249f,-0.5f,0.8138f,0.2962f,-0.2812f,0.0755f,0.3817f,-0.9212f,-0.0218f,0f,0f,0f,1f],start_interpolation: 0,interpolation_duration: 1}
$data merge entity $(bone_bone7) {transformation: [-0.8627f,0.4463f,-0.2378f,-0.8163f,0.5f,0.8231f,-0.2694f,-1.0209f,0.0755f,-0.3513f,-0.9332f,0.0938f,0f,0f,0f,1f],start_interpolation: 0,interpolation_duration: 1}
$data merge entity $(bone_left_down_arm2) {transformation: [-0.8627f,0.4463f,-0.2378f,-0.5802f,0.5f,0.8231f,-0.2694f,-0.5748f,0.0755f,-0.3513f,-0.9332f,-0.1622f,0f,0f,0f,1f],start_interpolation: 0,interpolation_duration: 1}
$data merge entity $(bone_left_upper_arm2) {transformation: [-0.8627f,0.4979f,0.0885f,-0.2545f,0.5f,0.8138f,0.2962f,-0.2812f,0.0755f,0.2998f,-0.951f,-0.0405f,0f,0f,0f,1f],start_interpolation: 0,interpolation_duration: 1}
$data merge entity $(bone_upperbody) {transformation: [-0.9962f,0f,-0.0872f,-0.1922f,0f,1f,0f,-0.5312f,0.0872f,0f,-0.9962f,-0.0459f,0f,0f,0f,1f],start_interpolation: 0,interpolation_duration: 1}
$data merge entity $(bone_downbody) {transformation: [-0.9962f,0f,-0.0872f,0f,0f,1f,0f,-1.0312f,0.0872f,0f,-0.9962f,0f,0f,0f,0f,1f],start_interpolation: 0,interpolation_duration: 1}