# This file was generated by Animated Java via MC-Build. It is not recommended to edit this file directly.
$data merge entity $(bone_bone4) {transformation: [-0.9239f,-0.3106f,-0.2236f,0.3278f,-0.3827f,0.7498f,0.5398f,-1.5147f,0f,0.5842f,-0.8116f,0.3312f,0f,0f,0f,1f],start_interpolation: 0,interpolation_duration: 1}
$data merge entity $(bone_bone) {transformation: [-0.9239f,-0.3245f,0.2028f,0.125f,-0.3827f,0.7835f,-0.4896f,-1.025f,0f,-0.5299f,-0.848f,0f,0f,0f,0f,1f],start_interpolation: 0,interpolation_duration: 1}
$data merge entity $(bone_bone5) {transformation: [-0.8434f,0.5008f,0.1947f,-0.4074f,0.5373f,0.786f,0.3057f,-1.4683f,0f,0.3624f,-0.932f,0.3381f,0f,0f,0f,1f],start_interpolation: 0,interpolation_duration: 1}
$data merge entity $(bone_bone2) {transformation: [-0.8434f,0.4519f,-0.2907f,-0.125f,0.5373f,0.7093f,-0.4563f,-1.025f,0f,-0.541f,-0.841f,0f,0f,0f,0f,1f],start_interpolation: 0,interpolation_duration: 1}
$data merge entity $(bone_head) {transformation: [-0.9679f,0f,-0.2515f,0f,0f,1f,0f,-0.15f,0.2515f,0f,-0.9679f,0f,0f,0f,0f,1f],start_interpolation: 0,interpolation_duration: 1}
$data merge entity $(bone_bone6) {transformation: [-0.8596f,-0.4764f,0.1848f,0.8094f,-0.5f,0.7094f,-0.4967f,-0.9676f,0.1055f,-0.5194f,-0.848f,0.0749f,0f,0f,0f,1f],start_interpolation: 0,interpolation_duration: 1}
$data merge entity $(bone_left_down_arm) {transformation: [-0.8596f,-0.4764f,0.1848f,0.5414f,-0.5f,0.7094f,-0.4967f,-0.5685f,0.1055f,-0.5194f,-0.848f,-0.2172f,0f,0f,0f,1f],start_interpolation: 0,interpolation_duration: 1}
$data merge entity $(bone_left_upper_arm) {transformation: [-0.8596f,-0.4247f,-0.2843f,0.2481f,-0.5f,0.8138f,0.2962f,-0.275f,0.1055f,0.3967f,-0.9118f,-0.0305f,0f,0f,0f,1f],start_interpolation: 0,interpolation_duration: 1}
$data merge entity $(bone_bone7) {transformation: [-0.8596f,0.4283f,-0.2787f,-0.809f,0.5f,0.8176f,-0.2855f,-1.0106f,0.1055f,-0.3848f,-0.917f,0.1319f,0f,0f,0f,1f],start_interpolation: 0,interpolation_duration: 1}
$data merge entity $(bone_left_down_arm2) {transformation: [-0.8596f,0.4283f,-0.2787f,-0.5855f,0.5f,0.8176f,-0.2855f,-0.5685f,0.1055f,-0.3848f,-0.917f,-0.1418f,0f,0f,0f,1f],start_interpolation: 0,interpolation_duration: 1}
$data merge entity $(bone_left_upper_arm2) {transformation: [-0.8596f,0.508f,0.0552f,-0.2558f,0.5f,0.8138f,0.2962f,-0.275f,0.1055f,0.2822f,-0.9535f,-0.0316f,0f,0f,0f,1f],start_interpolation: 0,interpolation_duration: 1}
$data merge entity $(bone_upperbody) {transformation: [-0.9925f,0f,-0.1219f,-0.1937f,0f,1f,0f,-0.525f,0.1219f,0f,-0.9925f,-0.0392f,0f,0f,0f,1f],start_interpolation: 0,interpolation_duration: 1}
$data merge entity $(bone_downbody) {transformation: [-0.9925f,0f,-0.1219f,0f,0f,1f,0f,-1.025f,0.1219f,0f,-0.9925f,0f,0f,0f,0f,1f],start_interpolation: 0,interpolation_duration: 1}