# This file was generated by Animated Java via MC-Build. It is not recommended to edit this file directly.
$data merge entity $(bone_bone4) {transformation: [-0.9239f,-0.3149f,-0.2174f,0.3289f,-0.3827f,0.7602f,0.525f,-1.5111f,0f,0.5682f,-0.8229f,0.3266f,0f,0f,0f,1f],start_interpolation: 0,interpolation_duration: 1}
$data merge entity $(bone_bone) {transformation: [-0.9239f,-0.3263f,0.2f,0.125f,-0.3827f,0.7877f,-0.4827f,-1.0187f,0f,-0.5225f,-0.8526f,0f,0f,0f,0f,1f],start_interpolation: 0,interpolation_duration: 1}
$data merge entity $(bone_bone5) {transformation: [-0.8434f,0.5029f,0.1893f,-0.4086f,0.5373f,0.7893f,0.2971f,-1.4639f,0f,0.3523f,-0.9359f,0.3347f,0f,0f,0f,1f],start_interpolation: 0,interpolation_duration: 1}
$data merge entity $(bone_bone2) {transformation: [-0.8434f,0.4538f,-0.2877f,-0.125f,0.5373f,0.7123f,-0.4516f,-1.0187f,0f,-0.5355f,-0.8446f,0f,0f,0f,0f,1f],start_interpolation: 0,interpolation_duration: 1}
$data merge entity $(bone_head) {transformation: [-0.9438f,0f,-0.3305f,0f,0f,1f,0f,-0.1438f,0.3305f,0f,-0.9438f,0f,0f,0f,0f,1f],start_interpolation: 0,interpolation_duration: 1}
$data merge entity $(bone_bone6) {transformation: [-0.8554f,-0.4975f,0.1443f,0.8133f,-0.5f,0.7201f,-0.4811f,-0.9673f,0.1355f,-0.4837f,-0.8647f,0.0361f,0f,0f,0f,1f],start_interpolation: 0,interpolation_duration: 1}
$data merge entity $(bone_left_down_arm) {transformation: [-0.8554f,-0.4975f,0.1443f,0.5335f,-0.5f,0.7201f,-0.4811f,-0.5623f,0.1355f,-0.4837f,-0.8647f,-0.236f,0f,0f,0f,1f],start_interpolation: 0,interpolation_duration: 1}
$data merge entity $(bone_left_upper_arm) {transformation: [-0.8554f,-0.4106f,-0.3159f,0.2469f,-0.5f,0.8138f,0.2962f,-0.2688f,0.1355f,0.4113f,-0.9014f,-0.0391f,0f,0f,0f,1f],start_interpolation: 0,interpolation_duration: 1}
$data merge entity $(bone_bone7) {transformation: [-0.8554f,0.4085f,-0.3186f,-0.7999f,0.5f,0.8118f,-0.3015f,-1.0001f,0.1355f,-0.4172f,-0.8987f,0.1695f,0f,0f,0f,1f],start_interpolation: 0,interpolation_duration: 1}
$data merge entity $(bone_left_down_arm2) {transformation: [-0.8554f,0.4085f,-0.3186f,-0.5901f,0.5f,0.8118f,-0.3015f,-0.5623f,0.1355f,-0.4172f,-0.8987f,-0.1213f,0f,0f,0f,1f],start_interpolation: 0,interpolation_duration: 1}
$data merge entity $(bone_left_upper_arm2) {transformation: [-0.8554f,0.5176f,0.0219f,-0.2567f,0.5f,0.8138f,0.2962f,-0.2688f,0.1355f,0.2643f,-0.9549f,-0.0226f,0f,0f,0f,1f],start_interpolation: 0,interpolation_duration: 1}
$data merge entity $(bone_upperbody) {transformation: [-0.9877f,0f,-0.1564f,-0.195f,0f,1f,0f,-0.5187f,0.1564f,0f,-0.9877f,-0.0324f,0f,0f,0f,1f],start_interpolation: 0,interpolation_duration: 1}
$data merge entity $(bone_downbody) {transformation: [-0.9877f,0f,-0.1564f,0f,0f,1f,0f,-1.0187f,0.1564f,0f,-0.9877f,0f,0f,0f,0f,1f],start_interpolation: 0,interpolation_duration: 1}