# This file was generated by Animated Java via MC-Build. It is not recommended to edit this file directly.
$data merge entity $(bone_bone4) {transformation: [-0.9239f,-0.3191f,-0.2112f,0.33f,-0.3827f,0.7704f,0.5099f,-1.5074f,0f,0.5519f,-0.8339f,0.3219f,0f,0f,0f,1f],start_interpolation: 0,interpolation_duration: 1}
$data merge entity $(bone_bone) {transformation: [-0.9239f,-0.328f,0.1971f,0.125f,-0.3827f,0.7919f,-0.4758f,-1.0125f,0f,-0.515f,-0.8572f,0f,0f,0f,0f,1f],start_interpolation: 0,interpolation_duration: 1}
$data merge entity $(bone_bone5) {transformation: [-0.8434f,0.5049f,0.1838f,-0.4098f,0.5373f,0.7925f,0.2885f,-1.4595f,0f,0.342f,-0.9397f,0.3312f,0f,0f,0f,1f],start_interpolation: 0,interpolation_duration: 1}
$data merge entity $(bone_bone2) {transformation: [-0.8434f,0.4557f,-0.2847f,-0.125f,0.5373f,0.7152f,-0.4469f,-1.0125f,0f,-0.5299f,-0.848f,0f,0f,0f,0f,1f],start_interpolation: 0,interpolation_duration: 1}
$data merge entity $(bone_head) {transformation: [-0.9133f,0f,-0.4073f,0f,0f,1f,0f,-0.1375f,0.4073f,0f,-0.9133f,0f,0f,0f,0f,1f],start_interpolation: 0,interpolation_duration: 1}
$data merge entity $(bone_bone6) {transformation: [-0.8501f,-0.5165f,0.1028f,0.8154f,-0.5f,0.7304f,-0.4653f,-0.9669f,0.1652f,-0.447f,-0.8792f,-0.003f,0f,0f,0f,1f],start_interpolation: 0,interpolation_duration: 1}
$data merge entity $(bone_left_down_arm) {transformation: [-0.8501f,-0.5165f,0.1028f,0.5249f,-0.5f,0.7304f,-0.4653f,-0.556f,0.1652f,-0.447f,-0.8792f,-0.2545f,0f,0f,0f,1f],start_interpolation: 0,interpolation_duration: 1}
$data merge entity $(bone_left_upper_arm) {transformation: [-0.8501f,-0.396f,-0.3472f,0.2454f,-0.5f,0.8138f,0.2962f,-0.2625f,0.1652f,0.4254f,-0.8898f,-0.0477f,0f,0f,0f,1f],start_interpolation: 0,interpolation_duration: 1}
$data merge entity $(bone_bone7) {transformation: [-0.8501f,0.3867f,-0.3574f,-0.7891f,0.5f,0.8058f,-0.3174f,-0.9894f,0.1652f,-0.4485f,-0.8784f,0.2065f,0f,0f,0f,1f],start_interpolation: 0,interpolation_duration: 1}
$data merge entity $(bone_left_down_arm2) {transformation: [-0.8501f,0.3867f,-0.3574f,-0.5939f,0.5f,0.8058f,-0.3174f,-0.556f,0.1652f,-0.4485f,-0.8784f,-0.1007f,0f,0f,0f,1f],start_interpolation: 0,interpolation_duration: 1}
$data merge entity $(bone_left_upper_arm2) {transformation: [-0.8501f,0.5265f,-0.0114f,-0.2573f,0.5f,0.8138f,0.2962f,-0.2625f,0.1652f,0.2461f,-0.9551f,-0.0136f,0f,0f,0f,1f],start_interpolation: 0,interpolation_duration: 1}
$data merge entity $(bone_upperbody) {transformation: [-0.9816f,0f,-0.1908f,-0.196f,0f,1f,0f,-0.5125f,0.1908f,0f,-0.9816f,-0.0256f,0f,0f,0f,1f],start_interpolation: 0,interpolation_duration: 1}
$data merge entity $(bone_downbody) {transformation: [-0.9816f,0f,-0.1908f,0f,0f,1f,0f,-1.0125f,0.1908f,0f,-0.9816f,0f,0f,0f,0f,1f],start_interpolation: 0,interpolation_duration: 1}