# This file was generated by Animated Java via MC-Build. It is not recommended to edit this file directly.
$data merge entity $(bone_bone4) {transformation: [-0.9239f,-0.3232f,-0.2049f,0.3311f,-0.3827f,0.7803f,0.4947f,-1.5038f,0f,0.5355f,-0.8446f,0.3172f,0f,0f,0f,1f],start_interpolation: 0,interpolation_duration: 1}
$data merge entity $(bone_bone) {transformation: [-0.9239f,-0.3297f,0.1942f,0.125f,-0.3827f,0.796f,-0.4689f,-1.0062f,0f,-0.5075f,-0.8616f,0f,0f,0f,0f,1f],start_interpolation: 0,interpolation_duration: 1}
$data merge entity $(bone_bone5) {transformation: [-0.8434f,0.5069f,0.1782f,-0.4109f,0.5373f,0.7956f,0.2798f,-1.4551f,0f,0.3317f,-0.9434f,0.3277f,0f,0f,0f,1f],start_interpolation: 0,interpolation_duration: 1}
$data merge entity $(bone_bone2) {transformation: [-0.8434f,0.4575f,-0.2817f,-0.125f,0.5373f,0.7181f,-0.4422f,-1.0062f,0f,-0.5244f,-0.8515f,0f,0f,0f,0f,1f],start_interpolation: 0,interpolation_duration: 1}
$data merge entity $(bone_head) {transformation: [-0.8766f,0f,-0.4812f,0f,0f,1f,0f,-0.1313f,0.4812f,0f,-0.8766f,0f,0f,0f,0f,1f],start_interpolation: 0,interpolation_duration: 1}
$data merge entity $(bone_bone6) {transformation: [-0.8438f,-0.5332f,0.0604f,0.8156f,-0.5f,0.7404f,-0.4493f,-0.9662f,0.1948f,-0.4093f,-0.8913f,-0.0424f,0f,0f,0f,1f],start_interpolation: 0,interpolation_duration: 1}
$data merge entity $(bone_left_down_arm) {transformation: [-0.8438f,-0.5332f,0.0604f,0.5157f,-0.5f,0.7404f,-0.4493f,-0.5498f,0.1948f,-0.4093f,-0.8913f,-0.2726f,0f,0f,0f,1f],start_interpolation: 0,interpolation_duration: 1}
$data merge entity $(bone_left_upper_arm) {transformation: [-0.8438f,-0.3809f,-0.378f,0.2436f,-0.5f,0.8138f,0.2962f,-0.2563f,0.1948f,0.4389f,-0.8771f,-0.0562f,0f,0f,0f,1f],start_interpolation: 0,interpolation_duration: 1}
$data merge entity $(bone_bone7) {transformation: [-0.8438f,0.3632f,-0.3951f,-0.7767f,0.5f,0.7994f,-0.3332f,-0.9786f,0.1948f,-0.4787f,-0.8561f,0.2429f,0f,0f,0f,1f],start_interpolation: 0,interpolation_duration: 1}
$data merge entity $(bone_left_down_arm2) {transformation: [-0.8438f,0.3632f,-0.3951f,-0.5971f,0.5f,0.7994f,-0.3332f,-0.5498f,0.1948f,-0.4787f,-0.8561f,-0.0799f,0f,0f,0f,1f],start_interpolation: 0,interpolation_duration: 1}
$data merge entity $(bone_left_upper_arm2) {transformation: [-0.8438f,0.5347f,-0.0448f,-0.2577f,0.5f,0.8138f,0.2962f,-0.2563f,0.1948f,0.2276f,-0.9541f,-0.0047f,0f,0f,0f,1f],start_interpolation: 0,interpolation_duration: 1}
$data merge entity $(bone_upperbody) {transformation: [-0.9744f,0f,-0.225f,-0.1968f,0f,1f,0f,-0.5063f,0.225f,0f,-0.9744f,-0.0187f,0f,0f,0f,1f],start_interpolation: 0,interpolation_duration: 1}
$data merge entity $(bone_downbody) {transformation: [-0.9744f,0f,-0.225f,0f,0f,1f,0f,-1.0062f,0.225f,0f,-0.9744f,0f,0f,0f,0f,1f],start_interpolation: 0,interpolation_duration: 1}