# This file was generated by Animated Java via MC-Build. It is not recommended to edit this file directly.
$data merge entity $(bone_bone4) {transformation: [-0.9239f,-0.3513f,-0.1518f,0.339f,-0.3827f,0.8481f,0.3665f,-1.473f,0f,0.3967f,-0.9179f,0.2789f,0f,0f,0f,1f],start_interpolation: 0,interpolation_duration: 1}
$data merge entity $(bone_bone) {transformation: [-0.9239f,-0.3425f,0.1708f,0.125f,-0.3827f,0.8268f,-0.4122f,-0.9562f,0f,-0.4462f,-0.8949f,0f,0f,0f,0f,1f],start_interpolation: 0,interpolation_duration: 1}
$data merge entity $(bone_bone5) {transformation: [-0.8434f,0.5205f,0.1334f,-0.4198f,0.5373f,0.817f,0.2094f,-1.4189f,0f,0.2483f,-0.9687f,0.2994f,0f,0f,0f,1f],start_interpolation: 0,interpolation_duration: 1}
$data merge entity $(bone_bone2) {transformation: [-0.8434f,0.4716f,-0.2574f,-0.125f,0.5373f,0.7403f,-0.404f,-0.9562f,0f,-0.4791f,-0.8778f,0f,0f,0f,0f,1f],start_interpolation: 0,interpolation_duration: 1}
$data merge entity $(bone_head) {transformation: [-0.9914f,0f,0.1305f,0f,0f,1f,0f,-0.0813f,-0.1305f,0f,-0.9914f,0f,0f,0f,0f,1f],start_interpolation: 0,interpolation_duration: 1}
$data merge entity $(bone_bone6) {transformation: [-0.8648f,-0.4464f,0.2297f,0.822f,-0.5f,0.8071f,-0.3139f,-0.9538f,-0.0453f,-0.3863f,-0.9212f,0.0974f,0f,0f,0f,1f],start_interpolation: 0,interpolation_duration: 1}
$data merge entity $(bone_left_down_arm) {transformation: [-0.8648f,-0.4464f,0.2297f,0.5709f,-0.5f,0.8071f,-0.3139f,-0.4998f,-0.0453f,-0.3863f,-0.9212f,-0.1199f,0f,0f,0f,1f],start_interpolation: 0,interpolation_duration: 1}
$data merge entity $(bone_left_upper_arm) {transformation: [-0.8648f,-0.4871f,-0.1216f,0.2497f,-0.5f,0.8138f,0.2962f,-0.2063f,-0.0453f,0.317f,-0.9474f,0.0131f,0f,0f,0f,1f],start_interpolation: 0,interpolation_duration: 1}
$data merge entity $(bone_bone7) {transformation: [-0.8648f,0.4526f,-0.2173f,-0.7929f,0.5f,0.7374f,-0.4541f,-0.8862f,-0.0453f,-0.5014f,-0.8641f,0.0947f,0f,0f,0f,1f],start_interpolation: 0,interpolation_duration: 1}
$data merge entity $(bone_left_down_arm2) {transformation: [-0.8648f,0.4526f,-0.2173f,-0.5519f,0.5f,0.7374f,-0.4541f,-0.4998f,-0.0453f,-0.5014f,-0.8641f,-0.2414f,0f,0f,0f,1f],start_interpolation: 0,interpolation_duration: 1}
$data merge entity $(bone_left_upper_arm2) {transformation: [-0.8648f,0.4513f,0.22f,-0.2464f,0.5f,0.8138f,0.2962f,-0.2063f,-0.0453f,0.3661f,-0.9295f,-0.0755f,0f,0f,0f,1f],start_interpolation: 0,interpolation_duration: 1}
$data merge entity $(bone_upperbody) {transformation: [-0.9986f,0f,0.0523f,-0.184f,0f,1f,0f,-0.4562f,-0.0523f,0f,-0.9986f,-0.0722f,0f,0f,0f,1f],start_interpolation: 0,interpolation_duration: 1}
$data merge entity $(bone_downbody) {transformation: [-0.9986f,0f,0.0523f,0f,0f,1f,0f,-0.9562f,-0.0523f,0f,-0.9986f,0f,0f,0f,0f,1f],start_interpolation: 0,interpolation_duration: 1}