# This file was generated by Animated Java via MC-Build. It is not recommended to edit this file directly.
$data merge entity $(bone_bone4) {transformation: [-0.9239f,-0.3272f,-0.1985f,0.3321f,-0.3827f,0.7898f,0.4793f,-1.5001f,0f,0.5188f,-0.8549f,0.3125f,0f,0f,0f,1f],start_interpolation: 0,interpolation_duration: 1}
$data merge entity $(bone_bone) {transformation: [-0.9239f,-0.3314f,0.1913f,0.125f,-0.3827f,0.8001f,-0.4619f,-1f,0f,-0.5f,-0.866f,0f,0f,0f,0f,1f],start_interpolation: 0,interpolation_duration: 1}
$data merge entity $(bone_bone5) {transformation: [-0.8434f,0.5088f,0.1727f,-0.4121f,0.5373f,0.7986f,0.2711f,-1.4506f,0f,0.3214f,-0.9469f,0.3242f,0f,0f,0f,1f],start_interpolation: 0,interpolation_duration: 1}
$data merge entity $(bone_bone2) {transformation: [-0.8434f,0.4593f,-0.2787f,-0.125f,0.5373f,0.721f,-0.4375f,-1f,0f,-0.5188f,-0.8549f,0f,0f,0f,0f,1f],start_interpolation: 0,interpolation_duration: 1}
$data merge entity $(bone_head) {transformation: [-0.8339f,0f,-0.5519f,0f,0f,1f,0f,-0.125f,0.5519f,0f,-0.8339f,0f,0f,0f,0f,1f],start_interpolation: 0,interpolation_duration: 1}
$data merge entity $(bone_bone6) {transformation: [-0.8365f,-0.5477f,0.0173f,0.8139f,-0.5f,0.75f,-0.433f,-0.9654f,0.2241f,-0.3709f,-0.9012f,-0.0818f,0f,0f,0f,1f],start_interpolation: 0,interpolation_duration: 1}
$data merge entity $(bone_left_down_arm) {transformation: [-0.8365f,-0.5477f,0.0173f,0.5059f,-0.5f,0.75f,-0.433f,-0.5435f,0.2241f,-0.3709f,-0.9012f,-0.2905f,0f,0f,0f,1f],start_interpolation: 0,interpolation_duration: 1}
$data merge entity $(bone_left_upper_arm) {transformation: [-0.8365f,-0.3653f,-0.4084f,0.2415f,-0.5f,0.8138f,0.2962f,-0.25f,0.2241f,0.452f,-0.8634f,-0.0647f,0f,0f,0f,1f],start_interpolation: 0,interpolation_duration: 1}
$data merge entity $(bone_bone7) {transformation: [-0.8365f,0.3378f,-0.4314f,-0.7626f,0.5f,0.7927f,-0.3488f,-0.9676f,0.2241f,-0.5075f,-0.832f,0.2785f,0f,0f,0f,1f],start_interpolation: 0,interpolation_duration: 1}
$data merge entity $(bone_left_down_arm2) {transformation: [-0.8365f,0.3378f,-0.4314f,-0.5995f,0.5f,0.7927f,-0.3488f,-0.5435f,0.2241f,-0.5075f,-0.832f,-0.059f,0f,0f,0f,1f],start_interpolation: 0,interpolation_duration: 1}
$data merge entity $(bone_left_upper_arm2) {transformation: [-0.8365f,0.5424f,-0.078f,-0.2577f,0.5f,0.8138f,0.2962f,-0.25f,0.2241f,0.2088f,-0.9519f,0.0043f,0f,0f,0f,1f],start_interpolation: 0,interpolation_duration: 1}
$data merge entity $(bone_upperbody) {transformation: [-0.9659f,0f,-0.2588f,-0.1973f,0f,1f,0f,-0.5f,0.2588f,0f,-0.9659f,-0.0118f,0f,0f,0f,1f],start_interpolation: 0,interpolation_duration: 1}
$data merge entity $(bone_downbody) {transformation: [-0.9659f,0f,-0.2588f,0f,0f,1f,0f,-1f,0.2588f,0f,-0.9659f,0f,0f,0f,0f,1f],start_interpolation: 0,interpolation_duration: 1}