# This file was generated by Animated Java via MC-Build. It is not recommended to edit this file directly.
$data merge entity $(bone_bone4) {transformation: [-0.9239f,-0.331f,-0.1921f,0.3332f,-0.3827f,0.7991f,0.4637f,-1.4963f,0f,0.5019f,-0.8649f,0.3078f,0f,0f,0f,1f],start_interpolation: 0,interpolation_duration: 1}
$data merge entity $(bone_bone) {transformation: [-0.9239f,-0.3331f,0.1884f,0.125f,-0.3827f,0.8041f,-0.4549f,-0.9937f,0f,-0.4924f,-0.8704f,0f,0f,0f,0f,1f],start_interpolation: 0,interpolation_duration: 1}
$data merge entity $(bone_bone5) {transformation: [-0.8434f,0.5106f,0.1671f,-0.4132f,0.5373f,0.8015f,0.2624f,-1.4462f,0f,0.3111f,-0.9504f,0.3207f,0f,0f,0f,1f],start_interpolation: 0,interpolation_duration: 1}
$data merge entity $(bone_bone2) {transformation: [-0.8434f,0.4612f,-0.2757f,-0.125f,0.5373f,0.7239f,-0.4328f,-0.9937f,0f,-0.5132f,-0.8583f,0f,0f,0f,0f,1f],start_interpolation: 0,interpolation_duration: 1}
$data merge entity $(bone_head) {transformation: [-0.8647f,0f,-0.5023f,0f,0f,1f,0f,-0.1188f,0.5023f,0f,-0.8647f,0f,0f,0f,0f,1f],start_interpolation: 0,interpolation_duration: 1}
$data merge entity $(bone_bone6) {transformation: [-0.8421f,-0.5385f,0.0292f,0.8162f,-0.5f,0.7593f,-0.4165f,-0.9644f,0.2022f,-0.3654f,-0.9086f,-0.0716f,0f,0f,0f,1f],start_interpolation: 0,interpolation_duration: 1}
$data merge entity $(bone_left_down_arm) {transformation: [-0.8421f,-0.5385f,0.0292f,0.5133f,-0.5f,0.7593f,-0.4165f,-0.5373f,0.2022f,-0.3654f,-0.9086f,-0.2771f,0f,0f,0f,1f],start_interpolation: 0,interpolation_duration: 1}
$data merge entity $(bone_left_upper_arm) {transformation: [-0.8421f,-0.377f,-0.3857f,0.2431f,-0.5f,0.8138f,0.2962f,-0.2437f,0.2022f,0.4423f,-0.8738f,-0.0584f,0f,0f,0f,1f],start_interpolation: 0,interpolation_duration: 1}
$data merge entity $(bone_bone7) {transformation: [-0.8421f,0.3429f,-0.4163f,-0.7646f,0.5f,0.7857f,-0.3643f,-0.9565f,0.2022f,-0.5149f,-0.8331f,0.2671f,0f,0f,0f,1f],start_interpolation: 0,interpolation_duration: 1}
$data merge entity $(bone_left_down_arm2) {transformation: [-0.8421f,0.3429f,-0.4163f,-0.5978f,0.5f,0.7857f,-0.3643f,-0.5373f,0.2022f,-0.5149f,-0.8331f,-0.0747f,0f,0f,0f,1f],start_interpolation: 0,interpolation_duration: 1}
$data merge entity $(bone_left_upper_arm2) {transformation: [-0.8421f,0.5367f,-0.0531f,-0.2577f,0.5f,0.8138f,0.2962f,-0.2437f,0.2022f,0.2229f,-0.9537f,-0.0024f,0f,0f,0f,1f],start_interpolation: 0,interpolation_duration: 1}
$data merge entity $(bone_upperbody) {transformation: [-0.9724f,0f,-0.2334f,-0.1969f,0f,1f,0f,-0.4937f,0.2334f,0f,-0.9724f,-0.017f,0f,0f,0f,1f],start_interpolation: 0,interpolation_duration: 1}
$data merge entity $(bone_downbody) {transformation: [-0.9724f,0f,-0.2334f,0f,0f,1f,0f,-0.9937f,0.2334f,0f,-0.9724f,0f,0f,0f,0f,1f],start_interpolation: 0,interpolation_duration: 1}