# This file was generated by Animated Java via MC-Build. It is not recommended to edit this file directly.
$data merge entity $(bone_bone4) {transformation: [-0.9239f,-0.3347f,-0.1855f,0.3342f,-0.3827f,0.808f,0.4479f,-1.4925f,0f,0.4848f,-0.8746f,0.303f,0f,0f,0f,1f],start_interpolation: 0,interpolation_duration: 1}
$data merge entity $(bone_bone) {transformation: [-0.9239f,-0.3347f,0.1855f,0.125f,-0.3827f,0.808f,-0.4479f,-0.9875f,0f,-0.4848f,-0.8746f,0f,0f,0f,0f,1f],start_interpolation: 0,interpolation_duration: 1}
$data merge entity $(bone_bone5) {transformation: [-0.8434f,0.5124f,0.1616f,-0.4143f,0.5373f,0.8044f,0.2536f,-1.4417f,0f,0.3007f,-0.9537f,0.3172f,0f,0f,0f,1f],start_interpolation: 0,interpolation_duration: 1}
$data merge entity $(bone_bone2) {transformation: [-0.8434f,0.463f,-0.2727f,-0.125f,0.5373f,0.7267f,-0.4281f,-0.9875f,0f,-0.5075f,-0.8616f,0f,0f,0f,0f,1f],start_interpolation: 0,interpolation_duration: 1}
$data merge entity $(bone_head) {transformation: [-0.8926f,0f,-0.4509f,0f,0f,1f,0f,-0.1125f,0.4509f,0f,-0.8926f,0f,0f,0f,0f,1f],start_interpolation: 0,interpolation_duration: 1}
$data merge entity $(bone_bone6) {transformation: [-0.8471f,-0.5298f,0.0414f,0.8184f,-0.5f,0.7682f,-0.3999f,-0.9631f,0.1801f,-0.3594f,-0.9156f,-0.0614f,0f,0f,0f,1f],start_interpolation: 0,interpolation_duration: 1}
$data merge entity $(bone_left_down_arm) {transformation: [-0.8471f,-0.5298f,0.0414f,0.5204f,-0.5f,0.7682f,-0.3999f,-0.531f,0.1801f,-0.3594f,-0.9156f,-0.2636f,0f,0f,0f,1f],start_interpolation: 0,interpolation_duration: 1}
$data merge entity $(bone_left_upper_arm) {transformation: [-0.8471f,-0.3885f,-0.3626f,0.2445f,-0.5f,0.8138f,0.2962f,-0.2375f,0.1801f,0.4322f,-0.8836f,-0.052f,0f,0f,0f,1f],start_interpolation: 0,interpolation_duration: 1}
$data merge entity $(bone_bone7) {transformation: [-0.8471f,0.3484f,-0.4013f,-0.7665f,0.5f,0.7784f,-0.3796f,-0.9451f,0.1801f,-0.5222f,-0.8336f,0.2556f,0f,0f,0f,1f],start_interpolation: 0,interpolation_duration: 1}
$data merge entity $(bone_left_down_arm2) {transformation: [-0.8471f,0.3484f,-0.4013f,-0.5956f,0.5f,0.7784f,-0.3796f,-0.531f,0.1801f,-0.5222f,-0.8336f,-0.0903f,0f,0f,0f,1f],start_interpolation: 0,interpolation_duration: 1}
$data merge entity $(bone_left_upper_arm2) {transformation: [-0.8471f,0.5307f,-0.0281f,-0.2575f,0.5f,0.8138f,0.2962f,-0.2375f,0.1801f,0.2369f,-0.9547f,-0.0092f,0f,0f,0f,1f],start_interpolation: 0,interpolation_duration: 1}
$data merge entity $(bone_upperbody) {transformation: [-0.9781f,0f,-0.2079f,-0.1964f,0f,1f,0f,-0.4875f,0.2079f,0f,-0.9781f,-0.0222f,0f,0f,0f,1f],start_interpolation: 0,interpolation_duration: 1}
$data merge entity $(bone_downbody) {transformation: [-0.9781f,0f,-0.2079f,0f,0f,1f,0f,-0.9875f,0.2079f,0f,-0.9781f,0f,0f,0f,0f,1f],start_interpolation: 0,interpolation_duration: 1}