# This file was generated by Animated Java via MC-Build. It is not recommended to edit this file directly.
$data merge entity $(bone_bone4) {transformation: [-0.9239f,-0.3383f,-0.1789f,0.3352f,-0.3827f,0.8167f,0.432f,-1.4887f,0f,0.4675f,-0.884f,0.2982f,0f,0f,0f,1f],start_interpolation: 0,interpolation_duration: 1}
$data merge entity $(bone_bone) {transformation: [-0.9239f,-0.3363f,0.1826f,0.125f,-0.3827f,0.8119f,-0.4408f,-0.9812f,0f,-0.4772f,-0.8788f,0f,0f,0f,0f,1f],start_interpolation: 0,interpolation_duration: 1}
$data merge entity $(bone_bone5) {transformation: [-0.8434f,0.5142f,0.156f,-0.4155f,0.5373f,0.8071f,0.2448f,-1.4372f,0f,0.2903f,-0.9569f,0.3137f,0f,0f,0f,1f],start_interpolation: 0,interpolation_duration: 1}
$data merge entity $(bone_bone2) {transformation: [-0.8434f,0.4647f,-0.2697f,-0.125f,0.5373f,0.7295f,-0.4233f,-0.9812f,0f,-0.5019f,-0.8649f,0f,0f,0f,0f,1f],start_interpolation: 0,interpolation_duration: 1}
$data merge entity $(bone_head) {transformation: [-0.9174f,0f,-0.3979f,0f,0f,1f,0f,-0.1062f,0.3979f,0f,-0.9174f,0f,0f,0f,0f,1f],start_interpolation: 0,interpolation_duration: 1}
$data merge entity $(bone_bone6) {transformation: [-0.8515f,-0.5215f,0.054f,0.8205f,-0.5f,0.7767f,-0.383f,-0.9617f,0.1578f,-0.3532f,-0.9222f,-0.0512f,0f,0f,0f,1f],start_interpolation: 0,interpolation_duration: 1}
$data merge entity $(bone_left_down_arm) {transformation: [-0.8515f,-0.5215f,0.054f,0.5271f,-0.5f,0.7767f,-0.383f,-0.5248f,0.1578f,-0.3532f,-0.9222f,-0.2499f,0f,0f,0f,1f],start_interpolation: 0,interpolation_duration: 1}
$data merge entity $(bone_left_upper_arm) {transformation: [-0.8515f,-0.3997f,-0.3394f,0.2458f,-0.5f,0.8138f,0.2962f,-0.2312f,0.1578f,0.4219f,-0.8928f,-0.0456f,0f,0f,0f,1f],start_interpolation: 0,interpolation_duration: 1}
$data merge entity $(bone_bone7) {transformation: [-0.8515f,0.3545f,-0.3863f,-0.7683f,0.5f,0.7708f,-0.3948f,-0.9337f,0.1578f,-0.5294f,-0.8336f,0.244f,0f,0f,0f,1f],start_interpolation: 0,interpolation_duration: 1}
$data merge entity $(bone_left_down_arm2) {transformation: [-0.8515f,0.3545f,-0.3863f,-0.593f,0.5f,0.7708f,-0.3948f,-0.5248f,0.1578f,-0.5294f,-0.8336f,-0.1058f,0f,0f,0f,1f],start_interpolation: 0,interpolation_duration: 1}
$data merge entity $(bone_left_upper_arm2) {transformation: [-0.8515f,0.5243f,-0.0031f,-0.2572f,0.5f,0.8138f,0.2962f,-0.2312f,0.1578f,0.2507f,-0.9551f,-0.0159f,0f,0f,0f,1f],start_interpolation: 0,interpolation_duration: 1}
$data merge entity $(bone_upperbody) {transformation: [-0.9833f,0f,-0.1822f,-0.1958f,0f,1f,0f,-0.4812f,0.1822f,0f,-0.9833f,-0.0273f,0f,0f,0f,1f],start_interpolation: 0,interpolation_duration: 1}
$data merge entity $(bone_downbody) {transformation: [-0.9833f,0f,-0.1822f,0f,0f,1f,0f,-0.9812f,0.1822f,0f,-0.9833f,0f,0f,0f,0f,1f],start_interpolation: 0,interpolation_duration: 1}