# This file was generated by Animated Java via MC-Build. It is not recommended to edit this file directly.
$data merge entity $(bone_bone4) {transformation: [-0.9239f,-0.3417f,-0.1722f,0.3362f,-0.3827f,0.825f,0.4158f,-1.4848f,0f,0.4501f,-0.893f,0.2934f,0f,0f,0f,1f],start_interpolation: 0,interpolation_duration: 1}
$data merge entity $(bone_bone) {transformation: [-0.9239f,-0.3379f,0.1797f,0.125f,-0.3827f,0.8157f,-0.4337f,-0.975f,0f,-0.4695f,-0.8829f,0f,0f,0f,0f,1f],start_interpolation: 0,interpolation_duration: 1}
$data merge entity $(bone_bone5) {transformation: [-0.8434f,0.5158f,0.1504f,-0.4166f,0.5373f,0.8097f,0.236f,-1.4326f,0f,0.2798f,-0.96f,0.3101f,0f,0f,0f,1f],start_interpolation: 0,interpolation_duration: 1}
$data merge entity $(bone_bone2) {transformation: [-0.8434f,0.4665f,-0.2666f,-0.125f,0.5373f,0.7322f,-0.4185f,-0.975f,0f,-0.4962f,-0.8682f,0f,0f,0f,0f,1f],start_interpolation: 0,interpolation_duration: 1}
$data merge entity $(bone_head) {transformation: [-0.9391f,0f,-0.3437f,0f,0f,1f,0f,-0.1f,0.3437f,0f,-0.9391f,0f,0f,0f,0f,1f],start_interpolation: 0,interpolation_duration: 1}
$data merge entity $(bone_bone6) {transformation: [-0.8554f,-0.5137f,0.0669f,0.8224f,-0.5f,0.7849f,-0.366f,-0.96f,0.1355f,-0.3465f,-0.9282f,-0.0411f,0f,0f,0f,1f],start_interpolation: 0,interpolation_duration: 1}
$data merge entity $(bone_left_down_arm) {transformation: [-0.8554f,-0.5137f,0.0669f,0.5335f,-0.5f,0.7849f,-0.366f,-0.5185f,0.1355f,-0.3465f,-0.9282f,-0.236f,0f,0f,0f,1f],start_interpolation: 0,interpolation_duration: 1}
$data merge entity $(bone_left_upper_arm) {transformation: [-0.8554f,-0.4106f,-0.3159f,0.2469f,-0.5f,0.8138f,0.2962f,-0.225f,0.1355f,0.4113f,-0.9014f,-0.0391f,0f,0f,0f,1f],start_interpolation: 0,interpolation_duration: 1}
$data merge entity $(bone_bone7) {transformation: [-0.8554f,0.361f,-0.3715f,-0.7699f,0.5f,0.7629f,-0.4099f,-0.922f,0.1355f,-0.5364f,-0.833f,0.2325f,0f,0f,0f,1f],start_interpolation: 0,interpolation_duration: 1}
$data merge entity $(bone_left_down_arm2) {transformation: [-0.8554f,0.361f,-0.3715f,-0.5901f,0.5f,0.7629f,-0.4099f,-0.5185f,0.1355f,-0.5364f,-0.833f,-0.1213f,0f,0f,0f,1f],start_interpolation: 0,interpolation_duration: 1}
$data merge entity $(bone_left_upper_arm2) {transformation: [-0.8554f,0.5176f,0.0219f,-0.2567f,0.5f,0.8138f,0.2962f,-0.225f,0.1355f,0.2643f,-0.9549f,-0.0226f,0f,0f,0f,1f],start_interpolation: 0,interpolation_duration: 1}
$data merge entity $(bone_upperbody) {transformation: [-0.9877f,0f,-0.1564f,-0.195f,0f,1f,0f,-0.475f,0.1564f,0f,-0.9877f,-0.0324f,0f,0f,0f,1f],start_interpolation: 0,interpolation_duration: 1}
$data merge entity $(bone_downbody) {transformation: [-0.9877f,0f,-0.1564f,0f,0f,1f,0f,-0.975f,0.1564f,0f,-0.9877f,0f,0f,0f,0f,1f],start_interpolation: 0,interpolation_duration: 1}