# This file was generated by Animated Java via MC-Build. It is not recommended to edit this file directly.
$data merge entity $(bone_bone4) {transformation: [-0.9239f,-0.345f,-0.1655f,0.3372f,-0.3827f,0.833f,0.3996f,-1.4809f,0f,0.4325f,-0.9016f,0.2886f,0f,0f,0f,1f],start_interpolation: 0,interpolation_duration: 1}
$data merge entity $(bone_bone) {transformation: [-0.9239f,-0.3394f,0.1767f,0.125f,-0.3827f,0.8195f,-0.4266f,-0.9687f,0f,-0.4617f,-0.887f,0f,0f,0f,0f,1f],start_interpolation: 0,interpolation_duration: 1}
$data merge entity $(bone_bone5) {transformation: [-0.8434f,0.5174f,0.1447f,-0.4176f,0.5373f,0.8122f,0.2272f,-1.4281f,0f,0.2693f,-0.963f,0.3066f,0f,0f,0f,1f],start_interpolation: 0,interpolation_duration: 1}
$data merge entity $(bone_bone2) {transformation: [-0.8434f,0.4682f,-0.2636f,-0.125f,0.5373f,0.735f,-0.4137f,-0.9687f,0f,-0.4905f,-0.8714f,0f,0f,0f,0f,1f],start_interpolation: 0,interpolation_duration: 1}
$data merge entity $(bone_head) {transformation: [-0.9576f,0f,-0.2882f,0f,0f,1f,0f,-0.0937f,0.2882f,0f,-0.9576f,0f,0f,0f,0f,1f],start_interpolation: 0,interpolation_duration: 1}
$data merge entity $(bone_bone6) {transformation: [-0.8586f,-0.5063f,0.0802f,0.8243f,-0.5f,0.7927f,-0.3488f,-0.9582f,0.113f,-0.3396f,-0.9338f,-0.0309f,0f,0f,0f,1f],start_interpolation: 0,interpolation_duration: 1}
$data merge entity $(bone_left_down_arm) {transformation: [-0.8586f,-0.5063f,0.0802f,0.5395f,-0.5f,0.7927f,-0.3488f,-0.5123f,0.113f,-0.3396f,-0.9338f,-0.2219f,0f,0f,0f,1f],start_interpolation: 0,interpolation_duration: 1}
$data merge entity $(bone_left_upper_arm) {transformation: [-0.8586f,-0.4212f,-0.2922f,0.2479f,-0.5f,0.8138f,0.2962f,-0.2187f,0.113f,0.4004f,-0.9093f,-0.0326f,0f,0f,0f,1f],start_interpolation: 0,interpolation_duration: 1}
$data merge entity $(bone_bone7) {transformation: [-0.8586f,0.368f,-0.3569f,-0.7713f,0.5f,0.7547f,-0.4248f,-0.9102f,0.113f,-0.5432f,-0.832f,0.2208f,0f,0f,0f,1f],start_interpolation: 0,interpolation_duration: 1}
$data merge entity $(bone_left_down_arm2) {transformation: [-0.8586f,0.368f,-0.3569f,-0.5867f,0.5f,0.7547f,-0.4248f,-0.5123f,0.113f,-0.5432f,-0.832f,-0.1367f,0f,0f,0f,1f],start_interpolation: 0,interpolation_duration: 1}
$data merge entity $(bone_left_upper_arm2) {transformation: [-0.8586f,0.5105f,0.0469f,-0.256f,0.5f,0.8138f,0.2962f,-0.2187f,0.113f,0.2778f,-0.954f,-0.0293f,0f,0f,0f,1f],start_interpolation: 0,interpolation_duration: 1}
$data merge entity $(bone_upperbody) {transformation: [-0.9914f,0f,-0.1305f,-0.1941f,0f,1f,0f,-0.4687f,0.1305f,0f,-0.9914f,-0.0375f,0f,0f,0f,1f],start_interpolation: 0,interpolation_duration: 1}
$data merge entity $(bone_downbody) {transformation: [-0.9914f,0f,-0.1305f,0f,0f,1f,0f,-0.9687f,0.1305f,0f,-0.9914f,0f,0f,0f,0f,1f],start_interpolation: 0,interpolation_duration: 1}