# This file was generated by Animated Java via MC-Build. It is not recommended to edit this file directly.
$data merge entity $(bone_bone4) {transformation: [-0.9239f,-0.3482f,-0.1587f,0.3381f,-0.3827f,0.8407f,0.3831f,-1.477f,0f,0.4147f,-0.91f,0.2837f,0f,0f,0f,1f],start_interpolation: 0,interpolation_duration: 1}
$data merge entity $(bone_bone) {transformation: [-0.9239f,-0.341f,0.1737f,0.125f,-0.3827f,0.8232f,-0.4194f,-0.9625f,0f,-0.454f,-0.891f,0f,0f,0f,0f,1f],start_interpolation: 0,interpolation_duration: 1}
$data merge entity $(bone_bone5) {transformation: [-0.8434f,0.519f,0.1391f,-0.4187f,0.5373f,0.8147f,0.2183f,-1.4235f,0f,0.2588f,-0.9659f,0.303f,0f,0f,0f,1f],start_interpolation: 0,interpolation_duration: 1}
$data merge entity $(bone_bone2) {transformation: [-0.8434f,0.4699f,-0.2605f,-0.125f,0.5373f,0.7376f,-0.4089f,-0.9625f,0f,-0.4848f,-0.8746f,0f,0f,0f,0f,1f],start_interpolation: 0,interpolation_duration: 1}
$data merge entity $(bone_head) {transformation: [-0.9728f,0f,-0.2317f,0f,0f,1f,0f,-0.0875f,0.2317f,0f,-0.9728f,0f,0f,0f,0f,1f],start_interpolation: 0,interpolation_duration: 1}
$data merge entity $(bone_bone6) {transformation: [-0.8613f,-0.4994f,0.0937f,0.826f,-0.5f,0.8001f,-0.3314f,-0.9561f,0.0905f,-0.3323f,-0.9388f,-0.0208f,0f,0f,0f,1f],start_interpolation: 0,interpolation_duration: 1}
$data merge entity $(bone_left_down_arm) {transformation: [-0.8613f,-0.4994f,0.0937f,0.5451f,-0.5f,0.8001f,-0.3314f,-0.506f,0.0905f,-0.3323f,-0.9388f,-0.2077f,0f,0f,0f,1f],start_interpolation: 0,interpolation_duration: 1}
$data merge entity $(bone_left_upper_arm) {transformation: [-0.8613f,-0.4315f,-0.2683f,0.2486f,-0.5f,0.8138f,0.2962f,-0.2125f,0.0905f,0.3893f,-0.9167f,-0.0261f,0f,0f,0f,1f],start_interpolation: 0,interpolation_duration: 1}
$data merge entity $(bone_bone7) {transformation: [-0.8613f,0.3754f,-0.3424f,-0.7727f,0.5f,0.7462f,-0.4395f,-0.8983f,0.0905f,-0.5498f,-0.8304f,0.2091f,0f,0f,0f,1f],start_interpolation: 0,interpolation_duration: 1}
$data merge entity $(bone_left_down_arm2) {transformation: [-0.8613f,0.3754f,-0.3424f,-0.5829f,0.5f,0.7462f,-0.4395f,-0.506f,0.0905f,-0.5498f,-0.8304f,-0.152f,0f,0f,0f,1f],start_interpolation: 0,interpolation_duration: 1}
$data merge entity $(bone_left_upper_arm2) {transformation: [-0.8613f,0.503f,0.0718f,-0.2552f,0.5f,0.8138f,0.2962f,-0.2125f,0.0905f,0.291f,-0.9524f,-0.036f,0f,0f,0f,1f],start_interpolation: 0,interpolation_duration: 1}
$data merge entity $(bone_upperbody) {transformation: [-0.9945f,0f,-0.1045f,-0.193f,0f,1f,0f,-0.4625f,0.1045f,0f,-0.9945f,-0.0426f,0f,0f,0f,1f],start_interpolation: 0,interpolation_duration: 1}
$data merge entity $(bone_downbody) {transformation: [-0.9945f,0f,-0.1045f,0f,0f,1f,0f,-0.9625f,0.1045f,0f,-0.9945f,0f,0f,0f,0f,1f],start_interpolation: 0,interpolation_duration: 1}