# This file was generated by Animated Java via MC-Build. It is not recommended to edit this file directly.
$data merge entity $(bone_bone4) {transformation: [-0.9239f,-0.3542f,-0.1449f,0.34f,-0.3827f,0.8551f,0.3498f,-1.469f,0f,0.3786f,-0.9255f,0.274f,0f,0f,0f,1f],start_interpolation: 0,interpolation_duration: 1}
$data merge entity $(bone_bone) {transformation: [-0.9239f,-0.344f,0.1678f,0.125f,-0.3827f,0.8304f,-0.405f,-0.95f,0f,-0.4384f,-0.8988f,0f,0f,0f,0f,1f],start_interpolation: 0,interpolation_duration: 1}
$data merge entity $(bone_bone5) {transformation: [-0.8434f,0.5219f,0.1277f,-0.4208f,0.5373f,0.8192f,0.2005f,-1.4143f,0f,0.2377f,-0.9713f,0.2958f,0f,0f,0f,1f],start_interpolation: 0,interpolation_duration: 1}
$data merge entity $(bone_bone2) {transformation: [-0.8434f,0.4733f,-0.2543f,-0.125f,0.5373f,0.7429f,-0.3992f,-0.95f,0f,-0.4733f,-0.8809f,0f,0f,0f,0f,1f],start_interpolation: 0,interpolation_duration: 1}
$data merge entity $(bone_head) {transformation: [-0.9932f,0f,-0.1167f,0f,0f,1f,0f,-0.075f,0.1167f,0f,-0.9932f,0f,0f,0f,0f,1f],start_interpolation: 0,interpolation_duration: 1}
$data merge entity $(bone_bone6) {transformation: [-0.8648f,-0.4871f,0.1216f,0.8292f,-0.5f,0.8138f,-0.2962f,-0.9513f,0.0453f,-0.317f,-0.9474f,-0.0006f,0f,0f,0f,1f],start_interpolation: 0,interpolation_duration: 1}
$data merge entity $(bone_left_down_arm) {transformation: [-0.8648f,-0.4871f,0.1216f,0.5552f,-0.5f,0.8138f,-0.2962f,-0.4935f,0.0453f,-0.317f,-0.9474f,-0.1789f,0f,0f,0f,1f],start_interpolation: 0,interpolation_duration: 1}
$data merge entity $(bone_left_upper_arm) {transformation: [-0.8648f,-0.4513f,-0.22f,0.2497f,-0.5f,0.8138f,0.2962f,-0.2f,0.0453f,0.3661f,-0.9295f,-0.0131f,0f,0f,0f,1f],start_interpolation: 0,interpolation_duration: 1}
$data merge entity $(bone_bone7) {transformation: [-0.8648f,0.3916f,-0.3141f,-0.7748f,0.5f,0.7284f,-0.4685f,-0.874f,0.0453f,-0.5622f,-0.8257f,0.1855f,0f,0f,0f,1f],start_interpolation: 0,interpolation_duration: 1}
$data merge entity $(bone_left_down_arm2) {transformation: [-0.8648f,0.3916f,-0.3141f,-0.5741f,0.5f,0.7284f,-0.4685f,-0.4935f,0.0453f,-0.5622f,-0.8257f,-0.1823f,0f,0f,0f,1f],start_interpolation: 0,interpolation_duration: 1}
$data merge entity $(bone_left_upper_arm2) {transformation: [-0.8648f,0.4871f,0.1216f,-0.2529f,0.5f,0.8138f,0.2962f,-0.2f,0.0453f,0.317f,-0.9474f,-0.0493f,0f,0f,0f,1f],start_interpolation: 0,interpolation_duration: 1}
$data merge entity $(bone_upperbody) {transformation: [-0.9986f,0f,-0.0523f,-0.1905f,0f,1f,0f,-0.45f,0.0523f,0f,-0.9986f,-0.0526f,0f,0f,0f,1f],start_interpolation: 0,interpolation_duration: 1}
$data merge entity $(bone_downbody) {transformation: [-0.9986f,0f,-0.0523f,0f,0f,1f,0f,-0.95f,0.0523f,0f,-0.9986f,0f,0f,0f,0f,1f],start_interpolation: 0,interpolation_duration: 1}