# This file was generated by Animated Java via MC-Build. It is not recommended to edit this file directly.
$data merge entity $(bone_bone4) {transformation: [-0.9239f,-0.357f,-0.1379f,0.3409f,-0.3827f,0.8618f,0.333f,-1.4649f,0f,0.3604f,-0.9328f,0.2691f,0f,0f,0f,1f],start_interpolation: 0,interpolation_duration: 1}
$data merge entity $(bone_bone) {transformation: [-0.9239f,-0.3454f,0.1647f,0.125f,-0.3827f,0.8339f,-0.3977f,-0.9437f,0f,-0.4305f,-0.9026f,0f,0f,0f,0f,1f],start_interpolation: 0,interpolation_duration: 1}
$data merge entity $(bone_bone5) {transformation: [-0.8434f,0.5233f,0.122f,-0.4218f,0.5373f,0.8214f,0.1915f,-1.4097f,0f,0.2271f,-0.9739f,0.2922f,0f,0f,0f,1f],start_interpolation: 0,interpolation_duration: 1}
$data merge entity $(bone_bone2) {transformation: [-0.8434f,0.475f,-0.2512f,-0.125f,0.5373f,0.7455f,-0.3943f,-0.9437f,0f,-0.4675f,-0.884f,0f,0f,0f,0f,1f],start_interpolation: 0,interpolation_duration: 1}
$data merge entity $(bone_head) {transformation: [-0.9983f,0f,-0.0584f,0f,0f,1f,0f,-0.0687f,0.0584f,0f,-0.9983f,0f,0f,0f,0f,1f],start_interpolation: 0,interpolation_duration: 1}
$data merge entity $(bone_bone6) {transformation: [-0.8657f,-0.4817f,0.1359f,0.8307f,-0.5f,0.8201f,-0.2784f,-0.9486f,0.0227f,-0.3089f,-0.9508f,0.0094f,0f,0f,0f,1f],start_interpolation: 0,interpolation_duration: 1}
$data merge entity $(bone_left_down_arm) {transformation: [-0.8657f,-0.4817f,0.1359f,0.5597f,-0.5f,0.8201f,-0.2784f,-0.4873f,0.0227f,-0.3089f,-0.9508f,-0.1643f,0f,0f,0f,1f],start_interpolation: 0,interpolation_duration: 1}
$data merge entity $(bone_left_upper_arm) {transformation: [-0.8657f,-0.4607f,-0.1955f,0.2499f,-0.5f,0.8138f,0.2962f,-0.1937f,0.0227f,0.3542f,-0.9349f,-0.0065f,0f,0f,0f,1f],start_interpolation: 0,interpolation_duration: 1}
$data merge entity $(bone_bone7) {transformation: [-0.8657f,0.4004f,-0.3003f,-0.7756f,0.5f,0.719f,-0.4827f,-0.8616f,0.0227f,-0.5681f,-0.8227f,0.1736f,0f,0f,0f,1f],start_interpolation: 0,interpolation_duration: 1}
$data merge entity $(bone_left_down_arm2) {transformation: [-0.8657f,0.4004f,-0.3003f,-0.5692f,0.5f,0.719f,-0.4827f,-0.4873f,0.0227f,-0.5681f,-0.8227f,-0.1973f,0f,0f,0f,1f],start_interpolation: 0,interpolation_duration: 1}
$data merge entity $(bone_left_upper_arm2) {transformation: [-0.8657f,0.4786f,0.1464f,-0.2516f,0.5f,0.8138f,0.2962f,-0.1937f,0.0227f,0.3296f,-0.9438f,-0.0559f,0f,0f,0f,1f],start_interpolation: 0,interpolation_duration: 1}
$data merge entity $(bone_upperbody) {transformation: [-0.9997f,0f,-0.0262f,-0.1891f,0f,1f,0f,-0.4437f,0.0262f,0f,-0.9997f,-0.0576f,0f,0f,0f,1f],start_interpolation: 0,interpolation_duration: 1}
$data merge entity $(bone_downbody) {transformation: [-0.9997f,0f,-0.0262f,0f,0f,1f,0f,-0.9437f,0.0262f,0f,-0.9997f,0f,0f,0f,0f,1f],start_interpolation: 0,interpolation_duration: 1}