# This file was generated by Animated Java via MC-Build. It is not recommended to edit this file directly.
$data merge entity $(bone_bone4) {transformation: [-0.9239f,-0.3482f,-0.1587f,0.3381f,-0.3827f,0.8407f,0.3831f,-1.477f,0f,0.4147f,-0.91f,0.2837f,0f,0f,0f,1f],start_interpolation: 0,interpolation_duration: 1}
$data merge entity $(bone_bone) {transformation: [-0.9239f,-0.341f,0.1737f,0.125f,-0.3827f,0.8232f,-0.4194f,-0.9625f,0f,-0.454f,-0.891f,0f,0f,0f,0f,1f],start_interpolation: 0,interpolation_duration: 1}
$data merge entity $(bone_bone5) {transformation: [-0.8434f,0.519f,0.1391f,-0.4187f,0.5373f,0.8147f,0.2183f,-1.4235f,0f,0.2588f,-0.9659f,0.303f,0f,0f,0f,1f],start_interpolation: 0,interpolation_duration: 1}
$data merge entity $(bone_bone2) {transformation: [-0.8434f,0.4699f,-0.2605f,-0.125f,0.5373f,0.7376f,-0.4089f,-0.9625f,0f,-0.4848f,-0.8746f,0f,0f,0f,0f,1f],start_interpolation: 0,interpolation_duration: 1}
$data merge entity $(bone_head) {transformation: [-0.9848f,0f,0.1736f,0f,0f,1f,0f,-0.0875f,-0.1736f,0f,-0.9848f,0f,0f,0f,0f,1f],start_interpolation: 0,interpolation_duration: 1}
$data merge entity $(bone_bone6) {transformation: [-0.8639f,-0.4341f,0.2553f,0.8171f,-0.5f,0.8001f,-0.3314f,-0.9561f,-0.0604f,-0.414f,-0.9083f,0.1229f,0f,0f,0f,1f],start_interpolation: 0,interpolation_duration: 1}
$data merge entity $(bone_left_down_arm) {transformation: [-0.8639f,-0.4341f,0.2553f,0.5729f,-0.5f,0.8001f,-0.3314f,-0.506f,-0.0604f,-0.414f,-0.9083f,-0.1099f,0f,0f,0f,1f],start_interpolation: 0,interpolation_duration: 1}
$data merge entity $(bone_left_upper_arm) {transformation: [-0.8639f,-0.4926f,-0.105f,0.2494f,-0.5f,0.8138f,0.2962f,-0.2125f,-0.0604f,0.3084f,-0.9493f,0.0174f,0f,0f,0f,1f],start_interpolation: 0,interpolation_duration: 1}
$data merge entity $(bone_bone7) {transformation: [-0.8639f,0.4652f,-0.193f,-0.7972f,0.5f,0.7462f,-0.4395f,-0.8983f,-0.0604f,-0.4762f,-0.8772f,0.0718f,0f,0f,0f,1f],start_interpolation: 0,interpolation_duration: 1}
$data merge entity $(bone_left_down_arm2) {transformation: [-0.8639f,0.4652f,-0.193f,-0.5476f,0.5f,0.7462f,-0.4395f,-0.506f,-0.0604f,-0.4762f,-0.8772f,-0.2509f,0f,0f,0f,1f],start_interpolation: 0,interpolation_duration: 1}
$data merge entity $(bone_left_upper_arm2) {transformation: [-0.8639f,0.4448f,0.2361f,-0.245f,0.5f,0.8138f,0.2962f,-0.2125f,-0.0604f,0.374f,-0.9255f,-0.0798f,0f,0f,0f,1f],start_interpolation: 0,interpolation_duration: 1}
$data merge entity $(bone_upperbody) {transformation: [-0.9976f,0f,0.0698f,-0.1827f,0f,1f,0f,-0.4625f,-0.0698f,0f,-0.9976f,-0.0754f,0f,0f,0f,1f],start_interpolation: 0,interpolation_duration: 1}
$data merge entity $(bone_downbody) {transformation: [-0.9976f,0f,0.0698f,0f,0f,1f,0f,-0.9625f,-0.0698f,0f,-0.9976f,0f,0f,0f,0f,1f],start_interpolation: 0,interpolation_duration: 1}