# This file was generated by Animated Java via MC-Build. It is not recommended to edit this file directly.
$data merge entity $(bone_bone4) {transformation: [-0.9239f,-0.3596f,-0.1309f,0.3418f,-0.3827f,0.8682f,0.316f,-1.4608f,0f,0.342f,-0.9397f,0.2641f,0f,0f,0f,1f],start_interpolation: 0,interpolation_duration: 1}
$data merge entity $(bone_bone) {transformation: [-0.9239f,-0.3468f,0.1617f,0.125f,-0.3827f,0.8373f,-0.3904f,-0.9375f,0f,-0.4226f,-0.9063f,0f,0f,0f,0f,1f],start_interpolation: 0,interpolation_duration: 1}
$data merge entity $(bone_bone5) {transformation: [-0.8434f,0.5246f,0.1163f,-0.4229f,0.5373f,0.8234f,0.1825f,-1.4051f,0f,0.2164f,-0.9763f,0.2886f,0f,0f,0f,1f],start_interpolation: 0,interpolation_duration: 1}
$data merge entity $(bone_bone2) {transformation: [-0.8434f,0.4766f,-0.2481f,-0.125f,0.5373f,0.7481f,-0.3894f,-0.9375f,0f,-0.4617f,-0.887f,0f,0f,0f,0f,1f],start_interpolation: 0,interpolation_duration: 1}
$data merge entity $(bone_head) {transformation: [-1f,0f,0f,0f,0f,1f,0f,-0.0625f,0f,0f,-1f,0f,0f,0f,0f,1f],start_interpolation: 0,interpolation_duration: 1}
$data merge entity $(bone_bone6) {transformation: [-0.866f,-0.4769f,0.1504f,0.832f,-0.5f,0.8259f,-0.2604f,-0.9456f,0f,-0.3007f,-0.9537f,0.0195f,0f,0f,0f,1f],start_interpolation: 0,interpolation_duration: 1}
$data merge entity $(bone_left_down_arm) {transformation: [-0.866f,-0.4769f,0.1504f,0.5638f,-0.5f,0.8259f,-0.2604f,-0.481f,0f,-0.3007f,-0.9537f,-0.1496f,0f,0f,0f,1f],start_interpolation: 0,interpolation_duration: 1}
$data merge entity $(bone_left_upper_arm) {transformation: [-0.866f,-0.4698f,-0.171f,0.25f,-0.5f,0.8138f,0.2962f,-0.1875f,0f,0.342f,-0.9397f,0f,0f,0f,0f,1f],start_interpolation: 0,interpolation_duration: 1}
$data merge entity $(bone_bone7) {transformation: [-0.866f,0.4096f,-0.2868f,-0.7763f,0.5f,0.7094f,-0.4967f,-0.849f,0f,-0.5736f,-0.8192f,0.1617f,0f,0f,0f,1f],start_interpolation: 0,interpolation_duration: 1}
$data merge entity $(bone_left_down_arm2) {transformation: [-0.866f,0.4096f,-0.2868f,-0.5638f,0.5f,0.7094f,-0.4967f,-0.481f,0f,-0.5736f,-0.8192f,-0.2121f,0f,0f,0f,1f],start_interpolation: 0,interpolation_duration: 1}
$data merge entity $(bone_left_upper_arm2) {transformation: [-0.866f,0.4698f,0.171f,-0.25f,0.5f,0.8138f,0.2962f,-0.1875f,0f,0.342f,-0.9397f,-0.0625f,0f,0f,0f,1f],start_interpolation: 0,interpolation_duration: 1}
$data merge entity $(bone_upperbody) {transformation: [-1f,0f,0f,-0.1875f,0f,1f,0f,-0.4375f,0f,0f,-1f,-0.0625f,0f,0f,0f,1f],start_interpolation: 0,interpolation_duration: 1}
$data merge entity $(bone_downbody) {transformation: [-1f,0f,0f,0f,0f,1f,0f,-0.9375f,0f,0f,-1f,0f,0f,0f,0f,1f],start_interpolation: 0,interpolation_duration: 1}