# This file was generated by Animated Java via MC-Build. It is not recommended to edit this file directly.
$data merge entity $(bone_bone4) {transformation: [-0.9239f,-0.345f,-0.1655f,0.3372f,-0.3827f,0.833f,0.3996f,-1.4809f,0f,0.4325f,-0.9016f,0.2886f,0f,0f,0f,1f],start_interpolation: 0,interpolation_duration: 1}
$data merge entity $(bone_bone) {transformation: [-0.9239f,-0.3394f,0.1767f,0.125f,-0.3827f,0.8195f,-0.4266f,-0.9687f,0f,-0.4617f,-0.887f,0f,0f,0f,0f,1f],start_interpolation: 0,interpolation_duration: 1}
$data merge entity $(bone_bone5) {transformation: [-0.8434f,0.5174f,0.1447f,-0.4176f,0.5373f,0.8122f,0.2272f,-1.4281f,0f,0.2693f,-0.963f,0.3066f,0f,0f,0f,1f],start_interpolation: 0,interpolation_duration: 1}
$data merge entity $(bone_bone2) {transformation: [-0.8434f,0.4682f,-0.2636f,-0.125f,0.5373f,0.735f,-0.4137f,-0.9687f,0f,-0.4905f,-0.8714f,0f,0f,0f,0f,1f],start_interpolation: 0,interpolation_duration: 1}
$data merge entity $(bone_head) {transformation: [-0.9763f,0f,0.2164f,0f,0f,1f,0f,-0.0937f,-0.2164f,0f,-0.9763f,0f,0f,0f,0f,1f],start_interpolation: 0,interpolation_duration: 1}
$data merge entity $(bone_bone6) {transformation: [-0.8627f,-0.4208f,0.2804f,0.8114f,-0.5f,0.7927f,-0.3488f,-0.9582f,-0.0755f,-0.4411f,-0.8943f,0.1482f,0f,0f,0f,1f],start_interpolation: 0,interpolation_duration: 1}
$data merge entity $(bone_left_down_arm) {transformation: [-0.8627f,-0.4208f,0.2804f,0.5747f,-0.5f,0.7927f,-0.3488f,-0.5123f,-0.0755f,-0.4411f,-0.8943f,-0.0999f,0f,0f,0f,1f],start_interpolation: 0,interpolation_duration: 1}
$data merge entity $(bone_left_upper_arm) {transformation: [-0.8627f,-0.4979f,-0.0885f,0.249f,-0.5f,0.8138f,0.2962f,-0.2187f,-0.0755f,0.2998f,-0.951f,0.0218f,0f,0f,0f,1f],start_interpolation: 0,interpolation_duration: 1}
$data merge entity $(bone_bone7) {transformation: [-0.8627f,0.4768f,-0.1684f,-0.8009f,0.5f,0.7547f,-0.4248f,-0.9102f,-0.0755f,-0.4507f,-0.8895f,0.0486f,0f,0f,0f,1f],start_interpolation: 0,interpolation_duration: 1}
$data merge entity $(bone_left_down_arm2) {transformation: [-0.8627f,0.4768f,-0.1684f,-0.5432f,0.5f,0.7547f,-0.4248f,-0.5123f,-0.0755f,-0.4507f,-0.8895f,-0.2605f,0f,0f,0f,1f],start_interpolation: 0,interpolation_duration: 1}
$data merge entity $(bone_left_upper_arm2) {transformation: [-0.8627f,0.4382f,0.2523f,-0.2436f,0.5f,0.8138f,0.2962f,-0.2187f,-0.0755f,0.3817f,-0.9212f,-0.0841f,0f,0f,0f,1f],start_interpolation: 0,interpolation_duration: 1}
$data merge entity $(bone_upperbody) {transformation: [-0.9962f,0f,0.0872f,-0.1813f,0f,1f,0f,-0.4687f,-0.0872f,0f,-0.9962f,-0.0786f,0f,0f,0f,1f],start_interpolation: 0,interpolation_duration: 1}
$data merge entity $(bone_downbody) {transformation: [-0.9962f,0f,0.0872f,0f,0f,1f,0f,-0.9687f,-0.0872f,0f,-0.9962f,0f,0f,0f,0f,1f],start_interpolation: 0,interpolation_duration: 1}