# This file was generated by Animated Java via MC-Build. It is not recommended to edit this file directly.
$data merge entity $(bone_bone4) {transformation: [-0.9239f,-0.3417f,-0.1722f,0.3362f,-0.3827f,0.825f,0.4158f,-1.4848f,0f,0.4501f,-0.893f,0.2934f,0f,0f,0f,1f],start_interpolation: 0,interpolation_duration: 1}
$data merge entity $(bone_bone) {transformation: [-0.9239f,-0.3379f,0.1797f,0.125f,-0.3827f,0.8157f,-0.4337f,-0.975f,0f,-0.4695f,-0.8829f,0f,0f,0f,0f,1f],start_interpolation: 0,interpolation_duration: 1}
$data merge entity $(bone_bone5) {transformation: [-0.8434f,0.5158f,0.1504f,-0.4166f,0.5373f,0.8097f,0.236f,-1.4326f,0f,0.2798f,-0.96f,0.3101f,0f,0f,0f,1f],start_interpolation: 0,interpolation_duration: 1}
$data merge entity $(bone_bone2) {transformation: [-0.8434f,0.4665f,-0.2666f,-0.125f,0.5373f,0.7322f,-0.4185f,-0.975f,0f,-0.4962f,-0.8682f,0f,0f,0f,0f,1f],start_interpolation: 0,interpolation_duration: 1}
$data merge entity $(bone_head) {transformation: [-0.9659f,0f,0.2588f,0f,0f,1f,0f,-0.1f,-0.2588f,0f,-0.9659f,0f,0f,0f,0f,1f],start_interpolation: 0,interpolation_duration: 1}
$data merge entity $(bone_bone6) {transformation: [-0.8613f,-0.4065f,0.3049f,0.805f,-0.5f,0.7849f,-0.366f,-0.96f,-0.0905f,-0.4677f,-0.8793f,0.1732f,0f,0f,0f,1f],start_interpolation: 0,interpolation_duration: 1}
$data merge entity $(bone_left_down_arm) {transformation: [-0.8613f,-0.4065f,0.3049f,0.5764f,-0.5f,0.7849f,-0.366f,-0.5185f,-0.0905f,-0.4677f,-0.8793f,-0.0899f,0f,0f,0f,1f],start_interpolation: 0,interpolation_duration: 1}
$data merge entity $(bone_left_upper_arm) {transformation: [-0.8613f,-0.503f,-0.0718f,0.2486f,-0.5f,0.8138f,0.2962f,-0.225f,-0.0905f,0.291f,-0.9524f,0.0261f,0f,0f,0f,1f],start_interpolation: 0,interpolation_duration: 1}
$data merge entity $(bone_bone7) {transformation: [-0.8613f,0.4875f,-0.1433f,-0.8038f,0.5f,0.7629f,-0.4099f,-0.922f,-0.0905f,-0.4247f,-0.9008f,0.0253f,0f,0f,0f,1f],start_interpolation: 0,interpolation_duration: 1}
$data merge entity $(bone_left_down_arm2) {transformation: [-0.8613f,0.4875f,-0.1433f,-0.5385f,0.5f,0.7629f,-0.4099f,-0.5185f,-0.0905f,-0.4247f,-0.9008f,-0.2699f,0f,0f,0f,1f],start_interpolation: 0,interpolation_duration: 1}
$data merge entity $(bone_left_upper_arm2) {transformation: [-0.8613f,0.4315f,0.2683f,-0.2421f,0.5f,0.8138f,0.2962f,-0.225f,-0.0905f,0.3893f,-0.9167f,-0.0883f,0f,0f,0f,1f],start_interpolation: 0,interpolation_duration: 1}
$data merge entity $(bone_upperbody) {transformation: [-0.9945f,0f,0.1045f,-0.1799f,0f,1f,0f,-0.475f,-0.1045f,0f,-0.9945f,-0.0818f,0f,0f,0f,1f],start_interpolation: 0,interpolation_duration: 1}
$data merge entity $(bone_downbody) {transformation: [-0.9945f,0f,0.1045f,0f,0f,1f,0f,-0.975f,-0.1045f,0f,-0.9945f,0f,0f,0f,0f,1f],start_interpolation: 0,interpolation_duration: 1}