# This file was generated by Animated Java via MC-Build. It is not recommended to edit this file directly.
$data merge entity $(bone_bone4) {transformation: [-0.9239f,-0.3347f,-0.1855f,0.3342f,-0.3827f,0.808f,0.4479f,-1.4925f,0f,0.4848f,-0.8746f,0.303f,0f,0f,0f,1f],start_interpolation: 0,interpolation_duration: 1}
$data merge entity $(bone_bone) {transformation: [-0.9239f,-0.3347f,0.1855f,0.125f,-0.3827f,0.808f,-0.4479f,-0.9875f,0f,-0.4848f,-0.8746f,0f,0f,0f,0f,1f],start_interpolation: 0,interpolation_duration: 1}
$data merge entity $(bone_bone5) {transformation: [-0.8434f,0.5124f,0.1616f,-0.4143f,0.5373f,0.8044f,0.2536f,-1.4417f,0f,0.3007f,-0.9537f,0.3172f,0f,0f,0f,1f],start_interpolation: 0,interpolation_duration: 1}
$data merge entity $(bone_bone2) {transformation: [-0.8434f,0.463f,-0.2727f,-0.125f,0.5373f,0.7267f,-0.4281f,-0.9875f,0f,-0.5075f,-0.8616f,0f,0f,0f,0f,1f],start_interpolation: 0,interpolation_duration: 1}
$data merge entity $(bone_head) {transformation: [-0.9397f,0f,0.342f,0f,0f,1f,0f,-0.1125f,-0.342f,0f,-0.9397f,0f,0f,0f,0f,1f],start_interpolation: 0,interpolation_duration: 1}
$data merge entity $(bone_bone6) {transformation: [-0.8576f,-0.3749f,0.3521f,0.79f,-0.5f,0.7682f,-0.3999f,-0.9631f,-0.1205f,-0.519f,-0.8462f,0.2222f,0f,0f,0f,1f],start_interpolation: 0,interpolation_duration: 1}
$data merge entity $(bone_left_down_arm) {transformation: [-0.8576f,-0.3749f,0.3521f,0.5791f,-0.5f,0.7682f,-0.3999f,-0.531f,-0.1205f,-0.519f,-0.8462f,-0.0697f,0f,0f,0f,1f],start_interpolation: 0,interpolation_duration: 1}
$data merge entity $(bone_left_upper_arm) {transformation: [-0.8576f,-0.5129f,-0.0386f,0.2476f,-0.5f,0.8138f,0.2962f,-0.2375f,-0.1205f,0.2733f,-0.9543f,0.0348f,0f,0f,0f,1f],start_interpolation: 0,interpolation_duration: 1}
$data merge entity $(bone_bone7) {transformation: [-0.8576f,0.506f,-0.092f,-0.8077f,0.5f,0.7784f,-0.3796f,-0.9451f,-0.1205f,-0.3716f,-0.9206f,-0.022f,0f,0f,0f,1f],start_interpolation: 0,interpolation_duration: 1}
$data merge entity $(bone_left_down_arm2) {transformation: [-0.8576f,0.506f,-0.092f,-0.5288f,0.5f,0.7784f,-0.3796f,-0.531f,-0.1205f,-0.3716f,-0.9206f,-0.2885f,0f,0f,0f,1f],start_interpolation: 0,interpolation_duration: 1}
$data merge entity $(bone_left_upper_arm2) {transformation: [-0.8576f,0.4177f,0.3001f,-0.2389f,0.5f,0.8138f,0.2962f,-0.2375f,-0.1205f,0.4041f,-0.9067f,-0.0967f,0f,0f,0f,1f],start_interpolation: 0,interpolation_duration: 1}
$data merge entity $(bone_upperbody) {transformation: [-0.9903f,0f,0.1392f,-0.177f,0f,1f,0f,-0.4875f,-0.1392f,0f,-0.9903f,-0.088f,0f,0f,0f,1f],start_interpolation: 0,interpolation_duration: 1}
$data merge entity $(bone_downbody) {transformation: [-0.9903f,0f,0.1392f,0f,0f,1f,0f,-0.9875f,-0.1392f,0f,-0.9903f,0f,0f,0f,0f,1f],start_interpolation: 0,interpolation_duration: 1}