# This file was generated by Animated Java via MC-Build. It is not recommended to edit this file directly.
$data merge entity $(bone_bone4) {transformation: [-0.9239f,-0.331f,-0.1921f,0.3332f,-0.3827f,0.7991f,0.4637f,-1.4963f,0f,0.5019f,-0.8649f,0.3078f,0f,0f,0f,1f],start_interpolation: 0,interpolation_duration: 1}
$data merge entity $(bone_bone) {transformation: [-0.9239f,-0.3331f,0.1884f,0.125f,-0.3827f,0.8041f,-0.4549f,-0.9937f,0f,-0.4924f,-0.8704f,0f,0f,0f,0f,1f],start_interpolation: 0,interpolation_duration: 1}
$data merge entity $(bone_bone5) {transformation: [-0.8434f,0.5106f,0.1671f,-0.4132f,0.5373f,0.8015f,0.2624f,-1.4462f,0f,0.3111f,-0.9504f,0.3207f,0f,0f,0f,1f],start_interpolation: 0,interpolation_duration: 1}
$data merge entity $(bone_bone2) {transformation: [-0.8434f,0.4612f,-0.2757f,-0.125f,0.5373f,0.7239f,-0.4328f,-0.9937f,0f,-0.5132f,-0.8583f,0f,0f,0f,0f,1f],start_interpolation: 0,interpolation_duration: 1}
$data merge entity $(bone_head) {transformation: [-0.9239f,0f,0.3827f,0f,0f,1f,0f,-0.1188f,-0.3827f,0f,-0.9239f,0f,0f,0f,0f,1f],start_interpolation: 0,interpolation_duration: 1}
$data merge entity $(bone_bone6) {transformation: [-0.8554f,-0.3577f,0.3747f,0.7815f,-0.5f,0.7593f,-0.4165f,-0.9644f,-0.1355f,-0.5436f,-0.8283f,0.2462f,0f,0f,0f,1f],start_interpolation: 0,interpolation_duration: 1}
$data merge entity $(bone_left_down_arm) {transformation: [-0.8554f,-0.3577f,0.3747f,0.5803f,-0.5f,0.7593f,-0.4165f,-0.5373f,-0.1355f,-0.5436f,-0.8283f,-0.0596f,0f,0f,0f,1f],start_interpolation: 0,interpolation_duration: 1}
$data merge entity $(bone_left_upper_arm) {transformation: [-0.8554f,-0.5176f,-0.0219f,0.2469f,-0.5f,0.8138f,0.2962f,-0.2437f,-0.1355f,0.2643f,-0.9549f,0.0391f,0f,0f,0f,1f],start_interpolation: 0,interpolation_duration: 1}
$data merge entity $(bone_bone7) {transformation: [-0.8554f,0.5138f,-0.0658f,-0.8086f,0.5f,0.7857f,-0.3643f,-0.9565f,-0.1355f,-0.3445f,-0.929f,-0.0459f,0f,0f,0f,1f],start_interpolation: 0,interpolation_duration: 1}
$data merge entity $(bone_left_down_arm2) {transformation: [-0.8554f,0.5138f,-0.0658f,-0.5237f,0.5f,0.7857f,-0.3643f,-0.5373f,-0.1355f,-0.3445f,-0.929f,-0.2977f,0f,0f,0f,1f],start_interpolation: 0,interpolation_duration: 1}
$data merge entity $(bone_left_upper_arm2) {transformation: [-0.8554f,0.4106f,0.3159f,-0.2371f,0.5f,0.8138f,0.2962f,-0.2437f,-0.1355f,0.4113f,-0.9014f,-0.1008f,0f,0f,0f,1f],start_interpolation: 0,interpolation_duration: 1}
$data merge entity $(bone_upperbody) {transformation: [-0.9877f,0f,0.1564f,-0.1754f,0f,1f,0f,-0.4937f,-0.1564f,0f,-0.9877f,-0.0911f,0f,0f,0f,1f],start_interpolation: 0,interpolation_duration: 1}
$data merge entity $(bone_downbody) {transformation: [-0.9877f,0f,0.1564f,0f,0f,1f,0f,-0.9937f,-0.1564f,0f,-0.9877f,0f,0f,0f,0f,1f],start_interpolation: 0,interpolation_duration: 1}