# This file was generated by Animated Java via MC-Build. It is not recommended to edit this file directly.
$data merge entity $(bone_rear_leg_right_under) { transformation: [-1f,-1.9157696688784726e-17f,1.2095693648649962e-16f,0.46875000000000017f,0f,0.9876883405951377f,0.1564344650402309f,-1.3488318316446817f,-1.2246467991473532e-16f,0.1564344650402309f,-0.9876883405951377f,-1.1675193516645195f,0f,0f,0f,1f], start_interpolation: 0, interpolation_duration: 1 }
$data merge entity $(bone_rear_leg_left) { transformation: [-1f,-8.00957328659154e-18f,1.2220247363447802e-16f,0.4687500000000001f,0f,0.9978589232386035f,0.06540312923014306f,-0.7062499999999998f,-1.2246467991473532e-16f,0.06540312923014306f,-0.9978589232386035f,-0.9375f,0f,0f,0f,1f], start_interpolation: 0, interpolation_duration: 1 }
$data merge entity $(bone_right_leg_left_under) { transformation: [-1f,-1.9157696688784723e-17f,1.2095693648649962e-16f,-0.5624999999999999f,0f,0.9876883405951377f,0.15643446504023084f,-1.351787640387137f,-1.2246467991473532e-16f,0.15643446504023084f,-0.9876883405951377f,-1.1590885090509144f,0f,0f,0f,1f], start_interpolation: 0, interpolation_duration: 1 }
$data merge entity $(bone_rear_leg_right) { transformation: [-1f,-6.4093061293237094e-18f,1.2229684632711994e-16f,-0.4687499999999999f,0f,0.9986295347545738f,0.05233595624294383f,-0.7062499999999998f,-1.2246467991473532e-16f,0.05233595624294383f,-0.9986295347545738f,-0.9375f,0f,0f,0f,1f], start_interpolation: 0, interpolation_duration: 1 }
$data merge entity $(bone_tale) { transformation: [-1.3229166666666667f,6.3605049775689474e-18f,1.618856618620902e-16f,1.6934569019459494e-16f,0f,1.3218967458601232f,-0.05193746459793451f,-0.4015624999999998f,-1.6201056613720195e-16f,-0.05193746459793451f,-1.3218967458601232f,-1.3828125f,0f,0f,0f,1f], start_interpolation: 0, interpolation_duration: 1 }
$data merge entity $(bone_rear_body) { transformation: [-1.171875f,0f,1.4351329677508045e-16f,-4.305398903252414e-17f,0f,1.171875f,0f,-0.7296874999999998f,-1.4351329677508045e-16f,0f,-1.171875f,0.3515625f,0f,0f,0f,1f], start_interpolation: 0, interpolation_duration: 1 }
$data merge entity $(bone_head) { transformation: [-1f,-1.0673500138322974e-17f,1.2199866483456202e-16f,-0.015625000000000142f,0f,0.9961946980917455f,0.08715574274765818f,-0.1031249999999998f,-1.2246467991473532e-16f,0.08715574274765818f,-0.9961946980917455f,1.159375f,0f,0f,0f,1f], start_interpolation: 0, interpolation_duration: 1 }
$data merge entity $(bone_talon_left) { transformation: [-1.0104166666666665f,5.399174340392836e-19f,1.237391757448642e-16f,0.615234375f,0f,1.010407048228242f,-0.004408760423129345f,-1.816545919283553f,-1.2374035366384712e-16f,-0.004408760423129345f,-1.010407048228242f,0.710664067764197f,0f,0f,0f,1f], start_interpolation: 0, interpolation_duration: 1 }
$data merge entity $(bone_front_leg_left_under) { transformation: [-1f,1.9157696688784726e-17f,1.2095693648649964e-16f,0.600585625f,0f,0.9876883405951378f,-0.15643446504023087f,-1.3489839686616065f,-1.2246467991473532e-16f,-0.15643446504023087f,-0.9876883405951378f,0.666271594129962f,0f,0f,0f,1f], start_interpolation: 0, interpolation_duration: 1 }
$data merge entity $(bone_front_leg_left) { transformation: [-1f,9.608468044710109e-18f,1.220871621770789e-16f,0.5625f,0f,0.996917333733128f,-0.07845909572784494f,-0.7062499999999998f,-1.2246467991473532e-16f,-0.07845909572784494f,-0.996917333733128f,0.46875000000000006f,0f,0f,0f,1f], start_interpolation: 0, interpolation_duration: 1 }
$data merge entity $(bone_talon_right) { transformation: [-1.0104166666666665f,5.399174340392866e-19f,1.2373917574486418e-16f,-0.629883125f,0f,1.010407048228242f,-0.004408760423129374f,-1.8108787102458817f,-1.2374035366384712e-16f,-0.004408760423129374f,-1.010407048228242f,0.7187857393800305f,0f,0f,0f,1f], start_interpolation: 0, interpolation_duration: 1 }
$data merge entity $(bone_front_leg_right_under) { transformation: [-1f,1.9157696688784726e-17f,1.2095693648649962e-16f,-0.5625f,0f,0.9876883405951378f,-0.1564344650402309f,-1.3524828415598864f,-1.2246467991473532e-16f,-0.1564344650402309f,-0.9876883405951378f,0.6165209020390492f,0f,0f,0f,1f], start_interpolation: 0, interpolation_duration: 1 }
$data merge entity $(bone_front_leg_right) { transformation: [-1f,1.0141080627295086e-17f,1.220440752774557e-16f,-0.5625f,0f,0.9965655024977614f,-0.08280820751220434f,-0.7062499999999998f,-1.2246467991473532e-16f,-0.08280820751220434f,-0.9965655024977614f,0.46874999999999994f,0f,0f,0f,1f], start_interpolation: 0, interpolation_duration: 1 }
$data merge entity $(bone_front_body) { transformation: [-1f,0f,1.2246467991473532e-16f,-4.305398903252414e-17f,0f,1f,0f,-0.7296874999999998f,-1.2246467991473532e-16f,0f,-1f,0.3515625f,0f,0f,0f,1f], start_interpolation: 0, interpolation_duration: 1 }