# This file was generated by Animated Java via MC-Build. It is not recommended to edit this file directly.
$data merge entity $(bone_rear_leg_right_under) { transformation: [-1f,-5.559780123493432e-17f,1.0911682878666934e-16f,0.46875000000000017f,0f,0.8910065241883679f,0.45399049973954675f,-1.475810904886596f,-1.2246467991473532e-16f,0.45399049973954675f,-0.8910065241883679f,-1.24942526389869f,0f,0f,0f,1f], start_interpolation: 0, interpolation_duration: 1 }
$data merge entity $(bone_rear_leg_left) { transformation: [-1f,-2.389167384016779e-17f,1.2011155542966555e-16f,0.4687500000000001f,0f,0.9807852804032304f,0.19509032201612828f,-0.8687499999999999f,-1.2246467991473532e-16f,0.19509032201612828f,-0.9807852804032304f,-0.9375f,0f,0f,0f,1f], start_interpolation: 0, interpolation_duration: 1 }
$data merge entity $(bone_right_leg_left_under) { transformation: [-1f,-5.559780123493433e-17f,1.0911682878666934e-16f,-0.5624999999999999f,0f,0.8910065241883678f,0.4539904997395468f,-1.4875890113205157f,-1.2246467991473532e-16f,0.4539904997395468f,-0.8910065241883678f,-1.2253516815442398f,0f,0f,0f,1f], start_interpolation: 0, interpolation_duration: 1 }
$data merge entity $(bone_rear_leg_right) { transformation: [-1f,-1.9157696688784726e-17f,1.2095693648649962e-16f,-0.4687499999999999f,0f,0.9876883405951378f,0.15643446504023087f,-0.8687499999999999f,-1.2246467991473532e-16f,0.15643446504023087f,-0.9876883405951378f,-0.9375f,0f,0f,0f,1f], start_interpolation: 0, interpolation_duration: 1 }
$data merge entity $(bone_tale) { transformation: [-1.3229166666666667f,1.9042300304437597e-17f,1.6088758292426518e-16f,1.6934569019459494e-16f,0f,1.3137468128466214f,-0.15549218205359772f,-0.5640624999999999f,-1.6201056613720195e-16f,-0.15549218205359772f,-1.3137468128466214f,-1.3828125f,0f,0f,0f,1f], start_interpolation: 0, interpolation_duration: 1 }
$data merge entity $(bone_rear_body) { transformation: [-1.171875f,0f,1.4351329677508045e-16f,-4.305398903252414e-17f,0f,1.171875f,0f,-0.8921874999999999f,-1.4351329677508045e-16f,0f,-1.171875f,0.3515625f,0f,0f,0f,1f], start_interpolation: 0, interpolation_duration: 1 }
$data merge entity $(bone_head) { transformation: [-1f,-3.169619151431765e-17f,1.1829179713786698e-16f,-0.015625000000000146f,0f,0.9659258262890683f,0.25881904510252074f,-0.34062499999999996f,-1.2246467991473532e-16f,0.25881904510252074f,-0.9659258262890683f,1.196875f,0f,0f,0f,1f], start_interpolation: 0, interpolation_duration: 1 }
$data merge entity $(bone_talon_left) { transformation: [-1.0104166666666665f,1.6197111853148818e-18f,1.237297525275555e-16f,0.615234375f,0f,1.0103301018195694f,-0.013225945525212595f,-1.9036314731752495f,-1.2374035366384712e-16f,-0.013225945525212595f,-1.0103301018195694f,0.9510898600782728f,0f,0f,0f,1f], start_interpolation: 0, interpolation_duration: 1 }
$data merge entity $(bone_front_leg_left_under) { transformation: [-1f,5.559780123493432e-17f,1.0911682878666933e-16f,0.600585625f,0f,0.8910065241883678f,-0.4539904997395468f,-1.4726716620398952f,-1.2246467991473532e-16f,-0.4539904997395468f,-0.8910065241883678f,0.7643855200886913f,0f,0f,0f,1f], start_interpolation: 0, interpolation_duration: 1 }
$data merge entity $(bone_front_leg_left) { transformation: [-1f,2.8588811762192377e-17f,1.1908097106021811e-16f,0.5625f,0f,0.9723699203976766f,-0.23344536385590542f,-0.8687499999999999f,-1.2246467991473532e-16f,-0.23344536385590542f,-0.9723699203976766f,0.46875000000000006f,0f,0f,0f,1f], start_interpolation: 0, interpolation_duration: 1 }
$data merge entity $(bone_talon_right) { transformation: [-1.0104166666666665f,1.619711185314888e-18f,1.2372975252755551e-16f,-0.629883125f,0f,1.0103301018195694f,-0.013225945525212482f,-1.8860897185648298f,-1.2374035366384712e-16f,-0.013225945525212482f,-1.0103301018195694f,0.9600652498515284f,0f,0f,0f,1f], start_interpolation: 0, interpolation_duration: 1 }
$data merge entity $(bone_front_leg_right_under) { transformation: [-1f,5.559780123493433e-17f,1.0911682878666934e-16f,-0.5625f,0f,0.8910065241883679f,-0.45399049973954675f,-1.4817309132735894f,-1.2246467991473532e-16f,-0.45399049973954675f,-0.8910065241883679f,0.7211534963352848f,0f,0f,0f,1f], start_interpolation: 0, interpolation_duration: 1 }
$data merge entity $(bone_front_leg_right) { transformation: [-1f,3.014508424075368e-17f,1.186965531207054e-16f,-0.5625f,0f,0.9692309097067544f,-0.24615329302899303f,-0.8687499999999999f,-1.2246467991473532e-16f,-0.24615329302899303f,-0.9692309097067544f,0.46874999999999994f,0f,0f,0f,1f], start_interpolation: 0, interpolation_duration: 1 }
$data merge entity $(bone_front_body) { transformation: [-1f,0f,1.2246467991473532e-16f,-4.305398903252414e-17f,0f,1f,0f,-0.8921874999999999f,-1.2246467991473532e-16f,0f,-1f,0.3515625f,0f,0f,0f,1f], start_interpolation: 0, interpolation_duration: 1 }