# This file was generated by Animated Java via MC-Build. It is not recommended to edit this file directly.
$data merge entity $(bone_rear_leg_right_under) { transformation: [-1f,-8.659560562354933e-17f,8.659560562354933e-17f,0.46875000000000017f,0f,0.7071067811865475f,0.7071067811865475f,-1.5924029977368201f,-1.2246467991473532e-16f,0.7071067811865475f,-0.7071067811865475f,-1.3259940483855321f,0f,0f,0f,1f], start_interpolation: 0, interpolation_duration: 1 }
$data merge entity $(bone_rear_leg_left) { transformation: [-1f,-3.9364981230315354e-17f,1.15965495210237e-16f,0.4687500000000001f,0f,0.9469301294951057f,0.3214394653031616f,-1.03125f,-1.2246467991473532e-16f,0.3214394653031616f,-0.9469301294951057f,-0.9375f,0f,0f,0f,1f], start_interpolation: 0, interpolation_duration: 1 }
$data merge entity $(bone_right_leg_left_under) { transformation: [-1f,-8.659560562354933e-17f,8.659560562354935e-17f,-0.5624999999999999f,0f,0.7071067811865476f,0.7071067811865475f,-1.6166102525454784f,-1.2246467991473532e-16f,0.7071067811865475f,-0.7071067811865476f,-1.2884610907777296f,0f,0f,0f,1f], start_interpolation: 0, interpolation_duration: 1 }
$data merge entity $(bone_rear_leg_right) { transformation: [-1f,-3.169619151431765e-17f,1.1829179713786698e-16f,-0.4687499999999999f,0f,0.9659258262890683f,0.25881904510252074f,-1.03125f,-1.2246467991473532e-16f,0.25881904510252074f,-0.9659258262890683f,-0.9375f,0f,0f,0f,1f], start_interpolation: 0, interpolation_duration: 1 }
$data merge entity $(bone_tale) { transformation: [-1.3229166666666667f,3.160669351772197e-17f,1.5889757853716172e-16f,1.6934569019459494e-16f,0f,1.2974971938667736f,-0.25808823850050305f,-0.7265625f,-1.6201056613720195e-16f,-0.25808823850050305f,-1.2974971938667736f,-1.3828125f,0f,0f,0f,1f], start_interpolation: 0, interpolation_duration: 1 }
$data merge entity $(bone_rear_body) { transformation: [-1.171875f,0f,1.4351329677508045e-16f,-4.305398903252414e-17f,0f,1.171875f,0f,-1.0546875f,-1.4351329677508045e-16f,0f,-1.171875f,0.3515625f,0f,0f,0f,1f], start_interpolation: 0, interpolation_duration: 1 }
$data merge entity $(bone_head) { transformation: [-1f,-5.175581015019659e-17f,1.1099069304367545e-16f,-0.01562500000000015f,0f,0.9063077870366499f,0.42261826174069944f,-0.578125f,-1.2246467991473532e-16f,0.42261826174069944f,-0.9063077870366499f,1.234375f,0f,0f,0f,1f], start_interpolation: 0, interpolation_duration: 1 }
$data merge entity $(bone_talon_left) { transformation: [-1.0104166666666665f,2.6993815893127458e-18f,1.2371090681055265e-16f,0.615234375f,0f,1.0101762148619913f,-0.022042123420337813f,-1.9336611224589457f,-1.2374035366384712e-16f,-0.022042123420337813f,-1.0101762148619913f,1.1659602030859175f,0f,0f,0f,1f], start_interpolation: 0, interpolation_duration: 1 }
$data merge entity $(bone_front_leg_left_under) { transformation: [-1f,8.659560562354932e-17f,8.659560562354933e-17f,0.600585625f,0f,0.7071067811865475f,-0.7071067811865475f,-1.581488799797677f,-1.2246467991473532e-16f,-0.7071067811865475f,-0.7071067811865475f,0.8552199183847982f,0f,0f,0f,1f], start_interpolation: 0, interpolation_duration: 1 }
$data merge entity $(bone_front_leg_left) { transformation: [-1f,4.6865204053262974e-17f,1.1314261122877003e-16f,0.5625f,0f,0.9238795325112867f,-0.3826834323650897f,-1.03125f,-1.2246467991473532e-16f,-0.3826834323650897f,-0.9238795325112867f,0.46875000000000006f,0f,0f,0f,1f], start_interpolation: 0, interpolation_duration: 1 }
$data merge entity $(bone_talon_right) { transformation: [-1.0104166666666665f,2.6993815893127585e-18f,1.2371090681055268e-16f,-0.629883125f,0f,1.0101762148619915f,-0.022042123420337758f,-1.904905940699f,-1.2374035366384712e-16f,-0.022042123420337758f,-1.0101762148619915f,1.1710352890485132f,0f,0f,0f,1f], start_interpolation: 0, interpolation_duration: 1 }
$data merge entity $(bone_front_leg_right_under) { transformation: [-1f,8.659560562354933e-17f,8.659560562354934e-17f,-0.5625f,0f,0.7071067811865476f,-0.7071067811865475f,-1.5941656559978805f,-1.2246467991473532e-16f,-0.7071067811865475f,-0.7071067811865476f,0.8188629663872444f,0f,0f,0f,1f], start_interpolation: 0, interpolation_duration: 1 }
$data merge entity $(bone_front_leg_right) { transformation: [-1f,4.932224446026943e-17f,1.1209332731264603e-16f,-0.5625f,0f,0.9153114791194471f,-0.40274668985873724f,-1.03125f,-1.2246467991473532e-16f,-0.40274668985873724f,-0.9153114791194471f,0.46874999999999994f,0f,0f,0f,1f], start_interpolation: 0, interpolation_duration: 1 }
$data merge entity $(bone_front_body) { transformation: [-1f,0f,1.2246467991473532e-16f,-4.305398903252414e-17f,0f,1f,0f,-1.0546875f,-1.2246467991473532e-16f,0f,-1f,0.3515625f,0f,0f,0f,1f], start_interpolation: 0, interpolation_duration: 1 }