# This file was generated by Animated Java via MC-Build. It is not recommended to edit this file directly.
$data merge entity $(bone_rear_leg_right_under) { transformation: [-1f,-1.0911682878666935e-16f,5.559780123493432e-17f,0.46875000000000017f,0f,0.4539904997395467f,0.8910065241883678f,-1.699393607214764f,-1.2246467991473532e-16f,0.8910065241883678f,-0.4539904997395467f,-1.3959155919935986f,0f,0f,0f,1f], start_interpolation: 0, interpolation_duration: 1 }
$data merge entity $(bone_rear_leg_left) { transformation: [-1f,-5.416474287757752e-17f,1.0983523321605181e-16f,0.4687500000000001f,0f,0.8968727415326883f,0.4422886902190013f,-1.19375f,-1.2246467991473532e-16f,0.4422886902190013f,-0.8968727415326883f,-0.9375f,0f,0f,0f,1f], start_interpolation: 0, interpolation_duration: 1 }
$data merge entity $(bone_right_leg_left_under) { transformation: [-1f,-1.0911682878666935e-16f,5.559780123493434e-17f,-0.5624999999999998f,0f,0.45399049973954675f,0.891006524188368f,-1.7392181643490447f,-1.2246467991473532e-16f,0.891006524188368f,-0.45399049973954675f,-1.3477252968573286f,0f,0f,0f,1f], start_interpolation: 0, interpolation_duration: 1 }
$data merge entity $(bone_rear_leg_right) { transformation: [-1f,-4.388741623276522e-17f,1.143306281056419e-16f,-0.4687499999999999f,0f,0.9335804264972017f,0.3583679495453003f,-1.19375f,-1.2246467991473532e-16f,0.3583679495453003f,-0.9335804264972017f,-0.9375f,0f,0f,0f,1f], start_interpolation: 0, interpolation_duration: 1 }
$data merge entity $(bone_tale) { transformation: [-1.3229166666666667f,4.397622095517744e-17f,1.5592791773956996e-16f,1.6934569019459494e-16f,0f,1.2732480732251377f,-0.3590930951340044f,-0.8890625000000001f,-1.6201056613720195e-16f,-0.3590930951340044f,-1.2732480732251377f,-1.3828125f,0f,0f,0f,1f], start_interpolation: 0, interpolation_duration: 1 }
$data merge entity $(bone_rear_body) { transformation: [-1.171875f,0f,1.4351329677508045e-16f,-4.305398903252414e-17f,0f,1.171875f,0f,-1.2171875f,-1.4351329677508045e-16f,0f,-1.171875f,0.3515625f,0f,0f,0f,1f], start_interpolation: 0, interpolation_duration: 1 }
$data merge entity $(bone_head) { transformation: [-1f,-7.024285468436541e-17f,1.0031719290535247e-16f,-0.015625000000000153f,0f,0.8191520442889918f,0.573576436351046f,-0.815625f,-1.2246467991473532e-16f,0.573576436351046f,-0.8191520442889918f,1.271875f,0f,0f,0f,1f], start_interpolation: 0, interpolation_duration: 1 }
$data merge entity $(bone_talon_left) { transformation: [-1.0104166666666665f,3.778846424951553e-18f,1.2368264002902992e-16f,0.6152343749999999f,0f,1.009945399074595f,-0.03085662272242513f,-1.9156689856828042f,-1.2374035366384712e-16f,-0.03085662272242513f,-1.009945399074595f,1.3408969499613883f,0f,0f,0f,1f], start_interpolation: 0, interpolation_duration: 1 }
$data merge entity $(bone_front_leg_left_under) { transformation: [-1f,1.0911682878666934e-16f,5.559780123493434e-17f,0.6005856249999999f,0f,0.45399049973954697f,-0.8910065241883678f,-1.6767572321665605f,-1.2246467991473532e-16f,-0.8910065241883678f,-0.45399049973954697f,0.936538144670148f,0f,0f,0f,1f], start_interpolation: 0, interpolation_duration: 1 }
$data merge entity $(bone_front_leg_left) { transformation: [-1f,6.398761948384729e-17f,1.0441830481007122e-16f,0.5625f,0f,0.8526401643540923f,-0.5224985647159488f,-1.19375f,-1.2246467991473532e-16f,-0.5224985647159488f,-0.8526401643540923f,0.46875000000000006f,0f,0f,0f,1f], start_interpolation: 0, interpolation_duration: 1 }
$data merge entity $(bone_talon_right) { transformation: [-1.0104166666666665f,3.7788464249515336e-18f,1.236826400290299e-16f,-0.6298831250000001f,0f,1.009945399074595f,-0.03085662272242513f,-1.877864639497182f,-1.2374035366384712e-16f,-0.03085662272242513f,-1.009945399074595f,1.3379290701185251f,0f,0f,0f,1f], start_interpolation: 0, interpolation_duration: 1 }
$data merge entity $(bone_front_leg_right_under) { transformation: [-1f,1.0911682878666933e-16f,5.559780123493435e-17f,-0.5625f,0f,0.45399049973954697f,-0.8910065241883678f,-1.6911602995076005f,-1.2246467991473532e-16f,-0.8910065241883678f,-0.45399049973954697f,0.9069692589831708f,0f,0f,0f,1f], start_interpolation: 0, interpolation_duration: 1 }
$data merge entity $(bone_front_leg_right) { transformation: [-1f,6.714655485257275e-17f,1.0241551639302032e-16f,-0.5625f,0f,0.8362861558477594f,-0.5482932295199138f,-1.19375f,-1.2246467991473532e-16f,-0.5482932295199138f,-0.8362861558477594f,0.46874999999999994f,0f,0f,0f,1f], start_interpolation: 0, interpolation_duration: 1 }
$data merge entity $(bone_front_body) { transformation: [-1f,0f,1.2246467991473532e-16f,-4.305398903252414e-17f,0f,1f,0f,-1.2171875f,-1.2246467991473532e-16f,0f,-1f,0.3515625f,0f,0f,0f,1f], start_interpolation: 0, interpolation_duration: 1 }