# This file was generated by Animated Java via MC-Build. It is not recommended to edit this file directly.
$data merge entity $(bone_rear_leg_right_under) { transformation: [-1f,-1.2095693648649962e-16f,1.9157696688784732e-17f,0.46875000000000017f,0f,0.1564344650402309f,0.9876883405951378f,-1.7977325143823701f,-1.2246467991473532e-16f,0.9876883405951378f,-0.1564344650402309f,-1.4579935177258412f,0f,0f,0f,1f], start_interpolation: 0, interpolation_duration: 1 }
$data merge entity $(bone_rear_leg_left) { transformation: [-1f,-6.80377307569005e-17f,1.0182565992946029e-16f,0.4687500000000001f,0f,0.8314696123025453f,0.5555702330196022f,-1.3562500000000002f,-1.2246467991473532e-16f,0.5555702330196022f,-0.8314696123025453f,-0.9375f,0f,0f,0f,1f], start_interpolation: 0, interpolation_duration: 1 }
$data merge entity $(bone_right_leg_left_under) { transformation: [-1f,-1.2095693648649962e-16f,1.9157696688784738e-17f,-0.5624999999999998f,0f,0.15643446504023095f,0.9876883405951378f,-1.8558498127974516f,-1.2246467991473532e-16f,0.9876883405951378f,-0.15643446504023095f,-1.4024949887393965f,0f,0f,0f,1f], start_interpolation: 0, interpolation_duration: 1 }
$data merge entity $(bone_rear_leg_right) { transformation: [-1f,-5.559780123493432e-17f,1.0911682878666935e-16f,-0.4687499999999999f,0f,0.8910065241883679f,0.45399049973954675f,-1.3562500000000002f,-1.2246467991473532e-16f,0.45399049973954675f,-0.8910065241883679f,-0.9375f,0f,0f,0f,1f], start_interpolation: 0, interpolation_duration: 1 }
$data merge entity $(bone_tale) { transformation: [-1.3229166666666667f,5.607462036686687e-17f,1.5199690947781946e-16f,1.6934569019459494e-16f,0f,1.2411489548141197f,-0.45788402342543344f,-1.0515625000000002f,-1.6201056613720195e-16f,-0.45788402342543344f,-1.2411489548141197f,-1.3828125f,0f,0f,0f,1f], start_interpolation: 0, interpolation_duration: 1 }
$data merge entity $(bone_rear_body) { transformation: [-1.171875f,0f,1.4351329677508045e-16f,-4.305398903252414e-17f,0f,1.171875f,0f,-1.3796875000000002f,-1.4351329677508045e-16f,0f,-1.171875f,0.3515625f,0f,0f,0f,1f], start_interpolation: 0, interpolation_duration: 1 }
$data merge entity $(bone_head) { transformation: [-1f,-8.659560562354934e-17f,8.659560562354932e-17f,-0.01562500000000016f,0f,0.7071067811865475f,0.7071067811865476f,-1.053125f,-1.2246467991473532e-16f,0.7071067811865476f,-0.7071067811865475f,1.309375f,0f,0f,0f,1f], start_interpolation: 0, interpolation_duration: 1 }
$data merge entity $(bone_talon_left) { transformation: [-1.0104166666666665f,4.858023486804638e-18f,1.2364495433561217e-16f,0.6152343749999998f,0f,1.009637672034897f,-0.039668772173225605f,-1.862397260811385f,-1.2374035366384712e-16f,-0.039668772173225605f,-1.009637672034897f,1.4647337430198704f,0f,0f,0f,1f], start_interpolation: 0, interpolation_duration: 1 }
$data merge entity $(bone_front_leg_left_under) { transformation: [-1f,1.2095693648649962e-16f,1.915769668878472e-17f,0.6005856249999999f,0f,0.1564344650402309f,-0.9876883405951378f,-1.7601324234704037f,-1.2246467991473532e-16f,-0.9876883405951378f,-0.1564344650402309f,1.0063378743338751f,0f,0f,0f,1f], start_interpolation: 0, interpolation_duration: 1 }
$data merge entity $(bone_front_leg_left) { transformation: [-1f,7.95344473600055e-17f,9.312287318246303e-17f,0.5625f,0f,0.7604059656000309f,-0.6494480483301837f,-1.3562500000000002f,-1.2246467991473532e-16f,-0.6494480483301837f,-0.7604059656000309f,0.46875000000000006f,0f,0f,0f,1f], start_interpolation: 0, interpolation_duration: 1 }
$data merge entity $(bone_talon_right) { transformation: [-1.0104166666666665f,4.8580234868046196e-18f,1.2364495433561217e-16f,-0.6298831250000001f,0f,1.0096376720348967f,-0.03966877217322558f,-1.8189040505576908f,-1.2374035366384712e-16f,-0.03966877217322558f,-1.0096376720348967f,1.4506176751375346f,0f,0f,0f,1f], start_interpolation: 0, interpolation_duration: 1 }
$data merge entity $(bone_front_leg_right_under) { transformation: [-1f,1.2095693648649962e-16f,1.9157696688784738e-17f,-0.5625000000000001f,0f,0.1564344650402309f,-0.9876883405951377f,-1.7745115769234556f,-1.2246467991473532e-16f,-0.9876883405951377f,-0.1564344650402309f,0.9830557245155884f,0f,0f,0f,1f], start_interpolation: 0, interpolation_duration: 1 }
$data merge entity $(bone_front_leg_right) { transformation: [-1f,8.31291160275754e-17f,8.992857107222644e-17f,-0.5625f,0f,0.7343225094356856f,-0.6788007455329417f,-1.3562500000000002f,-1.2246467991473532e-16f,-0.6788007455329417f,-0.7343225094356856f,0.46874999999999994f,0f,0f,0f,1f], start_interpolation: 0, interpolation_duration: 1 }
$data merge entity $(bone_front_body) { transformation: [-1f,0f,1.2246467991473532e-16f,-4.305398903252414e-17f,0f,1f,0f,-1.3796875000000002f,-1.2246467991473532e-16f,0f,-1f,0.3515625f,0f,0f,0f,1f], start_interpolation: 0, interpolation_duration: 1 }