# This file was generated by Animated Java via MC-Build. It is not recommended to edit this file directly.
$data merge entity $(bone_rear_leg_right_under) {transformation: [-1f,0f,0f,0.4688f,0f,0.9781f,-0.2079f,-0.9371f,0f,-0.2079f,-0.9781f,-0.9845f,0f,0f,0f,1f],start_interpolation: 0,interpolation_duration: 1}
$data merge entity $(bone_rear_leg_left) {transformation: [-1f,0f,0f,0.4688f,0f,0.9781f,-0.2079f,-0.2563f,0f,-0.2079f,-0.9781f,-0.9375f,0f,0f,0f,1f],start_interpolation: 0,interpolation_duration: 1}
$data merge entity $(bone_right_leg_left_under) {transformation: [-1f,0f,0f,-0.5625f,0f,0.9781f,-0.2079f,-0.9371f,0f,-0.2079f,-0.9781f,-0.9845f,0f,0f,0f,1f],start_interpolation: 0,interpolation_duration: 1}
$data merge entity $(bone_rear_leg_right) {transformation: [-1f,0f,0f,-0.4687f,0f,0.9781f,-0.2079f,-0.2563f,0f,-0.2079f,-0.9781f,-0.9375f,0f,0f,0f,1f],start_interpolation: 0,interpolation_duration: 1}
$data merge entity $(bone_tale) {transformation: [-1.294f,-0.0192f,-0.2744f,0f,0f,1.3197f,-0.0923f,0.0484f,0.275f,-0.0903f,-1.2909f,-1.3828f,0f,0f,0f,1f],start_interpolation: 0,interpolation_duration: 1}
$data merge entity $(bone_rear_body) {transformation: [-1.1719f,0f,0f,0f,0f,1.1719f,0f,-0.2797f,0f,0f,-1.1719f,0.3516f,0f,0f,0f,1f],start_interpolation: 0,interpolation_duration: 1}
$data merge entity $(bone_head) {transformation: [-1f,0f,0f,-0.0156f,0f,0.9992f,-0.0393f,0.1453f,0f,-0.0393f,-0.9992f,1.2913f,0f,0f,0f,1f],start_interpolation: 0,interpolation_duration: 1}
$data merge entity $(bone_talon_left) {transformation: [-1.0104f,0f,0f,0.6152f,0f,1.0104f,0.0044f,-1.406f,0f,0.0044f,-1.0104f,0.3331f,0f,0f,0f,1f],start_interpolation: 0,interpolation_duration: 1}
$data merge entity $(bone_front_leg_left_under) {transformation: [-1f,0f,0f,0.6006f,0f,0.9897f,-0.1435f,-0.9379f,0f,-0.1435f,-0.9897f,0.2948f,0f,0f,0f,1f],start_interpolation: 0,interpolation_duration: 1}
$data merge entity $(bone_front_leg_left) {transformation: [-1f,0f,0f,0.5625f,0f,0.885f,0.4656f,-0.2889f,0f,0.4656f,-0.885f,0.4707f,0f,0f,0f,1f],start_interpolation: 0,interpolation_duration: 1}
$data merge entity $(bone_talon_right) {transformation: [-1.0104f,0f,0f,-0.6299f,0f,1.0104f,0.0044f,-1.3731f,0f,0.0044f,-1.0104f,0.3444f,0f,0f,0f,1f],start_interpolation: 0,interpolation_duration: 1}
$data merge entity $(bone_front_leg_right_under) {transformation: [-1f,0f,0f,-0.5625f,0f,0.9897f,-0.1435f,-0.9134f,0f,-0.1435f,-0.9897f,0.2481f,0f,0f,0f,1f],start_interpolation: 0,interpolation_duration: 1}
$data merge entity $(bone_front_leg_right) {transformation: [-1f,0f,0f,-0.5625f,0f,0.885f,0.4656f,-0.2889f,0f,0.4656f,-0.885f,0.4707f,0f,0f,0f,1f],start_interpolation: 0,interpolation_duration: 1}
$data merge entity $(bone_front_body) {transformation: [-1f,0f,0f,0f,0f,0.9625f,0.2714f,-0.2797f,0f,0.2714f,-0.9625f,0.3516f,0f,0f,0f,1f],start_interpolation: 0,interpolation_duration: 1}