# This file was generated by Animated Java via MC-Build. It is not recommended to edit this file directly.
$data merge entity $(bone_rear_leg_right_under) {transformation: [-1f,0f,0f,0.4688f,0f,0.9781f,0.2079f,-1.1654f,0f,0.2079f,-0.9781f,-1.2573f,0f,0f,0f,1f],start_interpolation: 0,interpolation_duration: 1}
$data merge entity $(bone_rear_leg_left) {transformation: [-1f,0f,0f,0.4688f,0f,0.9781f,0.2079f,-0.5625f,0f,0.2079f,-0.9781f,-0.9375f,0f,0f,0f,1f],start_interpolation: 0,interpolation_duration: 1}
$data merge entity $(bone_right_leg_left_under) {transformation: [-1f,0f,0f,-0.5625f,0f,0.9781f,0.2079f,-1.1654f,0f,0.2079f,-0.9781f,-1.2573f,0f,0f,0f,1f],start_interpolation: 0,interpolation_duration: 1}
$data merge entity $(bone_rear_leg_right) {transformation: [-1f,0f,0f,-0.4687f,0f,0.9781f,0.2079f,-0.5625f,0f,0.2079f,-0.9781f,-0.9375f,0f,0f,0f,1f],start_interpolation: 0,interpolation_duration: 1}
$data merge entity $(bone_tale) {transformation: [-1.294f,-0.0525f,0.27f,0f,0f,1.2986f,0.2524f,-0.2578f,-0.275f,0.2469f,-1.2702f,-1.3828f,0f,0f,0f,1f],start_interpolation: 0,interpolation_duration: 1}
$data merge entity $(bone_head) {transformation: [-1f,0f,0f,-0.0156f,0f,0.9986f,-0.0523f,0.0781f,0f,-0.0523f,-0.9986f,1.1406f,0f,0f,0f,1f],start_interpolation: 0,interpolation_duration: 1}
$data merge entity $(bone_talon_left) {transformation: [-1.0104f,0f,0f,0.6152f,0f,0.9082f,-0.4429f,-1.6288f,0f,-0.4429f,-0.9082f,0.8655f,0f,0f,0f,1f],start_interpolation: 0,interpolation_duration: 1}
$data merge entity $(bone_front_leg_left_under) {transformation: [-1f,0f,0f,0.6006f,0f,0.9511f,-0.309f,-1.174f,0f,-0.309f,-0.9511f,0.7485f,0f,0f,0f,1f],start_interpolation: 0,interpolation_duration: 1}
$data merge entity $(bone_front_leg_left) {transformation: [-1f,0f,0f,0.5625f,0f,0.9781f,-0.2079f,-0.5625f,0f,-0.2079f,-0.9781f,0.4688f,0f,0f,0f,1f],start_interpolation: 0,interpolation_duration: 1}
$data merge entity $(bone_talon_right) {transformation: [-1.0104f,0f,0f,-0.6299f,0f,0.9082f,-0.4429f,-1.6217f,0f,-0.4429f,-0.9082f,0.8696f,0f,0f,0f,1f],start_interpolation: 0,interpolation_duration: 1}
$data merge entity $(bone_front_leg_right_under) {transformation: [-1f,0f,0f,-0.5625f,0f,0.9511f,-0.309f,-1.1849f,0f,-0.309f,-0.9511f,0.6969f,0f,0f,0f,1f],start_interpolation: 0,interpolation_duration: 1}
$data merge entity $(bone_front_leg_right) {transformation: [-1f,0f,0f,-0.5625f,0f,0.9781f,-0.2079f,-0.5625f,0f,-0.2079f,-0.9781f,0.4687f,0f,0f,0f,1f],start_interpolation: 0,interpolation_duration: 1}