# This file was generated by Animated Java via MC-Build. It is not recommended to edit this file directly.
$data merge entity $(bone_rear_leg_right_under) {transformation: [-1f,0f,0f,0.4688f,0f,0.9511f,0.309f,-1.1287f,0f,0.309f,-0.9511f,-1.3186f,0f,0f,0f,1f],start_interpolation: 0,interpolation_duration: 1}
$data merge entity $(bone_rear_leg_left) {transformation: [-1f,0f,0f,0.4688f,0f,0.9511f,0.309f,-0.5625f,0f,0.309f,-0.9511f,-0.9375f,0f,0f,0f,1f],start_interpolation: 0,interpolation_duration: 1}
$data merge entity $(bone_right_leg_left_under) {transformation: [-1f,0f,0f,-0.5625f,0f,0.9511f,0.309f,-1.1287f,0f,0.309f,-0.9511f,-1.3186f,0f,0f,0f,1f],start_interpolation: 0,interpolation_duration: 1}
$data merge entity $(bone_rear_leg_right) {transformation: [-1f,0f,0f,-0.4687f,0f,0.9511f,0.309f,-0.5625f,0f,0.309f,-0.9511f,-0.9375f,0f,0f,0f,1f],start_interpolation: 0,interpolation_duration: 1}
$data merge entity $(bone_tale) {transformation: [-1.2582f,-0.1161f,0.392f,0f,0f,1.2684f,0.3757f,-0.2578f,-0.4088f,0.3573f,-1.2064f,-1.3828f,0f,0f,0f,1f],start_interpolation: 0,interpolation_duration: 1}
$data merge entity $(bone_head) {transformation: [-1f,0f,0f,-0.0156f,0f,0.9969f,-0.0785f,0.0781f,0f,-0.0785f,-0.9969f,1.1406f,0f,0f,0f,1f],start_interpolation: 0,interpolation_duration: 1}
$data merge entity $(bone_talon_left) {transformation: [-1.0104f,0f,0f,0.6152f,0f,0.7852f,-0.6359f,-1.5723f,0f,-0.6359f,-0.7852f,0.9976f,0f,0f,0f,1f],start_interpolation: 0,interpolation_duration: 1}
$data merge entity $(bone_front_leg_left_under) {transformation: [-1f,0f,0f,0.6006f,0f,0.891f,-0.454f,-1.1414f,0f,-0.454f,-0.891f,0.8109f,0f,0f,0f,1f],start_interpolation: 0,interpolation_duration: 1}
$data merge entity $(bone_front_leg_left) {transformation: [-1f,0f,0f,0.5625f,0f,0.9511f,-0.309f,-0.5625f,0f,-0.309f,-0.9511f,0.4688f,0f,0f,0f,1f],start_interpolation: 0,interpolation_duration: 1}
$data merge entity $(bone_talon_right) {transformation: [-1.0104f,0f,0f,-0.6299f,0f,0.7852f,-0.6359f,-1.562f,0f,-0.6359f,-0.7852f,0.9996f,0f,0f,0f,1f],start_interpolation: 0,interpolation_duration: 1}
$data merge entity $(bone_front_leg_right_under) {transformation: [-1f,0f,0f,-0.5625f,0f,0.891f,-0.454f,-1.1577f,0f,-0.454f,-0.891f,0.7607f,0f,0f,0f,1f],start_interpolation: 0,interpolation_duration: 1}
$data merge entity $(bone_front_leg_right) {transformation: [-1f,0f,0f,-0.5625f,0f,0.9511f,-0.309f,-0.5625f,0f,-0.309f,-0.9511f,0.4687f,0f,0f,0f,1f],start_interpolation: 0,interpolation_duration: 1}