# This file was generated by Animated Java via MC-Build. It is not recommended to edit this file directly.
$data merge entity $(bone_rear_leg_right_under) {transformation: [-1f,0f,0f,0.4688f,0f,0.9135f,0.4067f,-1.0858f,0f,0.4067f,-0.9135f,-1.3757f,0f,0f,0f,1f],start_interpolation: 0,interpolation_duration: 1}
$data merge entity $(bone_rear_leg_left) {transformation: [-1f,0f,0f,0.4688f,0f,0.9135f,0.4067f,-0.5625f,0f,0.4067f,-0.9135f,-0.9375f,0f,0f,0f,1f],start_interpolation: 0,interpolation_duration: 1}
$data merge entity $(bone_right_leg_left_under) {transformation: [-1f,0f,0f,-0.5625f,0f,0.9135f,0.4067f,-1.0858f,0f,0.4067f,-0.9135f,-1.3757f,0f,0f,0f,1f],start_interpolation: 0,interpolation_duration: 1}
$data merge entity $(bone_rear_leg_right) {transformation: [-1f,0f,0f,-0.4687f,0f,0.9135f,0.4067f,-0.5625f,0f,0.4067f,-0.9135f,-0.9375f,0f,0f,0f,1f],start_interpolation: 0,interpolation_duration: 1}
$data merge entity $(bone_tale) {transformation: [-1.2085f,-0.2016f,0.4989f,0f,0f,1.2266f,0.4956f,-0.2578f,-0.5381f,0.4527f,-1.1205f,-1.3828f,0f,0f,0f,1f],start_interpolation: 0,interpolation_duration: 1}
$data merge entity $(bone_head) {transformation: [-1f,0f,0f,-0.0156f,0f,0.9945f,-0.1045f,0.0781f,0f,-0.1045f,-0.9945f,1.1406f,0f,0f,0f,1f],start_interpolation: 0,interpolation_duration: 1}
$data merge entity $(bone_talon_left) {transformation: [-1.0104f,0f,0f,0.6152f,0f,0.6221f,-0.7962f,-1.4989f,0f,-0.7962f,-0.6221f,1.1213f,0f,0f,0f,1f],start_interpolation: 0,interpolation_duration: 1}
$data merge entity $(bone_front_leg_left_under) {transformation: [-1f,0f,0f,0.6006f,0f,0.809f,-0.5878f,-1.1024f,0f,-0.5878f,-0.809f,0.8695f,0f,0f,0f,1f],start_interpolation: 0,interpolation_duration: 1}
$data merge entity $(bone_front_leg_left) {transformation: [-1f,0f,0f,0.5625f,0f,0.9135f,-0.4067f,-0.5625f,0f,-0.4067f,-0.9135f,0.4688f,0f,0f,0f,1f],start_interpolation: 0,interpolation_duration: 1}
$data merge entity $(bone_talon_right) {transformation: [-1.0104f,0f,0f,-0.6299f,0f,0.6221f,-0.7962f,-1.4859f,0f,-0.7962f,-0.6221f,1.1205f,0f,0f,0f,1f],start_interpolation: 0,interpolation_duration: 1}
$data merge entity $(bone_front_leg_right_under) {transformation: [-1f,0f,0f,-0.5625f,0f,0.809f,-0.5878f,-1.1239f,0f,-0.5878f,-0.809f,0.8213f,0f,0f,0f,1f],start_interpolation: 0,interpolation_duration: 1}
$data merge entity $(bone_front_leg_right) {transformation: [-1f,0f,0f,-0.5625f,0f,0.9135f,-0.4067f,-0.5625f,0f,-0.4067f,-0.9135f,0.4687f,0f,0f,0f,1f],start_interpolation: 0,interpolation_duration: 1}