# This file was generated by Animated Java via MC-Build. It is not recommended to edit this file directly.
$data merge entity $(bone_rear_leg_right_under) {transformation: [-1f,0f,0f,0.4688f,0f,0.866f,0.5f,-1.0371f,0f,0.5f,-0.866f,-1.428f,0f,0f,0f,1f],start_interpolation: 0,interpolation_duration: 1}
$data merge entity $(bone_rear_leg_left) {transformation: [-1f,0f,0f,0.4688f,0f,0.866f,0.5f,-0.5625f,0f,0.5f,-0.866f,-0.9375f,0f,0f,0f,1f],start_interpolation: 0,interpolation_duration: 1}
$data merge entity $(bone_right_leg_left_under) {transformation: [-1f,0f,0f,-0.5625f,0f,0.866f,0.5f,-1.0371f,0f,0.5f,-0.866f,-1.428f,0f,0f,0f,1f],start_interpolation: 0,interpolation_duration: 1}
$data merge entity $(bone_rear_leg_right) {transformation: [-1f,0f,0f,-0.4687f,0f,0.866f,0.5f,-0.5625f,0f,0.5f,-0.866f,-0.9375f,0f,0f,0f,1f],start_interpolation: 0,interpolation_duration: 1}
$data merge entity $(bone_tale) {transformation: [-1.1457f,-0.3054f,0.5867f,0f,0f,1.1734f,0.6109f,-0.2578f,-0.6615f,0.529f,-1.0162f,-1.3828f,0f,0f,0f,1f],start_interpolation: 0,interpolation_duration: 1}
$data merge entity $(bone_head) {transformation: [-1f,0f,0f,-0.0156f,0f,0.9914f,-0.1305f,0.0781f,0f,-0.1305f,-0.9914f,1.1406f,0f,0f,0f,1f],start_interpolation: 0,interpolation_duration: 1}
$data merge entity $(bone_talon_left) {transformation: [-1.0104f,0f,0f,0.6152f,0f,0.427f,-0.9157f,-1.4098f,0f,-0.9157f,-0.427f,1.2345f,0f,0f,0f,1f],start_interpolation: 0,interpolation_duration: 1}
$data merge entity $(bone_front_leg_left_under) {transformation: [-1f,0f,0f,0.6006f,0f,0.7071f,-0.7071f,-1.0576f,0f,-0.7071f,-0.7071f,0.9237f,0f,0f,0f,1f],start_interpolation: 0,interpolation_duration: 1}
$data merge entity $(bone_front_leg_left) {transformation: [-1f,0f,0f,0.5625f,0f,0.866f,-0.5f,-0.5625f,0f,-0.5f,-0.866f,0.4688f,0f,0f,0f,1f],start_interpolation: 0,interpolation_duration: 1}
$data merge entity $(bone_talon_right) {transformation: [-1.0104f,0f,0f,-0.6299f,0f,0.427f,-0.9157f,-1.3947f,0f,-0.9157f,-0.427f,1.2302f,0f,0f,0f,1f],start_interpolation: 0,interpolation_duration: 1}
$data merge entity $(bone_front_leg_right_under) {transformation: [-1f,0f,0f,-0.5625f,0f,0.7071f,-0.7071f,-1.084f,0f,-0.7071f,-0.7071f,0.8781f,0f,0f,0f,1f],start_interpolation: 0,interpolation_duration: 1}
$data merge entity $(bone_front_leg_right) {transformation: [-1f,0f,0f,-0.5625f,0f,0.866f,-0.5f,-0.5625f,0f,-0.5f,-0.866f,0.4687f,0f,0f,0f,1f],start_interpolation: 0,interpolation_duration: 1}