# This file was generated by Animated Java via MC-Build. It is not recommended to edit this file directly.
$data merge entity $(bone_rear_leg_right_under) {transformation: [-1f,0f,0f,0.4688f,0f,0.9511f,0.309f,-1.0412f,0f,0.309f,-0.9511f,-1.3186f,0f,0f,0f,1f],start_interpolation: 0,interpolation_duration: 1}
$data merge entity $(bone_rear_leg_left) {transformation: [-1f,0f,0f,0.4688f,0f,0.9511f,0.309f,-0.475f,0f,0.309f,-0.9511f,-0.9375f,0f,0f,0f,1f],start_interpolation: 0,interpolation_duration: 1}
$data merge entity $(bone_right_leg_left_under) {transformation: [-1f,0f,0f,-0.5625f,0f,0.9511f,0.309f,-1.0412f,0f,0.309f,-0.9511f,-1.3186f,0f,0f,0f,1f],start_interpolation: 0,interpolation_duration: 1}
$data merge entity $(bone_rear_leg_right) {transformation: [-1f,0f,0f,-0.4687f,0f,0.9511f,0.309f,-0.475f,0f,0.309f,-0.9511f,-0.9375f,0f,0f,0f,1f],start_interpolation: 0,interpolation_duration: 1}
$data merge entity $(bone_tale) {transformation: [-1.2582f,-0.1297f,0.3877f,0f,0f,1.2546f,0.4198f,-0.1703f,-0.4088f,0.3992f,-1.1932f,-1.3828f,0f,0f,0f,1f],start_interpolation: 0,interpolation_duration: 1}
$data merge entity $(bone_rear_body) {transformation: [-1.1719f,0f,0f,0f,0f,1.1719f,0f,-0.4984f,0f,0f,-1.1719f,0.3516f,0f,0f,0f,1f],start_interpolation: 0,interpolation_duration: 1}
$data merge entity $(bone_head) {transformation: [-1f,0f,0f,-0.0156f,0f,0.9945f,-0.1045f,0.1017f,0f,-0.1045f,-0.9945f,1.1903f,0f,0f,0f,1f],start_interpolation: 0,interpolation_duration: 1}
$data merge entity $(bone_talon_left) {transformation: [-1.0104f,0f,0f,0.6152f,0f,0.6973f,-0.7312f,-1.4911f,0f,-0.7312f,-0.6973f,1.0072f,0f,0f,0f,1f],start_interpolation: 0,interpolation_duration: 1}
$data merge entity $(bone_front_leg_left_under) {transformation: [-1f,0f,0f,0.6006f,0f,0.8241f,-0.5664f,-1.0882f,0f,-0.5664f,-0.8241f,0.7659f,0f,0f,0f,1f],start_interpolation: 0,interpolation_duration: 1}
$data merge entity $(bone_front_leg_left) {transformation: [-1f,0f,0f,0.5625f,0f,0.9724f,-0.2334f,-0.4843f,0f,-0.2334f,-0.9724f,0.4702f,0f,0f,0f,1f],start_interpolation: 0,interpolation_duration: 1}
$data merge entity $(bone_talon_right) {transformation: [-1.0104f,0f,0f,-0.6299f,0f,0.6973f,-0.7312f,-1.4702f,0f,-0.7312f,-0.6973f,1.0042f,0f,0f,0f,1f],start_interpolation: 0,interpolation_duration: 1}
$data merge entity $(bone_front_leg_right_under) {transformation: [-1f,0f,0f,-0.5625f,0f,0.8241f,-0.5664f,-1.1005f,0f,-0.5664f,-0.8241f,0.7146f,0f,0f,0f,1f],start_interpolation: 0,interpolation_duration: 1}
$data merge entity $(bone_front_leg_right) {transformation: [-1f,0f,0f,-0.5625f,0f,0.9724f,-0.2334f,-0.4843f,0f,-0.2334f,-0.9724f,0.4702f,0f,0f,0f,1f],start_interpolation: 0,interpolation_duration: 1}
$data merge entity $(bone_front_body) {transformation: [-1f,0f,0f,0f,0f,0.9969f,0.0785f,-0.4984f,0f,0.0785f,-0.9969f,0.3516f,0f,0f,0f,1f],start_interpolation: 0,interpolation_duration: 1}