# This file was generated by Animated Java via MC-Build. It is not recommended to edit this file directly.
$data merge entity $(bone_rear_leg_right_under) {transformation: [-1f,0f,0f,0.4688f,0f,0.9945f,0.1045f,-1.0206f,0f,0.1045f,-0.9945f,-1.1926f,0f,0f,0f,1f],start_interpolation: 0,interpolation_duration: 1}
$data merge entity $(bone_rear_leg_left) {transformation: [-1f,0f,0f,0.4688f,0f,0.9945f,0.1045f,-0.3875f,0f,0.1045f,-0.9945f,-0.9375f,0f,0f,0f,1f],start_interpolation: 0,interpolation_duration: 1}
$data merge entity $(bone_right_leg_left_under) {transformation: [-1f,0f,0f,-0.5625f,0f,0.9945f,0.1045f,-1.0206f,0f,0.1045f,-0.9945f,-1.1926f,0f,0f,0f,1f],start_interpolation: 0,interpolation_duration: 1}
$data merge entity $(bone_rear_leg_right) {transformation: [-1f,0f,0f,-0.4687f,0f,0.9945f,0.1045f,-0.3875f,0f,0.1045f,-0.9945f,-0.9375f,0f,0f,0f,1f],start_interpolation: 0,interpolation_duration: 1}
$data merge entity $(bone_tale) {transformation: [-1.3157f,-0.0228f,0.1364f,0f,0f,1.3048f,0.2183f,-0.0828f,-0.1383f,0.2171f,-1.2976f,-1.3828f,0f,0f,0f,1f],start_interpolation: 0,interpolation_duration: 1}
$data merge entity $(bone_rear_body) {transformation: [-1.1719f,0f,0f,0f,0f,1.1719f,0f,-0.4109f,0f,0f,-1.1719f,0.3516f,0f,0f,0f,1f],start_interpolation: 0,interpolation_duration: 1}
$data merge entity $(bone_head) {transformation: [-1f,0f,0f,-0.0156f,0f,0.9969f,-0.0785f,0.1215f,0f,-0.0785f,-0.9969f,1.2348f,0f,0f,0f,1f],start_interpolation: 0,interpolation_duration: 1}
$data merge entity $(bone_talon_left) {transformation: [-1.0104f,0f,0f,0.6152f,0f,0.8945f,-0.4699f,-1.5093f,0f,-0.4699f,-0.8945f,0.7468f,0f,0f,0f,1f],start_interpolation: 0,interpolation_duration: 1}
$data merge entity $(bone_front_leg_left_under) {transformation: [-1f,0f,0f,0.6006f,0f,0.9135f,-0.4067f,-1.0691f,0f,-0.4067f,-0.9135f,0.5829f,0f,0f,0f,1f],start_interpolation: 0,interpolation_duration: 1}
$data merge entity $(bone_front_leg_left) {transformation: [-1f,0f,0f,0.5625f,0f,0.9986f,0.0523f,-0.4061f,0f,0.0523f,-0.9986f,0.471f,0f,0f,0f,1f],start_interpolation: 0,interpolation_duration: 1}
$data merge entity $(bone_talon_right) {transformation: [-1.0104f,0f,0f,-0.6299f,0f,0.8945f,-0.4699f,-1.4827f,0f,-0.4699f,-0.8945f,0.7477f,0f,0f,0f,1f],start_interpolation: 0,interpolation_duration: 1}
$data merge entity $(bone_front_leg_right_under) {transformation: [-1f,0f,0f,-0.5625f,0f,0.9135f,-0.4067f,-1.0664f,0f,-0.4067f,-0.9135f,0.5302f,0f,0f,0f,1f],start_interpolation: 0,interpolation_duration: 1}
$data merge entity $(bone_front_leg_right) {transformation: [-1f,0f,0f,-0.5625f,0f,0.9986f,0.0523f,-0.4061f,0f,0.0523f,-0.9986f,0.471f,0f,0f,0f,1f],start_interpolation: 0,interpolation_duration: 1}
$data merge entity $(bone_front_body) {transformation: [-1f,0f,0f,0f,0f,0.9877f,0.1564f,-0.4109f,0f,0.1564f,-0.9877f,0.3516f,0f,0f,0f,1f],start_interpolation: 0,interpolation_duration: 1}